/*--------------------------------*- C++ -*----------------------------------*\
| =========                 |                                                 |
| \\      /  F ield         | OpenFOAM: The Open Source CFD Toolbox           |
|  \\    /   O peration     | Version:  v1906                                 |
|   \\  /    A nd           | Web:      www.OpenFOAM.com                      |
|    \\/     M anipulation  |                                                 |
\*---------------------------------------------------------------------------*/
FoamFile
{
    version     2.0;
    format      ascii;
    class       regIOobject;
    location    "constant/polyMesh";
    object      faceZones;
}
// * * * * * * * * * * * * * * * * * * * * * * * * * * * * * * * * * * * * * //

1
(
peak
{
    type faceZone;
faceLabels      List<label> 
1455
(
8
69
76
90
92
127
156
157
164
169
174
185
186
199
200
202
216
222
238
249
253
266
278
282
292
296
316
324
325
331
340
342
345
346
382
383
389
444
452
460
463
498
556
578
579
587
613
615
616
635
648
668
684
691
722
745
755
756
778
791
792
810
821
864
870
873
906
908
941
942
954
960
975
991
993
999
1029
1030
1036
1041
1042
1043
1044
1053
1054
1055
1073
1101
1102
1116
1117
1121
1122
1139
1141
1142
1146
1154
1157
1158
1161
1162
1166
1169
1171
1177
1180
1186
1193
1194
1195
1202
1214
1215
1217
1218
1222
1225
1229
1230
1231
1232
1233
1235
1240
1241
1242
1243
1245
1247
1248
1250
1251
1253
1255
1256
1264
1267
1269
1274
1276
1277
1278
1279
1280
1282
1284
1288
1289
1294
1295
1296
1300
1306
1307
1315
1355
1370
1377
1383
1386
1411
1433
1437
1453
1456
1463
1466
1484
1487
1498
1508
1528
1535
1540
1547
1548
1553
1558
1568
1596
1597
1624
1651
1658
1671
1695
1722
1725
1732
1772
1814
1832
1881
1884
1918
1984
1990
1998
2053
2058
2078
2086
2089
2105
2109
2113
2153
2161
2165
2176
2182
2241
2264
2274
2292
2302
2325
2328
2344
2346
2350
2385
2409
2414
2423
2434
2435
2453
2462
2479
2480
2489
2497
2503
2515
2527
2534
2544
2547
2556
2559
2562
2584
2598
2609
2610
2614
2617
2621
2631
2636
2639
2640
2653
2656
2661
2675
2693
2694
2735
2740
2785
2805
2807
2812
2814
2815
2817
2824
2836
2843
2868
2875
2880
2881
2898
2914
2915
2918
2924
2942
2943
2988
3008
3010
3019
3026
3029
3054
3055
3068
3073
3077
3078
3090
3091
3111
3123
3129
3147
3166
3174
3184
3190
3192
3194
3231
3243
3248
3281
3292
3328
3333
3334
3339
3382
3387
3390
3396
3413
3424
3427
3430
3436
3438
3452
3458
3470
3479
3515
3521
3599
3602
3696
3712
3724
3726
3732
3773
3790
3812
3813
3855
3861
3864
3876
3878
3892
3919
3961
3999
4011
4034
4040
4043
4061
4069
4075
4076
4077
4078
4084
4104
4113
4117
4175
4176
4178
4193
4198
4201
4219
4262
4297
4300
4304
4308
4320
4344
4346
4347
4349
4350
4351
4374
4401
4402
4412
4420
4422
4429
4431
4436
4455
4467
4506
4536
4541
4588
4648
4649
4650
4657
4691
4700
4718
4729
4735
4748
4751
4753
4759
4768
4771
4773
4833
4836
4839
4859
4860
4866
4875
4877
4884
4898
4899
4910
4911
4926
4930
4948
4967
4982
4989
4995
5008
5030
5079
5091
5109
5121
5185
5205
5208
5210
5214
5253
5268
5273
5275
5316
5319
5326
5334
5338
5341
5350
5353
5374
5400
5411
5448
5450
5456
5460
5472
5477
5491
5498
5508
5511
5516
5519
5535
5539
5568
5569
5571
5595
5600
5615
5616
5628
5635
5641
5656
5665
5672
5673
5676
5677
5681
5685
5696
5704
5725
5727
5783
5793
5794
5809
5818
5859
5876
5897
5901
5903
5908
5909
5913
5916
5922
5937
5949
5953
5960
5961
5983
5986
6015
6045
6049
6063
6086
6102
6111
6130
6136
6149
6154
6155
6172
6207
6225
6302
6314
6318
6322
6323
6328
6332
6336
6337
6341
6345
6348
6349
6354
6367
6395
6412
6421
6437
6443
6447
6455
6459
6467
6471
6474
6491
6494
6499
6500
6502
6504
6515
6518
6520
6522
6528
6542
6543
6545
6554
6557
6561
6562
6569
6581
6585
6598
6621
6624
6631
6643
6650
6654
6661
6664
6667
6680
6695
6699
6712
6716
6724
6729
6752
6755
6757
6761
6767
6788
6793
6796
6798
6801
6805
6806
6814
6815
6836
6845
6858
6862
6865
6883
6892
6896
6907
6916
6922
6932
6933
6937
6939
6941
6948
6951
6967
6969
6971
6976
6977
6986
6987
6995
7020
7026
7027
7029
7034
7039
7041
7046
7050
7059
7074
7077
7080
7083
7086
7097
7101
7102
7105
7108
7109
7112
7124
7138
7144
7146
7155
7158
7165
7171
7173
7176
7184
7188
7191
7198
7204
7208
7216
7226
7237
7248
7252
7254
7258
7260
7270
7276
7278
7279
7284
7288
7292
7295
7307
7313
7335
7342
7346
7354
7359
7361
7366
7375
7382
7391
7393
7399
7425
7427
7434
7440
7450
7451
7476
7527
7573
7574
7591
7596
7598
7628
7629
7631
7634
7635
7643
7647
7656
7664
7671
7679
7698
7700
7706
7713
7749
7752
7764
7777
7785
7797
7798
7824
7826
7829
7831
7840
7843
7846
7851
7858
7868
7869
7871
7872
7891
7894
7903
7915
7920
7923
7935
7937
7940
7944
7950
7952
7953
7957
7964
7967
7973
7974
7980
7983
7987
7992
7993
8006
8007
8011
8013
8017
8023
8034
8039
8043
8045
8047
8049
8056
8058
8062
8067
8081
8085
8094
8106
8107
8109
8113
8120
8141
8164
8190
8232
8238
8240
8245
8250
8253
8254
8258
8270
8273
8284
8285
8287
8288
8291
8307
8325
8328
8331
8347
8350
8352
8365
8366
8368
8382
8384
8403
8423
8428
8434
8463
8466
8479
8507
8531
8533
8548
8549
8561
8583
8594
8600
8618
8619
8624
8645
8647
8656
8671
8672
8675
8684
8685
8703
8721
8722
8723
8724
8731
8732
8737
8739
8741
8760
8778
8784
8811
8815
8819
8820
8826
8842
8843
8856
8860
8863
8869
8886
8888
8900
8905
8922
8923
8946
8953
8984
8991
9010
9039
9043
9044
9046
9048
9050
9052
9057
9058
9062
9064
9072
9079
9085
9090
9091
9092
9103
9106
9123
9130
9134
9172
9207
9220
9230
9233
9235
9236
9239
9258
9259
9279
9281
9283
9287
9291
9292
9294
9296
9297
9305
9330
9332
9337
9360
9362
9369
9377
9390
9401
9429
9446
9455
9473
9489
9496
9498
9499
9500
9501
9511
9526
9531
9532
9535
9538
9543
9549
9552
9570
9573
9574
9577
9578
9583
9584
9586
9589
9594
9595
9597
9598
9601
9602
9603
9605
9606
9607
9608
9609
9610
9613
9614
9616
9620
9621
9622
9626
9627
9630
9632
9633
9641
9655
9671
9695
9699
9724
9740
9744
9756
9787
9792
9798
9804
9805
9822
9829
9844
9851
9868
9878
9896
9903
9906
9920
9926
9929
9933
9954
9961
9971
9995
10001
10005
10025
10029
10042
10052
10064
10073
10088
10091
10094
10099
10100
10112
10117
10137
10159
10169
10198
10212
10222
10276
10280
10282
10287
10294
10307
10326
10362
10370
10385
10391
10407
10419
10434
10462
10477
10559
10592
10611
10615
10616
10621
10628
10632
10645
10658
10693
10703
10704
10728
10731
10742
10805
10880
10884
10892
10901
10946
10965
11003
11013
11019
11035
11068
11083
11092
11096
11110
11160
11178
11187
11212
11238
11248
11253
11265
11270
11283
11289
11296
11303
11313
11398
11413
11415
11471
11474
11478
11479
11482
11486
11501
11504
11534
11539
11546
11552
11559
11581
11590
11601
11612
11634
11637
11648
11676
11682
11685
11700
11705
11708
11711
11713
11727
11753
11767
11775
11781
11787
11799
11809
11841
11912
11930
11943
11947
11948
11959
11995
12034
12060
12074
12083
12091
12095
12114
12144
12151
12155
12159
12163
12171
12174
12178
12227
12247
12249
12285
12291
12297
12316
12321
12326
12327
12328
12333
12344
12347
12349
12363
12367
12370
12377
12384
12392
12397
12406
12416
12423
12436
12444
12448
12453
12459
12466
12470
12475
12478
12482
12485
12496
12501
12505
12508
12512
12518
12520
12523
12524
12527
12530
12533
12538
12549
12551
12554
12556
12564
12570
12575
12578
12581
12590
12592
12596
12599
12601
12602
12605
12606
12611
12616
12619
12623
12629
12634
12636
12642
12649
12653
12655
12658
12669
12675
12684
12688
12689
12690
12691
12694
12700
12710
12717
12732
12735
12736
12737
12739
12742
12753
12764
12766
12768
12770
12773
12777
12778
12794
12795
12827
12828
12848
12859
12861
12864
12866
12873
12874
12875
12877
12879
12880
12883
12886
12896
12912
12931
12951
12957
12962
12963
12965
12992
12993
12994
12998
13000
13004
13005
13006
13007
13012
13013
13020
13033
13076
13100
13189
13196
13234
13249
13354
13429
13499
13500
13516
13534
13553
13567
13654
13664
13778
13815
13840
13842
13863
13882
13883
13888
14020
14125
14162
14204
14206
14219
14238
14264
14425
14436
14463
14502
14546
14558
14623
14625
14664
14681
14683
14726
14781
14814
14850
14867
14877
14917
14950
14959
15013
15066
15135
15148
15170
15176
15233
15255
15280
15284
15316
15323
15328
15374
15379
15384
15404
15426
15471
15487
15490
15518
15532
15533
16738
16749
16768
16770
16775
16783
16793
16796
16799
16806
16808
16822
16825
16837
16844
16899
16938
16946
16950
16958
16986
16988
17053
17072
17085
17122
17128
17179
17186
17209
17212
17220
17221
17229
17230
17241
17248
17254
17256
17264
17295
17301
17302
17312
17355
17373
17379
17448
17454
17466
17520
17550
17574
17588
17601
17604
17641
17650
17664
17665
17674
17683
17689
17691
17707
)
;
flipMap         List<bool> 
1455
(
0
0
0
0
0
0
0
0
0
0
0
0
0
0
0
0
0
0
0
0
0
0
0
0
0
0
0
0
0
0
0
0
0
0
0
0
0
0
0
0
0
0
0
0
0
0
0
0
0
0
0
0
0
0
0
0
0
0
0
0
0
0
0
0
0
0
0
0
0
0
0
0
0
0
0
0
0
0
0
0
0
0
0
0
0
0
0
0
0
0
0
0
0
0
0
0
0
0
0
0
0
0
0
0
0
0
0
0
0
0
0
0
0
0
0
0
0
0
0
0
0
0
0
0
0
0
0
0
0
0
0
0
0
0
0
0
0
0
0
0
0
0
0
0
0
0
0
0
0
0
0
0
0
0
0
0
0
0
0
0
0
0
0
0
0
0
0
0
0
0
0
0
0
0
0
0
0
0
0
0
0
0
0
0
0
0
0
0
0
0
0
0
0
0
0
0
0
0
0
0
0
0
0
0
0
0
0
0
0
0
0
0
0
0
0
0
0
0
0
0
0
0
0
0
0
0
0
0
0
0
0
0
0
0
0
0
0
0
0
0
0
0
0
0
0
0
0
0
0
0
0
0
0
0
0
0
0
0
0
0
0
0
0
0
0
0
0
0
0
0
0
0
0
0
0
0
0
0
0
0
0
0
0
0
0
0
0
0
0
0
0
0
0
0
0
0
0
0
0
0
0
0
0
0
0
0
0
0
0
0
0
0
0
0
0
0
0
0
0
0
0
0
0
0
0
0
0
0
0
0
0
0
0
0
0
0
0
0
0
0
0
0
0
0
0
0
0
0
0
0
0
0
0
0
0
0
0
0
0
0
0
0
0
0
0
0
0
0
0
0
0
0
0
0
0
0
0
0
0
0
0
0
0
0
0
0
0
0
0
0
0
0
0
0
0
0
0
0
0
0
0
0
0
0
0
0
0
0
0
0
0
0
0
0
0
0
0
0
0
0
0
0
0
0
0
0
0
0
0
0
0
0
0
0
0
0
0
0
0
0
0
0
0
0
0
0
0
0
0
0
0
0
0
0
0
0
0
0
0
0
0
0
0
0
0
0
0
0
0
0
0
0
0
0
0
0
0
0
0
0
0
0
0
0
0
0
0
0
0
0
0
0
0
0
0
0
0
0
0
0
0
0
0
0
0
0
0
0
0
0
0
0
0
0
0
0
0
0
0
0
0
0
0
0
0
0
0
0
0
0
0
0
0
0
0
0
0
0
0
0
0
0
0
0
0
0
0
0
0
0
0
0
0
0
0
0
0
0
0
0
0
0
0
0
0
0
0
0
0
0
0
0
0
0
0
0
0
0
0
0
0
0
0
0
0
0
0
0
0
0
0
0
0
0
0
0
0
0
0
0
0
0
0
0
0
0
0
0
0
0
0
0
0
0
0
0
0
0
0
0
0
0
0
0
0
0
0
0
0
0
0
0
0
0
0
0
0
0
0
0
0
0
0
0
0
0
0
0
0
0
0
0
0
0
0
0
0
0
0
0
0
0
0
0
0
0
0
0
0
0
0
0
0
0
0
0
0
0
0
0
0
0
0
0
0
0
0
0
0
0
0
0
0
0
0
0
0
0
0
0
0
0
0
0
0
0
0
0
0
0
0
0
0
0
0
0
0
0
0
0
0
0
0
0
0
0
0
0
0
0
0
0
0
0
0
0
0
0
0
0
0
0
0
0
0
0
0
0
0
0
0
0
0
0
0
0
0
0
0
0
0
0
0
0
0
0
0
0
0
0
0
0
0
0
0
0
0
0
0
0
0
0
0
0
0
0
0
0
0
0
0
0
0
0
0
0
0
0
0
0
0
0
0
0
0
0
0
0
0
0
0
0
0
0
0
0
0
0
0
0
0
0
0
0
0
0
0
0
0
0
0
0
0
0
0
0
0
0
0
0
0
0
0
0
0
0
0
0
0
0
0
0
0
0
0
0
0
0
0
0
0
0
0
0
0
0
0
0
0
0
0
0
0
0
0
0
0
0
0
0
0
0
0
0
0
0
0
0
0
0
0
0
0
0
0
0
0
0
0
0
0
0
0
0
0
0
0
0
0
0
0
0
0
0
0
0
0
0
0
0
0
0
0
0
0
0
0
0
0
0
0
0
0
0
0
0
0
0
0
0
0
0
0
0
0
0
0
0
0
0
0
0
0
0
0
0
0
0
0
0
0
0
0
0
0
0
0
0
0
0
0
0
0
0
0
0
0
0
0
0
0
0
0
0
0
0
0
0
0
0
0
0
0
0
0
0
0
0
0
0
0
0
0
0
0
0
0
0
0
0
0
0
0
0
0
0
0
0
0
0
0
0
0
0
0
0
0
0
0
0
0
0
0
0
0
0
0
0
0
0
0
0
0
0
0
0
0
0
0
0
0
0
0
0
0
0
0
0
0
0
0
0
0
0
0
0
0
0
0
0
0
0
0
0
0
0
0
0
0
0
0
0
0
0
0
0
0
0
0
0
0
0
0
0
0
0
0
0
0
0
0
0
0
0
0
0
0
0
0
0
0
0
0
0
0
0
0
0
0
0
0
0
0
0
0
0
0
0
0
0
0
0
0
0
0
0
0
0
0
0
0
0
0
0
0
0
0
0
0
0
0
0
0
0
0
0
0
0
0
0
0
0
0
0
0
0
0
0
0
0
0
0
0
0
0
0
0
0
0
0
0
0
0
0
0
0
0
0
0
0
0
0
0
0
0
0
0
0
0
0
0
0
0
0
0
0
0
0
0
0
0
0
0
0
0
0
0
0
0
0
0
0
0
0
0
0
0
0
0
0
0
0
0
0
0
0
0
0
0
0
0
0
0
0
0
0
0
0
0
0
0
0
0
0
0
0
0
0
0
0
0
0
0
0
0
0
0
0
0
0
0
0
0
0
0
0
0
0
0
0
0
0
0
0
0
0
0
0
0
0
0
0
0
0
0
0
0
0
0
0
0
0
0
0
0
0
0
0
0
0
0
0
0
0
0
0
0
0
0
0
0
0
0
0
0
0
0
0
0
0
0
0
0
0
0
0
0
0
0
0
0
0
0
0
0
0
0
0
0
0
0
0
0
0
0
0
0
0
0
0
0
0
0
0
0
0
0
0
0
0
0
0
0
0
0
0
0
0
0
0
0
0
0
0
0
0
0
0
0
0
1
1
0
1
1
0
0
1
1
1
0
1
0
0
1
1
1
1
1
1
1
1
1
0
1
1
1
0
0
0
0
0
0
1
0
0
0
1
1
1
1
1
1
1
0
0
1
0
1
0
1
1
0
0
0
1
0
0
0
0
0
0
0
0
0
)
;
}
)

// ************************************************************************* //
