/*--------------------------------*- C++ -*----------------------------------*\
| =========                 |                                                 |
| \\      /  F ield         | OpenFOAM: The Open Source CFD Toolbox           |
|  \\    /   O peration     | Version:  v1906                                 |
|   \\  /    A nd           | Web:      www.OpenFOAM.com                      |
|    \\/     M anipulation  |                                                 |
\*---------------------------------------------------------------------------*/
FoamFile
{
    version     2.0;
    format      ascii;
    class       vectorField;
    location    "constant/polyMesh";
    object      points;
}
// * * * * * * * * * * * * * * * * * * * * * * * * * * * * * * * * * * * * * //


1884
(
(0.9999999999999996 2.273736754432321e-15 -0.5)
(0.9999999999999996 2.273736754432321e-15 0)
(0.9999999999999996 2.273736754432321e-15 0.2)
(0.9999999999999996 2.273736754432321e-15 0.5)
(-3.885780586188048e-16 2.273736754432321e-15 -0.5)
(-3.885780586188048e-16 2.273736754432321e-15 0)
(-3.885780586188048e-16 2.273736754432321e-15 0.2)
(-3.885780586188048e-16 2.273736754432321e-15 0.5)
(1.764308 0.5387290000000022 0.2)
(2.08767 0.7756010000000022 0.2)
(2.454092 1.581134000000002 0.2)
(2.556852999999999 1.940582000000002 0.2)
(2.310534 2.367161000000002 0.2)
(2.48 2.560000000000002 0.2)
(4.1 0.6000000000000022 0.2)
(3.799999999999999 0.6400000000000022 0.2)
(3.379999999999999 0.6200000000000022 0.2)
(3.04 0.5000000000000022 0.2)
(2.72 0.4200000000000023 0.2)
(2.359999999999999 0.4600000000000023 0.2)
(0.8599999999999997 2.360000000000002 0.2)
(0.4599999999999996 2.060000000000002 0.2)
(1.764308 0.5387290000000022 0.5)
(2.08767 0.7756010000000022 0.5)
(2.454092 1.581134000000002 0.5)
(2.556852999999999 1.940582000000002 0.5)
(2.310534 2.367161000000002 0.5)
(0.8599999999999997 2.360000000000002 0.5)
(-3.885780586188048e-16 1.660000000000002 0.5)
(1.48 0.2800000000000023 0.5)
(2.027419 0.3514960000000023 0.2)
(-3.885780586188048e-16 1.660000000000002 0.2)
(4.1 0.6000000000000022 0)
(3.799999999999999 0.6400000000000022 0)
(3.379999999999999 0.6200000000000022 0)
(3.04 0.5000000000000022 0)
(2.72 0.4200000000000023 0)
(2.359999999999999 0.4600000000000023 0)
(2.027419 0.3514960000000023 0)
(0.4599999999999996 2.060000000000002 0)
(0.3403909999999996 0.1263910000000023 0.5)
(1.48 0.2800000000000023 0.2)
(1.764308 0.5387290000000022 0)
(2.08767 0.7756010000000022 0)
(2.454092 1.581134000000002 0)
(2.556852999999999 1.940582000000002 0)
(2.310534 2.367161000000002 0)
(-3.885780586188048e-16 1.660000000000002 0)
(0.8599999999999997 2.360000000000002 0)
(1.48 0.2800000000000023 0)
(0.3403909999999996 0.1263910000000023 0.2)
(1.48 0.2800000000000023 -0.5)
(1.764308 0.5387290000000022 -0.5)
(2.08767 0.7756010000000022 -0.5)
(2.454092 1.581134000000002 -0.5)
(2.556852999999999 1.940582000000002 -0.5)
(2.310534 2.367161000000002 -0.5)
(0.8599999999999997 2.360000000000002 -0.5)
(-3.885780586188048e-16 1.660000000000002 -0.5)
(0.3403909999999996 0.1263910000000023 0)
(0.3403909999999996 0.1263910000000023 -0.5)
(0.9999999999999996 2.273736754432321e-15 -0.2037997670363242)
(-3.885780586188048e-16 2.273736754432321e-15 -0.203799767034081)
(0.9094146179629374 2.371859508311107 0.2)
(0.9624887105882589 2.384597290541184 0.2)
(1.014075098891421 2.396978023733943 0.2)
(1.069770024846182 2.410344805963086 0.2)
(1.121198392470436 2.422687614192907 0.2)
(1.175543300310086 2.435730392074423 0.2)
(0.9057695193079871 2.375256506435998 0.2)
(0.954447228150998 2.391482409383668 0.2)
(1.00225509422621 2.407418364742072 0.2)
(1.065010417566456 2.428336805855488 0.2)
(0.1543189036158839 1.785608409919908 0.2)
(0.3127827229308733 1.914590588432109 0.2)
(0.4814952089768449 2.051914704981156 0.2)
(0.6390096376435199 2.180124123663333 0.2)
(0.7413887572287042 2.263455965186157 0.2)
(0.81113824038361 2.320228800312243 0.2)
(0.6235596991944434 2.182669774395835 0.2)
(0.7365581396886828 2.267418604766514 0.2)
(0.8094371708111044 2.322077878108331 0.2)
(0.1469923840147667 1.787819464360669 0.2)
(0.2997189750819044 1.920625195723398 0.2)
(1.924157804603372 0.6558235965079715 0.2)
(2.362066708661139 1.378827891174477 0.2)
(2.27135601000126 1.179411750157868 0.2)
(2.175815840370901 0.9693786204253407 0.2)
(2.331351701610965 1.311304784553839 0.5)
(2.209840235414208 1.044177003198265 0.5)
(2.507851420177937 1.769179231791435 0.2)
(2.434449772030564 2.152561776566056 0.2)
(2.435144073674137 2.151359374393209 0.5)
(2.120685193527317 2.465276139479582 0.2)
(2.038943194573514 2.507520954064951 0.5)
(1.002857142857142 2.394285714285716 0.5)
(1.145714285714284 2.428571428571431 0.5)
(1.288571428571426 2.462857142857144 0.5)
(1.431428571428569 2.497142857142859 0.5)
(0.8599999999999997 2.360000000000002 0.2638999733146346)
(0.8599999999999997 2.360000000000002 0.3590145973181361)
(0.2496636778097202 1.863214621473031 0.5)
(0.4918316300068427 2.060328070935805 0.5)
(0.7144589756746387 2.241536375549127 0.5)
(1.629769049070942 0.4162944282154437 0.2)
(1.762013838114519 0.3168325932600748 0.2)
(2.531694433110671 0.4409228407654832 0.2)
(3.218304807247065 0.5629311084401432 0.2)
(3.589570158674648 0.6299795313654617 0.2)
(-3.885780586188048e-16 0.1955098136192324 0.2)
(-3.885780586188048e-16 0.3909729495829871 0.2)
(-3.885780586188048e-16 0.6089316742905562 0.2)
(-3.885780586188048e-16 0.8125874812536612 0.2)
(-3.885780586188048e-16 1.016243288216761 0.2)
(-3.885780586188048e-16 1.2235508230162 0.2)
(-3.885780586188048e-16 1.439818390417751 0.2)
(-3.885780586188048e-16 0.2766666666633178 0.5)
(-3.885780586188048e-16 0.5533333333266303 0.5)
(-3.885780586188048e-16 0.8299999999899504 0.5)
(-3.885780586188048e-16 1.106666666653272 0.5)
(-3.885780586188048e-16 1.383333333316594 0.5)
(3.590464580795989 0.6300221228950493 0)
(3.208173280951827 0.5593552756300589 0)
(2.87651090340972 0.4591277258524322 0)
(2.541023973999322 0.4398862251111887 0)
(2.201367033721468 0.4082462576843386 0)
(0.8599999999999997 2.360000000000002 0.05808315818989529)
(0.8599999999999997 2.360000000000002 0.1373529762236948)
(0.9058396974828713 2.375279899160959 0)
(0.9546097637064459 2.391536587902151 0)
(1.002465628750863 2.407488542916957 0)
(1.065335488677351 2.428445162892453 0)
(0.1512167108628515 1.791492792054656 0)
(0.3145541180510892 1.933525320044428 0)
(0.6251385287300493 2.183853896547539 0)
(0.7350698344809967 2.26630237586075 0)
(0.8084890814165309 2.321366811062401 0)
(1.238078922556015 0.1388793714910114 0.5)
(0.670195500006959 0.06319549999866872 0.5)
(1.243602479638961 0.1421014464560631 0.2)
(1.755353066918514 0.315962659082727 0)
(0.1656234505587473 0.06149784671031681 0.2)
(-3.885780586188048e-16 0.2066004696979203 0)
(-3.885780586188048e-16 0.4108401104527236 0)
(-3.885780586188048e-16 0.6294569539196654 0)
(-3.885780586188048e-16 0.8345945344560413 0)
(-3.885780586188048e-16 1.040084835318948 0)
(-3.885780586188048e-16 1.244643175975387 0)
(-3.885780586188048e-16 1.464314111517673 0)
(2.120685193527317 2.465276139479582 5.551115123125783e-17)
(2.436654121676575 2.148744250237816 5.551115123125783e-17)
(2.504806727117605 1.75852919110333 0)
(2.366168912779491 1.387846074553391 0)
(2.277440843632402 1.192788496885395 0)
(2.179988573736515 0.9785518535450839 0)
(1.921569033140141 0.6539272466770134 0)
(1.622019220370462 0.4092418464033025 0)
(0.9088913796278917 2.371733931110696 0)
(0.9612768689642988 2.384306448551434 0)
(1.012257336455481 2.396541760749317 0)
(1.067346341598261 2.409763121983585 0)
(1.118168788410535 2.421960509218531 0)
(1.172403870299811 2.434976928871957 0)
(0.1553380228572609 1.786437925581494 5.551115123125783e-17)
(0.3216022985098941 1.921769312740614 5.551115123125783e-17)
(0.4728610338308425 2.044886888001852 5.551115123125783e-17)
(0.6349428199566083 2.176813923220498 5.551115123125783e-17)
(0.7408179451042907 2.262991350666286 5.551115123125783e-17)
(0.8106278485356485 2.319813365087159 5.551115123125783e-17)
(0.7850639748055256 0.04118497346209081 0.2)
(0.5710660363690898 0.08219019539951063 0.2)
(1.320021833201219 0.1866794027007134 0)
(1.167736692435023 0.09784640392043278 0)
(0.1712981707433888 0.06360493402712904 0)
(-3.885780586188048e-16 0.4214141782436712 -0.5)
(-3.885780586188048e-16 0.813684323312171 -0.5)
(-3.885780586188048e-16 1.235694973360706 -0.5)
(-3.885780586188048e-16 1.660000000000002 -0.18380338256678)
(1.48 0.2800000000000023 -0.2032250380026434)
(1.764308 0.5387290000000022 -0.2037997670396809)
(2.08767 0.7756010000000022 -0.206202987508018)
(2.273934335258505 1.185079876196817 -0.5)
(2.454092 1.581134000000002 -0.2097871224994028)
(2.556852999999999 1.940582000000002 -0.1910744370175019)
(2.310534 2.367161000000002 -0.2170684630675772)
(2.055418265623079 2.499006526589755 -0.5)
(1.06 2.408000000000002 -0.5)
(1.260000000000002 2.456000000000003 -0.5)
(1.460000000000001 2.504000000000002 -0.5)
(0.8599999999999997 2.360000000000002 -0.3111961755782108)
(0.8599999999999997 2.360000000000002 -0.1720094841995454)
(0.8599999999999997 2.360000000000002 -0.05865119330924923)
(0.3662261539610328 1.95809105554968 -0.5)
(0.6627277646261693 2.199429575858512 -0.5)
(0.7798007542884366 0.04219348563274857 0)
(0.5605395953349115 0.08420721974082623 0)
(0.3403909999999996 0.1263910000000023 -0.18380338256678)
(0.6887698259775761 0.05963637992336313 -0.5)
(-19.99999999999984 0 27.5)
(-9.99999999999957 0 27.5)
(7.140954494389007e-13 0 27.5)
(-19.99999999999984 0 -27.5)
(-9.99999999999957 0 -27.5)
(7.140954494389007e-13 0 -27.5)
(-30 0 -18.33333333333331)
(-30 0 -9.166666666666657)
(-30 0 3.055333763768431e-13)
(-30 0 9.166666666667297)
(-30 0 18.33333333333371)
(2.297086449208289 1.235976906960013 0.35327628993214)
(2.224957214039817 1.077409792559227 0.324981969150927)
(2.149195935385078 0.9108580842049576 0.3565034927409376)
(2.387076484095985 1.433808758686138 0.3577148814830839)
(2.389467944165576 2.230461991932385 0.3497481689053787)
(2.478844412823732 2.075678460723962 0.3446823129735821)
(0.9353665916651517 2.378087981999639 0.257916736327223)
(1.04658353960026 2.404780049504065 0.2405621687959272)
(1.136456699583666 2.426349607900082 0.2606029438827544)
(1.249400527756668 2.453456126661603 0.2557598160576946)
(1.054312530619716 2.406635007348734 0.3995170070910481)
(1.359932984635046 2.479983916312413 0.3918053911162334)
(0.9145563241737121 2.373093517801693 0.3209938216675192)
(0.994932311178499 2.392383754682842 0.2552582079746916)
(1.089631170897949 2.41511148101551 0.241875815924288)
(1.194616726256551 2.440308014301575 0.2587060644842929)
(1.23969440097405 2.451126656233774 0.3995882870004046)
(0.9431930572160829 2.379966333731862 0.404812257429267)
(1.278860317415971 2.460526476179835 0.324930262421273)
(1.220239708268475 2.446457529984436 0.3177656317455817)
(1.06814496721809 2.409954792132344 0.3006259837043948)
(1.150547756062615 2.42973146145503 0.3455889156971453)
(1.332803752294161 2.473472900550601 0.3035512047312425)
(0.9824677449451428 2.389392258786836 0.3244740642067407)
(0.6543524936044784 2.192612494794346 0.3440085139016915)
(0.7832098149963524 2.297496361043545 0.400706404075953)
(0.7904945504463536 2.303425796874941 0.293366885014116)
(2.66494477303064 2.176658044687782 0.2)
(2.712594409219364 1.787015340977968 0.2)
(2.653023876619168 1.590689214276878 0.2)
(2.570412867615372 1.385296465976489 0.2)
(2.471664383975143 1.189646707648353 0.2)
(2.365263444695625 1.000379183508836 0.2)
(2.284141880505369 0.7977321877550207 0.2)
(2.178881778453936 0.589634120852 0.2)
(2.626607500985766 0.6241253742596131 0.2)
(3.27534087797638 0.7759229154537346 0.2)
(3.711286302046873 0.8577697397508119 0.2)
(3.492454680608816 0.8188109834276069 0.2)
(3.948059875518146 0.8445507321311037 0.2)
(3.681154910636216 2.497212260786585 0.2)
(3.260549273835232 2.414380236531597 0.2)
(3.46129026076896 2.429620783269398 0.2)
(2.828234565712831 2.393429515316749 0.2)
(3.037060477828824 2.411134700856975 0.2)
(2.565219681928231 2.367177395778427 0.2)
(2.416039368290249 0.6172987223857938 0.2)
(2.844547356739268 0.6541477250043404 0.2)
(3.065840946303728 0.7192888192260316 0.2)
(2.78604644849132 1.995059136035529 0.2)
(2.808610666255925 1.39595720413569 0.2)
(2.716605585204759 1.148524067952059 0.2)
(2.901527485829367 0.9162061618082968 0.2)
(3.849836164152476 1.1300909202294 0.2)
(3.868552768559421 2.307466624390061 0.2)
(3.145058761188998 0.9656890562217479 0.2)
(2.492932276108694 0.814042259129965 0.2)
(2.909954343771743 2.206356442553837 0.2)
(4.119207197714036 1.095765272854232 0.2)
(3.569107267291632 1.122484757672196 0.2)
(2.701355255163003 0.8517166683463957 0.2)
(2.928035201542389 1.813592113660075 0.2)
(4.038525717068842 2.437451226778355 0.2)
(3.650437478904233 2.210795910163251 0.2)
(3.404553206155636 2.200537656072245 0.2)
(3.175625073976411 2.212888783094197 0.2)
(2.550063411153007 1.014055146901489 0.2)
(2.890993758064872 1.619471506970674 0.2)
(3.359359493950538 0.9808624629871558 0.2)
(3.09261479093022 1.451677189320558 0.2)
(3.052528689716885 1.993614109141388 0.2)
(3.731044634589175 1.490175763135466 0.2)
(3.914960427603497 1.9338989017381 0.2)
(3.541313964820287 1.867598879779922 0.2)
(2.975381617138103 1.18121878861131 0.2)
(3.275936513546608 1.208052929915786 0.2)
(3.179232595690931 1.731695860410077 0.2)
(4.059199610425066 1.470425688585146 0.2)
(3.418438084236379 1.493240658477597 0.2)
(4.11124123233782 2.185273524831187 0.2)
(3.291841631977207 1.998883043484429 0.2)
(0.9187991445663501 2.379599714855452 0.09646650012529175)
(0.9222381264016867 2.380746042133898 0.04181342282134103)
(1.027028938212876 2.415676312737628 0.06332417584385534)
(0.9768606783659779 2.398953559455328 0.1303124237774783)
(1.04165273186351 2.420550910621172 0.138604626651271)
(0.9220495566091765 2.380683185536395 0.1540878641019413)
(0.9709679120445266 2.396989304014844 0.05550394086831451)
(0.7959250603558032 2.311943795266855 0.1006102785129908)
(0.2621928819144184 1.572966664812694 0.5)
(0.7477194779762407 2.012066413120136 0.5)
(0.898862049830184 2.211531917336346 0.5)
(1.074886707850009 2.234723779388244 0.5)
(1.393451921569876 2.321043061785424 0.5)
(1.707840932945053 2.40716752523571 0.5)
(1.881512787777588 2.437103004902307 0.5)
(2.112628396774202 2.233058362459853 0.5)
(2.293807591978511 1.917112878958551 0.5)
(2.016021662286404 1.300989531375267 0.5)
(1.889720974053919 0.9552932927203824 0.5)
(1.469809043709573 0.5808504847965091 0.5)
(0.9391191500187699 0.2734788291833248 0.5)
(0.6132580618504663 0.3641328574787184 0.5)
(0.2322555836778015 0.6907416493787141 0.5)
(0.2922956950133629 1.246153350964165 0.5)
(0.2951500650505923 0.4275934084951389 0.5)
(0.5281727447336219 1.794286242255208 0.5)
(1.242124636237512 2.279163819810858 0.5)
(1.551157045873968 2.371405009808107 0.5)
(1.199452598197253 0.4545593927993383 0.5)
(2.140847760439019 1.610834778549742 0.5)
(1.589593262914174 0.8859345560124066 0.5)
(0.2900358437065816 0.9551601965327863 0.5)
(1.683431463042805 2.234179414382877 0.5)
(0.9771736175715565 2.015477763182477 0.5)
(0.6314373988692797 1.051048305269964 0.5)
(1.526577604045421 2.164561084903407 0.5)
(0.5694489540651237 1.447953268219758 0.5)
(1.874853466820092 2.221840756959602 0.5)
(0.836566298130305 1.711043869544797 0.5)
(0.8854289484013572 0.6569034404479441 0.5)
(1.688468142518465 1.249862876065898 0.5)
(1.807049662467967 1.643319658188129 0.5)
(2.004124450847064 1.951871382546758 0.5)
(0.5204275965029611 0.6830197608247099 0.5)
(1.359186834138918 2.115597553406339 0.5)
(1.252838159662397 0.8143843918373987 0.5)
(1.174782375849349 2.065247152736538 0.5)
(1.52544681009785 1.908041436052393 0.5)
(1.357968735788952 1.153419578818501 0.5)
(1.125644299734386 1.796364501056849 0.5)
(1.748213133093121 2.023552849643534 0.5)
(1.427499806617227 1.582163973698267 0.5)
(1.316361871181545 1.902252385122595 0.5)
(0.8348324244605608 1.338781879389807 0.5)
(1.011171775175582 1.063292871342449 0.5)
(1.116441416166113 1.43432808203044 0.5)
(1.149457768317106 0.08718369818498126 0.3492251825788518)
(1.324684282981034 0.1893991650722723 0.3457730240309985)
(2.492870238237396 2.340510166186231 0)
(2.623475109955256 2.201287038433447 0)
(2.721027994780711 1.814634371716164 0)
(2.590124547355853 1.390524769464193 0)
(2.393178470283043 0.991167990150585 0)
(2.127595696612203 0.5682676450817701 0)
(2.694582236427609 0.5989947552326396 0)
(2.482826924056202 0.6049377316442848 0)
(2.891393796292984 0.6233938035960651 0)
(3.250556300592105 0.7653617123657002 0)
(3.049989777715963 0.7061662077902289 0)
(3.703079968898559 0.8260304291473717 0)
(3.479340562385281 0.8075443738458368 0)
(3.944872478139693 0.8182261723541959 0)
(4.176094799942726 0.8104737678841931 0)
(3.900777677227176 2.54769523040591 0)
(3.254800924639229 2.412884200284192 0)
(3.466091350825881 2.435423294911445 0)
(2.8230528135551 2.348580945973136 0)
(3.063353525936903 2.395470353273587 0)
(2.662491152160678 1.597491939003844 0)
(2.493579416308348 1.194671222803504 0)
(2.302793601464888 0.7290117442419772 0)
(1.923741217309835 0.4813488820168181 0)
(3.682260785766598 2.492146303541364 0)
(2.647677229036895 2.416310362130013 0)
(2.7597335605995 2.044047112633657 0)
(2.777317948490559 1.158870455691903 0)
(2.851465824046254 1.398200738468679 0)
(3.822077558093697 1.047434187352439 0)
(2.543512225707743 0.7976329461316429 0)
(3.568399947624707 1.036411743905217 0)
(4.073342167848545 1.05237439596271 0)
(2.914513457995451 1.650647036521725 0)
(2.600816472580401 1.008253050156405 0)
(3.413565464812465 2.201671481602191 0)
(3.642745037444621 2.222782634552474 0)
(3.847780133891526 2.28691258527981 0)
(3.318569345894936 1.012045233257339 0)
(2.799126969691107 0.8359665754655925 0)
(3.182652792820663 2.207882161237539 0)
(2.932862549903592 1.892998190675554 0)
(3.038616346595405 0.948111681443393 0)
(4.086541667565274 2.338987031423952 0)
(3.081091740000117 1.214503937632287 0)
(3.387366977525985 1.258915886682709 0)
(2.974262964825277 2.149890740098013 0)
(3.820904019770876 1.961091262824924 0)
(3.948212336676907 1.332660732670147 0)
(3.666531145243349 1.30603915756369 0)
(3.155307538483654 1.457639856564972 0)
(4.049405717391049 2.052102278829368 0)
(3.551485129509222 1.877178853692043 0)
(3.217246908568333 1.74092520075554 0)
(3.116013080078366 1.988192373879776 0)
(3.315359719581317 1.992593105436697 0)
(3.7662121293344 1.608123797217122 0)
(3.465461646003885 1.553206732432227 0)
(4.107594039200944 1.698278041261568 0)
(0.5738520556356282 0.08165635222709022 0.3470283790304587)
(0.8317855877243329 0.03223241008223855 0.3551261936265194)
(-3.885780586188048e-16 0.2646150599960598 -0.2396893174535008)
(-3.885780586188048e-16 0.5333922694444793 -0.2378935892695851)
(-3.885780586188048e-16 0.9644057108410764 -0.2313830378647008)
(-3.885780586188048e-16 1.175141015235579 -0.1895250530921543)
(-3.885780586188048e-16 1.403062362904961 -0.2238553699671543)
(-3.885780586188048e-16 0.748949942413332 -0.1910151147169515)
(1.62210604392111 0.4093208584973533 -0.2890657633929788)
(1.925506900524751 0.6568118482168582 -0.2875260679004696)
(2.334258504560202 1.31769502777097 -0.2300943939382576)
(2.212468989497738 1.049955990713119 -0.2262176726104048)
(2.419343333102354 2.178723337840489 -0.2323907256357435)
(2.131268973294667 2.459806370944355 -0.2582921284871706)
(2.026352224002791 2.514028052301081 -0.1096385635309791)
(1.164066521913878 2.432975965259333 -0.335253881899715)
(1.527920544661209 2.520300930718693 -0.3358895687072677)
(0.9284389326968203 2.376425343847239 -0.04675270024487627)
(0.9815199597163768 2.389164790331933 -0.04778991988125847)
(1.036907702194201 2.40245784852661 -0.04440701964781568)
(1.091617611523246 2.415588226765581 -0.04775560067177159)
(1.144688915029865 2.42832533960717 -0.05455792451766328)
(1.198823381081716 2.441317611459614 -0.05379863621052722)
(1.254638432171996 2.454713223721281 -0.05234927764836605)
(0.9913771618327525 2.391530518839863 -0.259969112950435)
(1.343537645277401 2.476049034866579 -0.3170941108224026)
(0.9443641659777869 2.380247399834671 -0.1221301582388906)
(1.060099533633117 2.40802388807195 -0.09324167919366938)
(1.110202102224424 2.420048504533864 -0.1161106710753722)
(1.171414907333482 2.434739577760038 -0.1239182934473655)
(1.008190121954642 2.395565629269116 -0.09561567953289363)
(1.234495632100644 2.449878951704157 -0.2015305369648228)
(1.037490081945878 2.402597619667013 -0.1613753968678744)
(1.123857751961898 2.423325860470858 -0.208712854789025)
(0.7709015336289133 2.287477992488653 -0.2866804004156541)
(0.2006556896071831 1.823324398517477 -0.2229894276156563)
(0.3791038843520769 1.968572929123786 -0.1764337897799084)
(0.5395419501535359 2.099162052450555 -0.2142147911036499)
(0.681553970974961 2.214753232188924 -0.1638176768673574)
(0.7852935091906241 2.299192391201673 -0.1078495750093643)
(1.241621342906883 0.1409457833623512 -0.2348846212871412)
(0.1679425236565516 0.06235894458865256 -0.2886202266441427)
(0.350306840473289 1.501975646017376 -0.5)
(0.6647232334171442 1.846168311795842 -0.5)
(0.8290563197602253 2.078632996097988 -0.5)
(1.025514210547288 2.148290136520486 -0.5)
(1.224376843223241 2.235898145924409 -0.5)
(1.432993020235244 2.294720132180132 -0.5)
(1.643543011766434 2.336696692738074 -0.5)
(1.848386749852186 2.401872998645765 -0.5)
(2.05280751432313 2.267771115509249 -0.5)
(2.173532683535018 1.931424440870151 -0.5)
(2.042622625512924 1.495245876115177 -0.5)
(1.786063982861722 1.035509877603956 -0.5)
(1.366802555796094 0.6947001407270186 -0.5)
(1.004890557087133 0.3664326802952707 -0.5)
(0.6233154342715784 0.4027496801992083 -0.5)
(0.3427351321658333 0.6144869100628294 -0.5)
(0.3745082907785304 1.054954827993826 -0.5)
(1.196981531603398 1.947490682990701 -0.5)
(1.395318467552017 2.077227443278863 -0.5)
(1.621736654959559 2.081250776862368 -0.5)
(1.856324962743477 2.135632201272021 -0.5)
(1.254511056993237 1.152202773467073 -0.5)
(0.8129968094574618 0.8428083687343724 -0.5)
(0.9451185818344963 1.839574508769859 -0.5)
(0.8069711957101838 1.393581936623714 -0.5)
(1.813685610617119 1.819562868678185 -0.5)
(1.609418415943958 1.445293846657582 -0.5)
(1.489495150234303 1.801123034706803 -0.5)
(1.211606543135388 1.564006201368862 -0.5)
(0.7645747074382067 0.04511102509544149 -0.2390879987863931)
(0.5444972321390982 0.08728117768664266 -0.2795271755763858)
(-16.49441611696039 8.533908788213527 27.5)
(-6.171780368781789 8.644712414916643 27.5)
(0.7407134714725051 0 -0.3827137816039631)
(1.301649633830983 0 -0.4022268298230374)
(1.255145254017361 0 -0.118872924469126)
(0.7985710832598483 0 0.120816698033935)
(1.248038898698379 0 0.1128720816674863)
(1.243218452378325 0 0.359076427502303)
(-0.335988664504779 0 -0.4506423632708585)
(0.2191401543047176 0 -0.3420539889135186)
(0.2138445889272145 0 -0.1005068556933921)
(-0.2170032245519779 0 0.1140752116171607)
(0.2072120961352935 0 0.1132362090929915)
(-0.2349875553298895 0 0.3787357636960459)
(0.2287582525839051 0 0.350065340682242)
(-13.26774345558724 0 -20.41744090828456)
(4.607733857370079 0 -19.79374022592602)
(-20.95341800870268 0 -15.49109472151447)
(-21.2568277031864 0 -6.312265662892962)
(-21.20159589133929 0 3.135809935744701)
(-20.62720839845504 0 13.21074252331204)
(-10.93553058688986 0 15.50545967718359)
(6.488588486354653 0 19.67306032787395)
(1.27407293891392 0 0.6770332064861242)
(0.7692829857753798 0 -0.1056866053072677)
(0.7923746367027822 0 0.3669630708220949)
(-0.346482518825577 0 -0.9204740065091281)
(0.1117943294937701 0 -1.118918135798012)
(-0.253130861302264 0 -0.13334952859807)
(-0.3270548548452758 0 0.6914827490998476)
(0.2441805045942532 0 0.6294414008478875)
(-4.358259082384452 0 -20.18579780426232)
(-2.253198372538609 0 19.02795278430189)
(1.042642708436273 0 0.8567218676041541)
(0.7678223147780273 0 0.6637841934720549)
(0.7557993052655315 0 -0.7281383521815387)
(1.393421631781073 0 -0.7773876948211783)
(-0.04774086332759322 0 0.8143096620654769)
(1.05444227446143 0 -0.9972387260949209)
(1.665496628729363 0 -0.5082406083064069)
(0.6243331169398151 0 0.2428351363927537)
(-0.7998793300952768 0 -0.6677498105203782)
(0.3942803799549205 0 -0.632940551036994)
(1.491120170302244 0 0.2336414276129996)
(0.5166402492680117 0 0.466770963011127)
(-0.4912566523108702 0 -0.001082965144982096)
(-9.899168301052741 0 -12.56181893124953)
(0.5092356548993221 0 -14.50566926590998)
(3.26484018477918 0 13.66145404334786)
(0.5879363091302647 0 0.03613790530372639)
(-0.618926830086966 0 0.5073474445631818)
(-14.21014898064458 0 -2.680058084149198)
(1.370088959974541 0 1.031327676651778)
(1.541404845827793 0 0.5041032270803053)
(0.4899013504765491 0 -0.2030590961373326)
(7.670499059838772 0 -12.30662267121235)
(-0.4691267067829557 0 -1.537318891909258)
(-0.485222624999536 0 0.2434258599860659)
(0.612870307482048 0 -1.09308758784465)
(1.488472326462321 0 -0.009736147344794019)
(0.02448103419276533 0 -1.912188695767856)
(0.5034373467507116 0 0.8146258191910408)
(-0.6684974143044329 0 -0.2585725074170231)
(0.2265538128259156 0 0.9388558732478101)
(-0.3776059504990646 0 1.055270459012032)
(1.592394144655909 0 0.8011697900804107)
(-0.735488719070562 0 0.8767079145945)
(-12.96406350160389 0 5.378958558309163)
(1.096911381610044 0 1.27944274187973)
(1.528044731883571 0 -1.326839876984621)
(-2.948275087652801 0 12.09327609566696)
(1.953103749790894 0 -0.963057324992293)
(1.503646598185499 0 -0.2373221000194887)
(0.3843554634885555 0 0.003635289384680065)
(0.4231150904507215 0 0.2037852951777516)
(-0.8656080421137097 0 -1.158800027028793)
(0.5119681146573498 0 -1.578249460938714)
(1.062891918493709 0 8.910936851004939)
(1.798840436579585 0 0.3454331837925756)
(0.7599517893492599 0 1.062605905025618)
(-0.02020833227380764 0 1.172673146795888)
(1.525970216525411 0 1.44673617748749)
(1.020686150671344 0 -1.540839135271326)
(-0.6562179908872438 0 -2.224391698984128)
(1.819880966979644 0 -0.1624833143489052)
(-0.8602098952757848 0 0.1175701552169667)
(0.03123215724645192 0 -2.653836608476896)
(0.7562986166650266 0 1.542401873986424)
(-1.491853158310816 0 -0.9490987210901258)
(-0.3414186970562073 0 1.489460898283658)
(-1.218909205409158 0 -1.667354727961265)
(-0.816039605267181 0 1.334873015187184)
(0.4061314957769644 0 1.254593131271411)
(1.876892290043375 0 0.6706905653964065)
(-1.090130309469267 0 0.5712876233217258)
(3.966337097291772 0 -8.450282089667352)
(-2.208544922997264 0 -10.14257101305615)
(1.726647983042488 0 0.1019028721033342)
(-1.165723027382668 0 -0.3006065811562128)
(2.123401254197595 0 -0.5075722445354101)
(2.210135448778428 0 -1.590828158291024)
(-3.199439088551693 0 6.882767056458729)
(6.015091527518923 0 8.984991411921492)
(-9.449925355315576 0 0.1130084597777381)
(1.157798063417942 0 1.753735076320468)
(1.600733120004399 0 -2.018380760379096)
(-7.145085594514979 0 4.044948066303899)
(1.885149818300921 0 1.113743677753801)
(0.07665916853135725 0 1.528443061999487)
(-1.276261117328734 0 1.07943605693541)
(3.655208633171088 0 6.09390773068151)
(3.527451454926401 0 -4.924343132473074)
(2.007000267669593 0 0.1221078224444424)
(0.7714328311420297 0 -2.256612526892779)
(-1.455284766652989 0 0.1523270107047709)
(-7.487109711049753 0 8.655094669424708)
(2.097818462550957 0 1.658315576069372)
(-1.815743041121564 0 -0.3083983129936808)
(0.8308247407078607 0 -3.314424016651892)
(-0.8295745435425103 0 -3.132855014357994)
(2.458394227343602 0 1.299665388896158)
(-2.119156673201894 0 -1.609362241180944)
(2.405902213543724 0 -2.484840305843814)
(0.3811406294321709 0 1.806242183668827)
(1.623745887538332 0 1.929928216085955)
(-1.583340780248484 0 -2.462699594330039)
(-0.7402290958003935 0 1.964962331498492)
(2.122105568915893 0 0.4387521336585514)
(0.5036589917694176 0 -6.345087591290958)
(3.102729827768845 0 -1.888915506315227)
(2.218044043875073 0 -0.1424354762571955)
(2.703617518861793 0 -0.9114013284242937)
(-4.091410878021664 0 3.158001589159729)
(1.672694679769493 0 -2.991309985810929)
(2.519328091254742 0 -0.3855954629947638)
(0.3416405052221589 0 6.043720719295832)
(-1.645604280080525 0 0.6615040227059378)
(-0.07509502733427093 0 -3.576861889350362)
(-0.1443171790882342 0 1.966240584222688)
(0.7815879365568263 0 2.169830016238449)
(-2.664450782993022 0 -7.136153486521267)
(-1.442554449551241 0 1.742451139777049)
(2.267015336849884 0 0.8471675754673714)
(3.506660709723966 0 -3.013617873964887)
(-5.347089369650337 0 0.9054616160559069)
(-2.453767505360601 0 -0.7064610170224862)
(3.563028869753704 0 -1.281038820537834)
(-2.310236415144963 0 0.25608443695245)
(-6.651461383489732 0 -1.559126417437039)
(-3.305270644698682 0 -1.414991355281519)
(2.754110249437928 0 0.9017288073853398)
(2.708267179694795 0 1.981681492318627)
(1.948652942552443 0 4.426561333540848)
(-1.745718651484193 0 4.191897194845491)
(-2.73604992514487 0 -2.577977327366251)
(2.352312803937303 0 0.1898423609117624)
(-0.4215417621896702 0 2.553803975508065)
(-2.112541058583665 0 1.247291482278186)
(-3.525968941067838 0 -0.09681594890937108)
(-7.272025662281031 0 -6.174968733270724)
(1.327714094732848 0 2.387564411095305)
(2.611825926888076 0 -0.04886760925798848)
(3.024409059671489 0 1.375321042217028)
(0.2868326861609035 0 2.470477584117698)
(4.093794477820459 0 -2.153052958202793)
(-0.7561543086528539 0 -4.483129660630642)
(2.550269103653709 0 -3.519341597644212)
(-1.800192564210155 0 -3.614536839725201)
(3.565088049251893 0 4.005840513997512)
(-1.276198471664346 0 2.617939077232669)
(0.2118675647246707 0 4.232744284589598)
(3.406714344846721 0 -0.6043825462807787)
(1.745064921818198 0 -4.412288306409421)
(-4.640998703039975 0 -2.920690524274252)
(2.064125113592062 0 2.46454868782378)
(0.5137641788504564 0 -4.544013118683216)
(3.4623335467993 0 2.035447111416955)
(-4.718332749663014 0 -0.9376437444168738)
(2.511082429808253 0 0.5297889897336001)
(0.1305513859792005 0 3.165131393232268)
(2.665902948673604 0 0.2442592367149201)
(-3.097359792878379 0 -3.913775076546141)
(-1.948066775157509 0 -5.263896208542721)
(3.306024693912838 0 0.7923389704393951)
(-4.160730994594856 0 -5.1740377644811)
(1.139086757414185 0 3.139609946669248)
(2.803694694056782 0 3.023275078189105)
(4.110357517908595 0 2.728438071124524)
(-3.31194845516233 0 1.259930708888622)
(-2.365850264784666 0 2.33714634709011)
(4.026980081235543 0 -0.7639793296994618)
(3.615931933146527 0 1.309817105477207)
(2.911170371860993 0 0.4868958093287841)
(3.848006870426888 0 -0.2210782286272364)
(2.964988404445767 0 0.08163608646031237)
(3.271772423441925 0 0.3030602944037435)
(4.339715440680098 0 -1.41226893840649)
(2.941415227509633 0 -0.2987759233231924)
(3.346415493693365 0 -0.07294634689432845)
(4.283384246265015 0 1.477861436758724)
(-0.6723987721190603 0 3.32305886140384)
(3.735821103267185 0 0.3066460698553825)
(4.395342193735472 0 0.5853532647514825)
(4.208142669690174 0 0.09323692324934281)
(3.8800273534174 0 0.859623567644334)
(-30 8.925787838787274 -14.20509937420213)
(-30 9.473548401163161 11.28126667508397)
(-30 8.290628960291148 -4.431857265059364)
(-13.65052023069931 7.990828211055727 -27.5)
(-4.682125703104333 8.522392700680451 -27.5)
(0.9416493584163685 0.1693709874051414 0)
(0.707177914774797 0.2376099161428957 0)
(0.4550240296874737 0.2897250365451034 0)
(1.278244675601274 0.3978168954459402 0)
(1.116832195910177 0.2884936809428378 0)
(1.604526880545288 0.6081561011391869 0)
(1.439629055040384 0.5047247269329305 0)
(1.925963171064475 0.9108275595301152 0)
(1.738481689237384 0.7614303940902509 0)
(2.225966234146127 1.560296519734441 0)
(2.134204792407107 1.370421224489767 0)
(2.053212521821244 1.150544530427065 0)
(2.35821188122956 1.962825824338666 0)
(2.300729049888546 1.759444582676583 0)
(2.222544626376549 2.194530620551518 0)
(0.8789490374087894 2.302684807122316 0)
(0.9407959845175853 2.329909278263771 0)
(0.9970702972421712 2.345563159117661 0)
(1.050554648246163 2.356315078401221 0)
(1.102685957848629 2.361992279920435 0)
(1.158846857601098 2.373978262822398 0)
(1.21336558850395 2.388688773256268 0)
(1.26570867679562 2.402844631261495 0)
(1.322909880406973 2.416306095618216 0)
(1.380127137250752 2.432387976284969 0)
(0.169398019699182 1.573570482444911 0)
(0.3487072849338686 1.699284250613148 0)
(0.5192921772933907 1.842686523987552 0)
(0.6652683949308926 1.979096264064182 0)
(0.8264670676771786 2.216940394969795 0)
(0.2172123668347039 0.2993442834629001 0)
(0.1518715011920184 0.5199892788997795 0)
(0.1652141300963255 0.715976825835926 0)
(0.1711553444240934 0.9239515081847283 0)
(0.1805189782118362 1.134009273863801 0)
(0.1805666290490686 1.353306342694687 0)
(2.033813157882903 2.245870912329719 0)
(0.7693725280058885 2.113738022755025 0)
(0.6253555194467264 0.4722570055034541 0)
(2.10593486638715 1.990533765846205 0)
(1.961911126135705 1.569717903127298 0)
(1.884835048434738 1.363385364802679 0)
(0.9296488624055179 2.273993744603092 0)
(0.3616509780448034 0.5483773317327363 0)
(0.9849352980776036 2.289421545064732 0)
(1.032737655790839 2.304066416031366 0)
(1.084302339934215 2.296894899288324 0)
(1.142572519736984 2.299776481008226 0)
(1.200816674239061 2.318320527581885 0)
(1.256658597998013 2.334147630332289 0)
(1.312908981386075 2.348393256517699 0)
(1.374058928146311 2.362911068365752 0)
(1.426819179396427 2.38485122771916 0)
(1.470876580935738 2.411997432453833 0)
(1.521793745885816 2.410152609825286 0)
(1.576789233606207 2.420036078605924 0)
(1.628451782714415 2.436354905003428 0)
(1.734416889549868 2.443294896071233 0)
(1.808728526207807 2.443331557187471 0)
(0.3663597577748803 1.475886277207334 0)
(1.822406599911089 1.135008086510058 0)
(0.5699036511809981 1.618986026904101 0)
(0.7518554838267484 1.768901698980113 0)
(0.8636234553902833 1.938751086667986 0)
(0.3328558238485666 0.7915363680731842 0)
(0.3692608631336567 0.9996657658588188 0)
(0.3747348754188211 1.228038767244575 0)
(0.878865960055192 0.3751561384319482 0)
(1.248434084344443 0.6610830571820729 0)
(1.646278242100072 1.001850944459068 0)
(1.4484500359685 0.8221820994053446 0)
(0.9027216121910566 2.211826358412699 0)
(1.9253309198543 2.402269960624141 0)
(2.083387245169352 1.743794775522103 0)
(1.911364935483228 2.078516070386208 0)
(0.9060140247677513 2.088848130607375 0)
(1.073435833050199 0.4991869796198731 0)
(1.885699547142774 2.260659160493655 0)
(1.784135031854609 2.338613030586211 0)
(1.042648122045898 1.695410282410442 0)
(1.753443793015974 2.179733154437487 0)
(1.596315750562453 1.303409247818366 0)
(1.093314557902538 1.939611506178106 0)
(1.038865806976602 2.229168301299001 0)
(1.115915205141864 2.204207135790587 0)
(1.19170120384618 2.220295369627091 0)
(1.246791791326715 2.25910647174634 0)
(1.310760833057755 2.254496565991314 0)
(1.370090527982131 2.287588096821807 0)
(1.437280751008418 2.295588667759812 0)
(1.492384168349902 2.346445579010321 0)
(1.561541298859201 2.33973817541565 0)
(1.621006530687604 2.370113858426898 0)
(1.689845729363739 2.381241793928287 0)
(0.8296961221223222 1.517488290458108 0)
(1.019318602932859 0.7577271158711052 0)
(0.5543290643787406 0.7840590381385582 0)
(0.8020593150451045 0.6346740638394857 0)
(0.5881183065965017 1.076550493134678 0)
(0.5997475612116112 1.350939928109336 0)
(0.9748051088890621 2.162079622437287 0)
(1.845012263253552 1.825253248170267 0)
(1.632922789093476 1.616706174905262 0)
(1.722304964716775 2.001599963971008 0)
(1.136814647744296 1.000016274685007 0)
(1.652481714724783 2.274314039538753 0)
(0.9660786329729216 2.228212109811783 0)
(1.098393267410272 1.362367532186575 0)
(0.8527974940731529 1.207884108110788 0)
(1.371020830475397 1.152274079277386 0)
(1.323041359899971 1.782454263567049 0)
(1.562887113215576 2.098895435508821 0)
(0.8096590077296204 0.9270060118392556 0)
(1.547971899021983 1.874921527329662 0)
(1.056076925367298 2.106895729818338 0)
(1.184532901769945 2.097988674261186 0)
(1.278872713579906 2.165639393187018 0)
(1.405806937463379 2.180255781403358 0)
(1.526091520342639 2.244635606396156 0)
(1.334508578835493 1.501656261708967 0)
(1.341226091283597 2.005260500804452 0)
(0.7985124409909543 2.309951986853105 0.1005717172511141)
(0.9290203256909558 2.376564878165832 0.04727019637736907)
(0.9834436485266862 2.389626475646407 0.04781669212946349)
(1.040527165396972 2.403326519695276 0.0483621919538777)
(1.091668797295708 2.415600511350972 0.04831773975264486)
(1.147598966928012 2.429023752062725 0.04845414331036058)
(1.198690805490194 2.441285793317649 0.04809352224461438)
(1.255688182196173 2.454965163727084 0.04794510266478491)
(1.308441791709171 2.467626030010203 0.04719162306872415)
(0.92989022278775 2.376773653469062 0.1530482600433409)
(1.040422466806722 2.403301392033616 0.1545079982696579)
(1.147768802667309 2.429064512640156 0.1546316659473002)
(0.9050606014787442 2.370814544354901 0.09812614813351495)
(1.09425471332199 2.41622113119728 0.1546425207919416)
(0.9858363597091683 2.390200726330203 0.1539179039893328)
(1.201025779160481 2.441846186998518 0.1545514817591754)
(1.067116543231862 2.409707970375649 0.1026929601607064)
(1.174500849404731 2.435480203857138 0.1026306012267569)
(1.282086732632447 2.46130081583179 0.1017994866407813)
(0.9578952268017888 2.383494854432432 0.1006244010028889)
(1.011615470884955 2.396387713012392 0.1028655368132001)
(1.226950817428248 2.448068196182782 0.1029466189549187)
(1.119658607193363 2.422318065726409 0.1033877257742646)
(2.027131140801711 2.513625502862983 0.09969371021926032)
(0.9480681896280441 0.1792332770300797 0.2)
(0.72093411889729 0.2482080013083277 0.2)
(0.4743536266138033 0.2963211855790484 0.2)
(1.289534811307036 0.3499808558157484 0.2)
(1.579296376982793 0.6508221588460603 0.2)
(1.416169813459523 0.4962869505981207 0.2)
(1.952042334883405 0.8968914355826976 0.2)
(1.753280171058173 0.7891508865857091 0.2)
(2.213161083758784 1.557495071148653 0.2)
(2.100938492238022 1.364277906083911 0.2)
(2.01999368558866 1.144935168049546 0.2)
(2.368379751409298 1.960363672791642 0.2)
(2.309300886366664 1.759614402771348 0.2)
(2.21131262495557 2.19178025315715 0.2)
(0.8847850898569574 2.317337882877315 0.2)
(0.9384450920662255 2.333074486151439 0.2)
(0.9956580983042471 2.343932358013202 0.2)
(1.048439004856506 2.351516611253773 0.2)
(1.10187254808352 2.360886158586335 0.2)
(1.158987466955055 2.375345886450067 0.2)
(1.213376949950013 2.391478787499159 0.2)
(1.265912307237047 2.405730456864026 0.2)
(1.318485134782121 2.419986236634728 0.2)
(1.37461072805416 2.432351404602975 0.2)
(0.1785965968856305 1.575726859545392 0.2)
(0.3529667221198007 1.706084492219939 0.2)
(0.5226814483696742 1.857479442502601 0.2)
(0.6494334142268521 1.996644241689713 0.2)
(0.7378260971072983 2.126683040743618 0.2)
(0.8171921982419379 2.18802488372143 0.2)
(0.2119628285145811 0.2966457306847021 0.2)
(0.1560057926482266 0.5001061295073206 0.2)
(0.1752075731127531 0.7060216871552094 0.2)
(0.1786654923252735 0.9117304045686863 0.2)
(0.1879164162056917 1.12108647524834 0.2)
(0.1881859613670702 1.340015272635213 0.2)
(2.009843701772856 2.280166639040691 0.2)
(0.6491485800574299 0.4913579208290362 0.2)
(1.107514811427395 0.3175627635491896 0.2)
(0.8296466272954266 2.019116698261491 0.2)
(1.890204953180011 1.642782016661321 0.2)
(2.165151820868336 1.951503327402837 0.2)
(1.802278837478598 1.365228440904218 0.2)
(0.3818853558900042 1.489456935235552 0.2)
(0.9255856080386886 2.282537146764123 0.2)
(0.9699018502859174 2.295581320842524 0.2)
(1.024526234458436 2.287499916851684 0.2)
(1.081107936892644 2.291703777262809 0.2)
(1.14001956548403 2.302121569756912 0.2)
(1.199913032333797 2.322234548312039 0.2)
(1.253172184931949 2.34198994751316 0.2)
(1.306369654150897 2.356308735814962 0.2)
(1.364185000497673 2.371576581085234 0.2)
(1.420738409861555 2.385733886232461 0.2)
(1.473999765213821 2.397377905180912 0.2)
(1.527370930486069 2.414337071486903 0.2)
(1.621162360666999 2.433128677579538 0.2)
(1.680223292435231 2.437869717713592 0.2)
(1.749343364045103 1.081240233188421 0.2)
(0.5793103723077602 1.642889366918818 0.2)
(0.7397540035781924 1.820654558227845 0.2)
(0.3756808952299897 0.5490964665323848 0.2)
(0.8795745679193239 2.243644385665613 0.2)
(0.34885504513292 0.7893258049541119 0.2)
(0.3855327733767515 0.9978530648610762 0.2)
(0.3921205792568099 1.223859954432237 0.2)
(0.8923652967202553 0.4107801206501429 0.2)
(0.9045057319804046 2.137105649763935 0.2)
(1.155550434173582 0.5526781543844992 0.2)
(1.506753506146455 0.9508508920962115 0.2)
(2.098579383830574 1.763084092584351 0.2)
(2.041595946333753 2.105618296642074 0.2)
(1.326421539131478 0.7622508197814866 0.2)
(1.872300462792199 2.146266702690263 0.2)
(1.860652395178283 2.302497070380152 0.2)
(0.9596151148269252 2.224940718774005 0.2)
(0.5836467899246847 0.7979009483652995 0.2)
(1.840738739200615 2.401539241928528 0.2)
(1.730889007259963 2.233678750702431 0.2)
(0.9928108401117299 2.13674185009149 0.2)
(1.044556843831424 2.21153380993562 0.2)
(1.119727088951623 2.212099395868435 0.2)
(1.187719875408542 2.234069016070381 0.2)
(1.24956198590059 2.260515937458436 0.2)
(1.297017005950874 2.293439269475797 0.2)
(1.355753291332091 2.289419454446556 0.2)
(1.408868356160878 2.319804078509895 0.2)
(1.471560755209554 2.319828690309924 0.2)
(1.534510126733357 2.340213393416787 0.2)
(1.587632431144971 2.378117199111895 0.2)
(1.664419523350775 2.357583554420833 0.2)
(1.755626535000447 2.372914505560739 0.2)
(1.456837000447207 1.336782445288886 0.2)
(0.6184219984341803 1.390575885263757 0.2)
(0.825491539705391 1.587542190827775 0.2)
(1.947424908697897 2.413940726587382 0.2)
(0.976201396484635 1.805175770970607 0.2)
(0.8541461643062638 0.6757927985711136 0.2)
(0.6138863211501189 1.095716465429287 0.2)
(1.939193787348108 1.92792632981815 0.2)
(1.08342878922494 0.8241996615703302 0.2)
(1.599201155088882 1.656760198969311 0.2)
(1.112806507188746 1.475500385146849 0.2)
(1.711506787872354 1.960117258431899 0.2)
(1.192876693203529 1.104302422253853 0.2)
(0.9853121059124987 2.014960391511239 0.2)
(1.085042304874567 2.101134053739886 0.2)
(1.182479806960918 2.119206149311351 0.2)
(1.25139600160744 2.17412146246034 0.2)
(1.329853702247282 2.197223737108671 0.2)
(1.437744330185083 2.219554512711569 0.2)
(1.526990794902239 2.249612865002491 0.2)
(1.612932318546392 2.276645551381089 0.2)
(0.8869430953313735 1.269293346570592 0.2)
(1.440394068537413 1.908023586457416 0.2)
(1.168772079667196 1.944662611589874 0.2)
(0.8526358699994123 0.9708365244665909 0.2)
(1.576311246885832 2.130028631856748 0.2)
(1.27547520945083 1.698415381458135 0.2)
(1.29349933120497 2.059490012079532 0.2)
(1.422131255074134 2.095947240102856 0.2)
(-4.112148740072402 2.969424022535009 -1.000727729547311)
(-8.316426986317554 5.654702763828547 -1.508577214594937)
(-15.36886009453639 6.513782866201821 -3.504956148460452)
(-23.58277495903457 7.483022725309677 2.364091785551112)
(-14.88656940226024 6.014216131135334 -10.4362038347461)
(-8.982876363577729 7.822439177198441 8.836368482635452)
(2.557521854005682 5.906838869040697 10.50328023267488)
(-16.58859985339485 6.794404442958191 2.791450298739818)
(-0.5531673217196992 2.466340631074113 -8.049174199201131)
(2.981066295339287 7.902028794500822 -19.6720426084534)
(-7.558272995319741 8.213647951134904 -14.31566567333138)
(-8.371578406151643 3.247651770582557 2.049447651827077)
(-11.80814145621593 4.932337681323636 2.441311031191547)
(-16.15150658481103 7.943240818120162 9.407811224891137)
(-9.996217779575597 7.883853804208601 17.64501049960949)
(-4.358713526227136 2.393541491235149 5.208995004235137)
(-4.762320493238931 4.106792162243346 9.170712931858084)
(-1.454986523501291 2.74112362989902 -0.2599944507249452)
(-1.687176399335662 2.54449228508717 0.9533663676135079)
(-4.552022347768135 2.624778247264325 -5.302063810307269)
(2.363060863004152 2.805558617999207 7.478645571489978)
(0.002676794051887894 2.695534297317435 -2.08742929209718)
(-0.7774806445733936 3.577983439474972 10.10308864147587)
(0.2037117122460474 0.6433116713516474 -2.33331879780305)
(4.545463114301269 4.04053806254322 -7.124009138972327)
(1.521218356229269 2.705245296297723 2.644578171392074)
(1.129322828175629 2.889191382600306 3.813755421530628)
(2.859626540139833 2.358863375198156 2.762258115747764)
(1.558126651546204 2.683499452596285 -2.044781503922212)
(1.858686316226453 2.863592206256895 -3.695698451202779)
(2.702407943050869 0.546780080673936 0.8211900649060049)
(3.11101842521846 2.619928580521043 5.47473499514335)
(2.502710583345248 0.4888295846260052 0.3869899081570828)
(3.604630692484999 0.5412783737095099 0.6461648581383472)
(-0.3347306200359982 2.34856977780559 2.421684934461847)
(3.111889407114919 2.436461198749237 -3.534057100988546)
(2.895984280828027 0.8483107024372553 1.302046047256616)
(1.801268746338072 0.5049256507022564 1.643967139445995)
(1.671593103248003 0.652436558099303 2.353151017592141)
(2.107933769403718 0.6964694639828448 -0.8943816112591698)
(2.229099469812151 0.3364582505547026 -0.6753437557362271)
(2.946034443394167 0.5517761303036424 -0.8023814978357338)
(3.589280569937456 0.7233531819770297 -0.9548777147433125)
(3.806043477634518 0.6891519850106317 -1.828990439034919)
(2.563975892650407 1.256654666150527 -0.7906399422859272)
(2.8277128871974 0.6457405687336343 -1.850023436841645)
(-1.331886962261422 3.133133511644427 -1.712613550903842)
(0.2293281464904179 3.157315809208825 -4.09431756577959)
(-0.6390154364835474 0.6398355098274621 0.4193675547337763)
(-1.590406820716244 0.6647697492266458 0.762825918459748)
(-4.166717767770512 2.625496382340366 1.19913151303931)
(-2.726716573362032 2.078072011804731 3.11730785651573)
(-0.2051985064371437 2.05806271581985 4.946059169230532)
(0.4194323303468077 0.4405772586234149 1.583262221055961)
(0.2513408901003196 0.5054176457476964 2.367183916068145)
(0.945312262581353 0.5305392737236051 1.718524788848492)
(1.95419495908985 1.422680939927366 -0.8916907537974461)
(0.9427440474798343 1.171367185174336 1.48994168507717)
(1.240428779972008 0.5139744274886091 -1.216623040163892)
(1.350511656278158 0.4693779070348875 -0.7880158990102373)
(1.741007865170291 1.400649806960959 1.372124980398428)
(1.849999426146941 0.4627143475304193 0.8258032239229739)
(1.66196956279894 0.2963381494811652 1.198467582959395)
(0.8090385664553229 0.8265829816096307 2.216561896661208)
(1.807176431177289 0.3017351819911076 -0.7785061321343317)
(2.672793301590742 0.9678526401508986 0.4154571256496324)
(3.804224389068546 1.271566469456157 0.5590989757055671)
(2.898435564095122 1.597587219201416 1.486541560420501)
(2.255992445478782 0.9741537020553952 0.8134499225780261)
(1.364778122172988 0.8338231985209451 0.8435192438441187)
(1.930533273785151 2.376159841541845 1.37029038616603)
(1.651291874882209 2.144924327145636 2.364573734868398)
(5.256738822355284 2.851807193351451 10.92273674379695)
(1.336746877960242 2.132730974840674 5.540208073079419)
(1.159197323036216 2.109680022254878 1.514543712918774)
(1.905285940750483 2.281727262342314 -0.9762104383397918)
(2.090455521386283 2.329288291362223 -1.651476210410043)
(4.378064309655538 2.279091583610326 -5.127646549547531)
(2.273578269532291 2.317052065458792 -6.728114063372304)
(3.008263894659287 2.956945364103856 -10.91933927928002)
(1.735988674845127 1.893096341918972 -4.881160708126143)
(1.690868068943998 1.241128434783988 0.8136788640363853)
(1.792404848502769 1.386186676390804 2.244059745786006)
(0.257661758875484 1.266763525440052 1.387696901734882)
(1.064962566184126 1.529199214104425 2.178817484324798)
(1.850786771830467 0.8383456906239821 0.8186994977850135)
(1.663158278322403 0.7553275427838004 1.215283047635324)
(2.557767464333112 0.4248455838779304 -0.3814812244521344)
(2.145392488123705 0.2916714738971173 0.8089534974253652)
(2.888450868624708 0.5046310744185665 0.4396050411250934)
(2.569343037423602 0.4149109950306837 1.126692417666543)
(2.778095931378497 0.6388780985944663 2.38945546415592)
(2.0904384787845 0.3141483824804493 1.246769061954919)
(3.108861373748954 0.8182832506081376 0.4298090474253544)
(2.682723986944202 0.8062913886179682 0.9331752631622106)
(2.139222915585621 1.272686345068771 0.7586473968102071)
(2.165829060510386 0.6878333289156892 1.197105621827379)
(2.965905547200206 1.041022763997985 0.9049062920635097)
(2.560937907756667 1.14081939956906 0.7994844700294692)
(2.691001841705202 1.305297685100874 1.151007220318999)
(3.508821118387285 1.351836070937887 1.614499667116943)
(2.945669238829436 2.387008409234445 1.544058452589588)
(2.719702612753038 1.381911918419796 2.150821677720028)
(2.496884169011897 0.9448095301760936 1.184029631879164)
(2.04107539981992 1.662627403802871 0.7969337738218831)
(2.156882720185335 1.273878620474525 1.144687820893359)
(2.100565286078615 0.9585389718027006 1.54624444208341)
(2.172867902536766 0.960021779334943 2.032794929323906)
(2.005496331098557 1.103832661408793 2.97547783816251)
(0.9675615865412582 0.8711867316246551 0.8541103777611307)
(1.236946337691978 1.444150055193528 0.827186766249895)
(1.345531839219608 0.3185083137202974 0.8037612747371204)
(1.142587169643024 0.7454147057930559 1.295646129802146)
(1.632253910222145 1.644076522460738 0.9007879380343301)
(1.482941311999583 1.019945832145874 1.757913521397301)
(2.989713362889318 0.4778450564099155 1.043788666086639)
(2.287126851898865 0.4231128464621034 1.803236577093721)
(3.407839468891216 1.342915107560238 -1.107152759697789)
(3.556354483305123 2.29635948861574 0.6984858767157351)
(2.548322945017627 2.242502779506544 -0.8763739959676462)
(2.930109249724715 1.269051000979946 -1.647518808317286)
(1.083682783748431 1.248767431344957 -0.8552732678154846)
(1.874457705687992 1.539145269732251 -1.679097491859532)
(2.148611820639004 1.1437709935197 -0.8516157655911512)
(2.964791417292607 1.779617405932491 0.5002040648942349)
(3.073615301554527 2.197014663543151 0.4242264963908489)
(3.460858705037455 2.496423361317848 1.592043525187567)
(2.531445975635503 1.481685562292205 0.7865842943274973)
(2.113692971322871 2.097127620516859 0.7982881740490618)
(2.043397068239556 2.097959798345519 1.332405897959763)
(1.952954421609208 1.80482473983078 1.134552752846171)
(2.980209007863394 1.085498384627325 0.4221416636397574)
(2.943105717234749 1.169773097997389 -0.2457555600544369)
(2.651376044388082 1.021288938166172 -0.343209786923613)
(3.39130194643474 1.203052654911171 0.4892510868653155)
(3.436481876353717 1.678308036038877 0.5587666925467748)
(3.016834531616028 1.599454368330495 0.9430816070106344)
(2.514079527010669 1.905162854794799 0.8228286642022278)
(2.502854775214106 1.672140092939996 1.129518414741582)
(3.386385905994711 1.665481556638471 1.238488944725274)
(3.550756621431484 1.274540237210287 2.391279115811355)
(5.042480513053334 2.421674875576879 6.046999994595395)
(3.805159800830495 2.26743835361947 2.336763184455883)
(3.122015343383282 1.993010864666892 0.7607616596661673)
(2.639173623501582 2.45523153486358 0.8702245204296531)
(2.461254812107428 2.115955312400029 1.248037829880319)
(2.337275542609464 1.708692189003846 1.571251602964502)
(2.791917907481968 1.307894067742357 3.249260529521802)
(2.387711232443644 1.497791510895635 4.513958542009747)
(-1.906921662035047 2.343354180324914 4.579823624639896)
(-7.526315141436357 4.296767991764664 5.178329702572314)
(1.547985078704126 2.142233928459708 0.956328037556584)
(3.388196811544196 1.295493351884115 0.9194412760715889)
(3.099983946541615 1.215118627171328 1.274062968641552)
(2.586110257061309 1.201924878953204 1.566010089949627)
(4.553786234951135 2.288839329194382 -1.424936161218876)
(4.538340996653096 1.77455650784017 -0.9122243675988317)
(3.462594180129201 2.460970609154161 -1.189769331556332)
(3.399517384531059 2.087704357201656 0.4637093396520324)
(3.509104734152646 2.197858545533945 -0.3061435019861063)
(3.429579244702896 2.186955852831602 -0.7237210079610187)
(3.729869967263808 2.301171110884019 -1.772388509244037)
(2.886215412400451 2.303051064616889 -1.756158449765011)
(3.518671365500121 1.572287959908424 -1.687435202440032)
(3.087701041381718 2.47919177501784 0.5078645796198868)
(3.105085933569442 2.468068214401272 -0.2132546588023138)
(2.888697329206433 1.64946022919591 -0.3033849203787766)
(2.995511726493931 2.127163367756071 -0.2934005632797598)
(3.053537629840311 2.291449153102974 -0.9760667590752976)
(1.280982301833895 2.018962792402144 -1.176975811312524)
(2.13610961323751 2.059719168893082 -0.8243176481425943)
(3.464814208854008 1.984743713082082 0.869379512283971)
(2.871905853851457 2.240006517248962 0.6989690367131863)
(2.996059735573927 2.076053439161456 1.167761962552163)
(2.611815727264796 2.572613394052897 1.275919332008926)
(2.537615548082293 2.411808207097788 1.785467743865158)
(1.057727057708125 1.911961550044999 0.7894980936090975)
(1.407028223459448 1.886371365548941 1.231982250486539)
(0.2866688264092348 2.097314953940703 1.246973446491837)
(0.4404700024479058 2.130116868284932 2.319085948485159)
(0.8095017904252083 2.795807026126815 2.172828502220554)
(1.7504537547633 2.474483122943147 0.8415114107148282)
(1.757782777350358 2.106094342023002 1.256581540313864)
(2.228429572174252 2.546108238933049 1.272815773617815)
(2.153977009567037 2.189938668949386 1.631698045606063)
(2.216987903766096 1.976665441354221 2.19099945311209)
(1.987522638774357 2.157603945727004 3.239188772531723)
(3.551125876632035 2.35485730762801 0.4314505242188662)
(-0.7189086583691601 2.129874493370484 -0.3769441118072646)
(-6.602039126990277 2.285533945818556 0.02206958861846055)
(-2.620610468098333 2.463320653195059 -3.958161716037417)
(-8.42752039763913 3.462289193059239 -4.669762964612773)
(-4.136106741860025 4.071919244046821 -8.620025952673389)
(0.4237669243383042 2.224898189823867 -0.8129712481583412)
(0.1967937574868678 2.129243428998566 -1.768096493027514)
(-0.02107416287525214 2.047440302028009 -5.295390311993483)
(-0.28311536988492 4.15999200151669 -11.11089721458732)
(-0.588196150095956 2.492314380850411 0.5376246553119038)
(1.277701898918576 2.424831603833621 -0.6745477734332324)
(1.154257031937944 2.355088192280503 -2.322467805648815)
(1.705887172440769 2.576089959081126 -0.6678373167077211)
(2.167731721278161 2.491771098524041 -0.7715879165029196)
(2.287429357120547 2.400171392970444 0.8026645314020955)
(3.355812200460325 2.331961300737498 1.029435596782328)
(2.987538047162315 2.590297704243269 1.124669347338012)
(1.236935814540047 2.572780790738114 0.7699277058873496)
(2.032742887652286 2.550634234985553 1.760107688080278)
(1.828431013710442 2.553689874261429 0.6963999647659365)
(0.8749930230345594 2.487258126887544 0.8029007134372422)
(1.317102751621217 2.447620192238178 1.302171375634156)
(1.65797834355243 2.309306391467404 1.610788832278949)
(0.1750541321230835 2.581603736129125 0.1148127364587797)
(-0.3914838444985655 2.328271312426103 0.1330729549042245)
(-0.5032659205834511 1.507501684060012 -0.04307256561278189)
(-0.7244196473970748 2.47838446373856 -1.224678326782642)
(-0.6333087681105671 1.349194809499741 0.6004256432221148)
(-0.7437770683169286 2.385218933165879 1.709831507626707)
(0.3459939713919503 1.315312127134697 -1.105523419135962)
(0.4650845979586247 2.577639671232893 -0.7768802439949583)
(1.001695396700787 2.531477408028 -0.704568327562477)
(0.7719485715121875 1.639081733186053 -0.9554667853689723)
(1.1012949989462 1.394279412505068 -1.662880963363454)
(-0.2744344710207463 1.386736510474582 -1.16097092902905)
(0.1079997940246077 0.3353147832260935 -0.8247504112771702)
(0.3895752032897007 1.367902290788761 -1.668759251443468)
(0.9145751533901412 2.005535406086344 0.9800431249086436)
(1.04251072012501 2.022693300200457 -0.8039596540679361)
(0.03811364036427847 2.449213899407316 0.4301084821101615)
(0.6554409325839271 2.43070486222532 1.249773285060348)
(0.9307112828777009 2.468154471329592 1.574322293890538)
(-0.02327261832398294 2.433424231156601 -0.3956724381734664)
(-0.322044560655966 1.680732613987234 -0.01961938046744059)
(-1.29185076432549 1.535910717610662 -0.02057635529863244)
(-0.5859067747414086 0.4507211081026957 -0.4029887549672322)
(-1.577409361787779 1.592620670238071 0.8091038274068917)
(-0.5569473708202525 1.000040196471726 1.595203169423239)
(0.3956440382799861 1.943059715522159 0.8686982445032003)
(0.1264949888916548 2.72316243486513 0.8944053055368448)
(0.8800684667384737 1.593558397148525 0.7649310286791786)
(-0.2890244088952107 2.043549581064112 0.4873448378599016)
(-0.01679974745741385 2.069486140165195 0.8563810126822995)
(0.5002207747408297 1.627600453347185 0.7485653049342684)
(0.5389235429238255 1.602369581591472 1.139445097954287)
(-0.002939496118518736 1.406100423336377 2.386222797032737)
(0.7002970115676446 2.416877457359197 0.6788635284719761)
(0.9927518586317435 2.291186800720417 2.869536576081751)
(-1.415839453546127 2.424050544416795 2.412537435853489)
(-5.64806203201603 2.703255737569544 2.749624722328103)
(-1.866816146835601 2.582185552228533 6.469486471689759)
(0.2162730373766474 2.037109049453441 3.276516401141129)
(0.9971655880021297 1.378345971769389 4.016947309130275)
(0.0111696466783762 1.981491216184446 7.438461285392011)
(-0.3902469727222534 2.411562699017813 0.9280730276451544)
(-0.2733519012294027 2.576177951882632 1.378098057783572)
(-1.415461424596548 2.189952993569979 1.562972289446016)
(0.2666082753236874 2.512646058281769 1.213400081460418)
(0.5230088891907629 2.449726293811872 1.718141242811574)
(0.7929859853747763 1.27074174530105 0.8728654124363998)
(0.974491188400906 1.715335313094981 1.18427246463616)
(0.650360714034645 1.978567708092453 1.633980810840779)
(0.9315431818298129 0.4199348105579488 0.8982916452004925)
(1.265154854273221 0.3586644575106878 1.157562261967359)
(-0.7652848203046706 1.729089890046792 -0.04203675695952894)
(-2.100441341396205 1.629258894361488 0.07248656188873336)
(-2.890062273222641 1.428364685131767 -0.08851799772010861)
(-5.338194780515283 2.363040583132098 -2.547361998398696)
(-1.615008439995734 0.5790657565283548 -0.02862325144239647)
(-1.224386912640614 1.511931838147781 -0.9687373041571941)
(-1.211546188990943 1.334573956444871 -1.804459576762404)
(-1.964757514259937 1.556136889579354 -5.554210837025279)
(-2.33223572692622 2.330303562321773 -0.364182023860474)
(-1.545209306178334 2.26076802196634 -1.235548524641268)
(-2.365374308835264 1.107344557164209 0.7899837240403301)
(-1.306101325238614 0.6442535375270803 1.594996648633821)
(-0.6586859272721522 1.281887321159208 0.1452699684972464)
(-0.3106406223758036 0.9352724172324239 -1.632481881050016e-05)
(-0.6755536615219491 0.5372685385587407 -0.9319709536492801)
(-0.4619721932636061 0.41504462532439 1.274699081209803)
(-0.3901933970072661 1.656563650581259 0.5515949482673046)
(-0.5029790872134376 1.751378914721164 -0.3533388128279856)
(-0.2695977350598074 1.694878409890108 -0.7004193214792106)
(-0.3341863791989371 1.318244021910559 -1.841835056913751)
(-0.6397354202766187 2.198068375092364 -1.93301899884976)
(0.1745113054833933 1.641011002577315 0.8010808846746877)
(0.1643274028305982 1.812955966034479 -0.9920199905372583)
(-0.3135822666043264 1.256991442461792 0.3825840888114782)
(-0.2451159159897721 1.179989890975166 -0.2942573702858902)
(0.03802182905599342 0.8205399799872946 -0.7635318694395027)
(0.2189905290753131 0.5209948991756016 -1.686397604566014)
(-1.472080329817173 0.6984492180258164 -1.008730304602014)
(-0.6346953886283682 0.5708419778740379 -1.718356364029437)
(0.2772579731514364 1.250387372286898 0.8302075757316199)
(0.06390323348907077 1.295016503260053 -0.8053942732165492)
(-0.5697948311515842 1.657584810976191 0.2756465271035074)
(-0.5191977148295389 1.514049588857949 1.13514694462044)
(0.05900260896389555 1.667877995665887 1.235754687007226)
(-0.2432020464488824 1.556753900480634 0.212124230383082)
(-1.034181995488854 2.13714281733929 0.0003051389457790115)
(-0.9820571149296925 1.70754051928666 -0.4124336217092701)
(-0.2135963040764278 2.040909882027039 -0.3791167202329954)
(-1.105560434806782 0.9641449750968195 -0.05928145098275239)
(-2.370805915953793 0.7107167411990597 -0.1016954330712028)
(-0.724681548584348 0.8976601578542337 0.0663768827428306)
(-0.6477463061246379 1.29605714774847 -0.3125012642688818)
(-0.3445513654474933 0.3833812028013871 0.04771276396807862)
(-0.3440114277766987 0.8583584276809667 0.5010529231737023)
(-0.3752575133237228 0.8490815463680956 -0.5682563540921221)
(-0.2966124767523708 1.080154824905186 0.8095878892056808)
(-0.3308967235910568 1.200554952381832 -0.7397272669726945)
(-1.015125881041668 1.696138650487671 0.3337415176302748)
(-1.223942726393193 2.089049785695134 0.5742305031657141)
(-2.63991105002227 2.290887553830869 0.595509027426677)
(-0.7077453844512703 2.047258447668064 0.4019635854500546)
(-0.8651621875797393 1.679164021849731 0.7588958390135597)
(-0.4101934638991533 1.957451633120582 0.8398294424995042)
(0.1018654307199246 0.8534415115593681 0.8113632839360598)
(-0.03818431071195094 0.9639549169700722 1.275784424258596)
(-0.4723454135520893 0.6358339774589407 2.456927221049297)
(-1.126962669748944 1.259869523631412 0.4900058383216583)
(-0.6516726233699779 0.9804552561747819 0.5121592744401336)
(-0.8986432389287478 1.034421589028127 0.9828245291769913)
(-0.3850321320927889 0.4178513590851307 0.5239234033103038)
(-0.3491146758779948 0.701965958909717 0.8414140693188167)
(-0.1581897651643461 1.459644666480823 0.8258146472164929)
(-0.122113803336316 1.470200460614905 1.63970152125022)
(0.2512946425058103 0.8713692477956021 3.191796210452603)
(-1.260391157230428 1.226986190355329 2.485524131187977)
(-0.6998156373608388 1.441817244727608 3.550987722691933)
(-1.125725513685431 1.473192349187984 1.444933445127811)
(-2.235230936541097 1.158227920365383 1.744717880140961)
(-2.470664480597676 2.091213239395901 1.512185337578274)
(-0.8935816734899403 2.142544716098714 1.062473103684925)
(-0.6838126618116299 1.778091246967738 1.823060375018564)
(-0.3321834101409997 2.017779539161049 1.327832522652654)
(0.5180387081243286 0.8235164919612481 0.7972560588278307)
(0.5533862236297225 0.8700900356772366 1.276637292442806)
(0.1164723782087135 0.4176558850074336 0.8977083631063264)
(0.1461165108283697 0.9645366125533608 1.835337327596239)
(1.724850786892395 1.672449619890836 -0.9176447473084954)
(1.751417617398699 2.027576913693079 -0.8410029224072332)
(1.409745794918951 2.018377235641587 -0.7773588254215059)
(1.881611895235245 2.00383864843336 -1.272467708207512)
(2.018241291752113 2.185906711739192 -2.52466872442673)
(3.064275063467952 2.447533720279171 -2.410803998380922)
(0.6803040513867008 2.309994849611946 -3.311430720101859)
(1.955245159213721 1.041023557454063 -3.300656149156136)
(2.00945304722707 3.377754840045981 -15.90972712412094)
(-3.068626903357349 4.021181576167827 -13.88834646664316)
(1.334049242381043 2.577392415995736 -1.168611513009911)
(0.5188493220529888 2.271775775536772 -2.369608076564796)
(1.205406515141956 1.512666402330325 -2.327099683914901)
(1.0077886027898 1.303262887062191 -3.589943931388978)
(1.784341129682985 2.508353935361574 -1.237938152215075)
(2.187254851839832 2.384551896732193 -1.124453908032075)
(2.244912083554839 1.618419201821503 -0.7786886353514035)
(2.594079572863592 2.509056628373895 -1.2919165360517)
(2.762112696833825 1.305501343656996 -2.464952469365346)
(3.067825249400118 1.104315448369643 -3.898763774044207)
(2.424268475079361 2.534809035406258 -0.2098554252471098)
(3.955044665952754 2.56634423705349 -0.2463160484988294)
(2.415026530782431 2.060856702338928 -1.260401593270805)
(2.673717947578075 1.752333325214409 -0.8999149312125905)
(2.148937406137392 1.631984126866694 -1.154781715371668)
(1.893863903931393 0.865107432797012 -2.319601936261969)
(1.078272128815831 0.6301678767464489 -1.792997855510239)
(4.189652496026506 2.798184131006489 1.698905890502745)
(3.820736871795777 2.42402807723985 0.3826801630846023)
(4.098095760947398 2.373026843043814 0.4938324291207524)
(4.289283283042475 2.247690784793814 -0.3297886064131744)
(4.308135489579553 1.511590323979434 -1.713477716393953)
(4.208239633832483 2.372095987429154 -2.553798289972703)
(3.86247725480954 2.267930631557373 -0.2306977265034653)
(3.882364630663266 2.396519215154649 -0.660258768901858)
(3.69287747354992 1.515722165607545 -2.639223535045915)
(3.60336490615424 2.739873797260927 -0.5789292002577788)
(2.811334252495349 2.2754138470538 -0.2372881175753779)
(2.924765022577393 2.584051292325476 -0.1687326181106176)
(2.685379620390216 2.521607083774489 -0.1928766995638371)
(2.61032095327753 2.52004247032275 -0.5135007602246184)
(2.886671454812884 2.568240947049547 -0.4031970461410647)
(2.876034338143674 2.61342578802472 -0.7711501532372689)
(2.974352812553874 1.955866152781977 -1.316612132809194)
(2.658691411818237 2.568396980873434 0.4922482571710908)
(3.634830644477916 3.011619996569481 2.974632911453027)
(3.654747357359263 2.523104008510045 -0.2237091885181588)
(3.819066383792094 1.725765131126093 -0.2802611388342774)
(3.888146275983278 2.737122674195415 -1.173527441587976)
(4.295172967631292 2.055255358544608 0.4612318143011686)
(3.947833254506608 1.715918044764693 0.4706555013753219)
(3.807637901758698 2.097664362690371 0.5072515158297187)
(3.836009958254064 2.257419781827905 0.8759546453016724)
(3.436573617620285 1.621220865010439 -0.3843962122446418)
(3.356059966660898 1.230143673632877 -0.291610924025449)
(3.227804570204278 1.715127770145582 -0.7726385534914356)
(3.468097296754841 1.88902967589398 -1.156505243788128)
(3.308365207574085 2.354699251009348 -0.1790581382438016)
(3.340199813336265 2.585998264944786 -0.2188498987594878)
(3.339783942213537 2.562446252714569 -0.5049696471215303)
(3.21739234699238 2.622912621716904 -0.7889467175158041)
(3.177849081244746 2.213350363642074 -0.1700197230640743)
(3.157435542029632 2.333343569817721 -0.4600474426904675)
(2.963034312251934 1.287964488415897 -0.6409435175549772)
(2.962496416083983 1.496639215470113 -1.155179040262286)
(2.614233205883436 2.970342322170132 4.063902498669414)
(4.175501031469896 2.429058440218117 0.8878250607557682)
(4.352483322222525 2.277909403586873 1.325593952573957)
(3.847833813229686 2.445961073825506 1.245309043514285)
(4.245955846330454 1.670688515346504 -0.3549500616172843)
(4.599779292865045 0.9609998460408187 -2.471645752543915)
(4.481962777865158 1.36700803369113 -3.61225761070331)
(3.561860694319142 2.586093420896559 0.8698369390109975)
(3.61472074873046 2.044396123759078 1.251052935274484)
(4.353330279663296 1.333495075544948 2.107107289943006)
(4.338535919312034 2.38340388919734 2.89656946872216)
(4.264921297543692 2.242238028907313 3.704274422797156)
(3.645318894178875 1.934680143638791 3.080431320113679)
(3.67851780843507 1.047234123189981 3.29300019026629)
(3.30794783879482 2.07145047555993 3.952390629406248)
(3.842102184996028 1.875832542528608 -0.7048916601019733)
(3.976209387485407 2.105320456211279 -1.177888582618668)
(3.842628471723772 1.330816149749114 -0.2793078901151727)
(4.268591045367289 1.978289323657663 0.8144863923672899)
(4.281649323278446 1.286221654967382 -0.2839601587110843)
(4.318490648007913 2.125050794513983 -0.7162248444531838)
(4.062508473846813 1.962897307327484 1.190291688478206)
(4.660247693235948 1.320354051155234 3.097145803821236)
(4.263950273183348 1.439575641747181 4.634427945147447)
(4.198406838048691 3.210364704482729 4.79820455608154)
(4.723629321725511 1.621857464255029 7.890787983019377)
(2.901880660444978 4.402950885650161 15.50332134204578)
(6.315785663316798 4.440564247506664 22.10595971477602)
(4.119629805237933 0.8863671945224897 0.7253803473290099)
(4.053887895003751 0.4206979602791274 -0.4983560196387219)
(4.281703780713034 0.5618134930404688 -0.7188251671679754)
(3.818329014887272 0.4554367056065318 -0.8238334788216066)
(3.310451273640462 0.9222163078187796 0.4143442057333864)
(3.842987778939627 0.9327100002573461 0.5070003687447883)
(3.79203203099153 0.3237800466344786 0.5505298343501284)
(3.760748739727628 1.050707344048422 0.9850762019426332)
(3.726713296869629 1.004256742404997 -0.3003842928333095)
(4.284741093348488 1.085254404027947 -0.6051824984352825)
(3.711971357922471 0.2788590350507526 -0.3876114558881599)
(3.381139421380251 0.451193179835785 0.6048885805214443)
(3.720247935403122 0.3888747077300467 0.8801201259979458)
(4.349748031751042 0.507527577578864 0.9154442587331688)
(3.929372973650445 0.5256805622288716 -0.2561630947738457)
(3.449945105466219 0.5135538468994495 -0.3240727218466938)
(3.486082109102981 0.7943062857850851 -0.3948396218563487)
(3.863663573785653 1.334275814609275 -0.6470077394290593)
(3.914419829820849 0.9084823117233736 -0.7351761901664891)
(4.092568326147775 0.2700840085054001 -0.2142519420974337)
(4.185120804059111 0.5663118749520069 -0.1957029281582506)
(4.193685411191566 1.330911075139514 0.5088633520410332)
(4.234124888625513 0.4880914662663184 -1.144201993866541)
(4.337317878881043 1.072463667996562 -1.070840132005323)
(3.351159387550762 0.4219592367138075 0.9047032236907142)
(3.919435578183837 0.333017378864302 1.288976393572707)
(4.192018887267021 0.4846966592653722 0.3790206683943316)
(3.175220761339399 0.923705504381784 -0.2511655268176153)
(3.25681057577415 0.8576943610836024 0.9586839205806251)
(4.033967364270953 0.8411623914023141 1.511720742380495)
(2.876055602367023 0.5107251406780117 -0.2123585801467239)
(3.893634316310869 0.3123074777645385 -0.05407309768379949)
(3.601335735845013 0.332983954892662 -0.06805316124875506)
(3.687036081103718 0.5417312050074633 -0.2371262152994082)
(3.415982310349451 0.5192454042889695 -0.6612394359503049)
(3.385013877930922 0.9994034438264128 -0.7259662706117224)
(2.913365225914552 0.8750381332623547 -0.5286292307387203)
(4.023350305521029 0.7156575892346626 -0.1662321093781318)
(3.984565070768902 0.3828784693663785 0.1763374869930346)
(3.810916998467101 0.449834908594529 -1.253841720623232)
(3.939261385496904 1.549848034790253 -1.153917531816149)
(3.824618519062207 1.000684526555078 -1.17680549390856)
(4.049795533690281 0.7450500225400657 0.4035080211843111)
(4.05061492346861 0.7552792951085956 -0.4427356259699283)
(4.053618393743172 0.2592766087270347 0.4470089688155401)
(4.174574363462681 0.5596661114144131 0.6248686770534646)
(4.406645808411652 1.31395827041936 0.93867726222117)
(3.791362401823962 0.737957008078529 -0.2178903960505838)
(3.957850888670202 0.9087549663467483 -0.1696719984682966)
(4.04973959554939 1.098068283032611 -0.2635356171314252)
(3.545131335950058 0.7501036382736056 -0.1709593410399043)
(3.723105202592796 0.6492698706471044 -0.5168309887245673)
(3.710895930719345 0.3958823629936704 0.2270632177211823)
(3.530133082921679 0.7300851821673467 0.3544274735031105)
(3.303032779973094 0.6936945896779599 0.3637241571139322)
(3.588667570568723 0.9671046200570407 0.3983818848132921)
(3.410731726592378 0.5065408379328982 0.3888896162583909)
(3.519565444512978 0.75547239289945 0.5558174240119921)
(3.387295105498193 0.8422326501325613 1.27465810668727)
(3.753037349349459 0.7239661317398565 0.4177827587663422)
(2.920144406346123 0.4320223214524455 1.606083712191628)
(3.474352015532246 0.992741608886622 -0.1765671687028194)
(3.326122380925976 0.7249936318343506 -0.1884107630654627)
(2.547308213944419 0.8757428747183911 -0.7447064861137682)
(2.960762175116781 0.9856212431960812 -1.081703308617366)
(3.399468896984512 0.9184934925058614 -1.328047962852922)
(2.522059549128302 0.5115013673741358 -0.8590929794066483)
(3.272401883632063 0.4525885434537924 -1.171181860938615)
(3.102529129259228 0.6325337676168646 -0.1670473832413142)
(2.667952085589639 0.4233468399767826 -1.335810335834643)
(3.243928993632597 0.3452971330262954 -0.1726865364972172)
(3.161754097407711 0.6530010000436687 -0.4150779308335907)
(3.133232022067499 0.3321266194171866 0.5458574249328754)
(3.287344720443666 0.6500812512893779 0.6235693552970784)
(3.48840604525 0.4542186747887922 1.365018461247883)
(3.24016760125556 0.9172149879129683 0.6719685760571262)
(2.685423944939794 0.7338142641140614 -0.2144919743321907)
(2.517350081970919 0.859461426051814 -1.161762057301699)
(2.939434017809106 0.8021557831825937 -0.2206189240885657)
(2.934042913970622 0.2704408268409887 -0.1585698564328557)
(3.01579524990632 0.3378971670523664 -0.4710712227581178)
(2.917555183126094 0.630303603999674 -0.4274766828187719)
(3.147161369093389 0.5719308828753874 0.4084558806474153)
(2.555603153114657 0.5297147536635183 -0.204873046966514)
(2.269368073230544 0.5760567487358277 -0.212157956976408)
(2.68001335963386 0.7420113139726945 0.363111007190372)
(2.691541890725175 0.2960012672233888 -0.2714119363774142)
(2.692746458023313 0.5469132039928694 0.3578111327815136)
(2.704112581146053 0.5731109935040019 -0.4902113096722971)
(2.423729093627855 1.311114535072524 -1.217208113078865)
(2.384742069138907 0.2826881003095292 -0.2716330802749324)
(2.761890662172434 0.2865915779424427 0.4269529812542533)
(2.6103146533211 0.2912318134488477 -0.5702342548857718)
(2.469480300925026 0.7433350181532322 0.4020461294608257)
(2.646977882541486 0.577316813385356 0.5750876614265074)
(2.76416808900174 0.8487244638636732 0.6325351606510089)
(2.414776208213736 0.8715087445415315 -0.2213507112684109)
(2.413064500579642 0.6139949181253659 -0.4811386204994598)
(2.229021398393922 0.4122819153751944 -1.178940877877635)
(2.04652767164681 0.4808075160388686 -1.791393941949799)
(1.013138064027691 0.7648518364020743 -2.633086518587556)
(2.013072856691413 0.3611592100870792 -0.2937928886472964)
(2.29359676203885 0.5280381815626356 0.4819830826505527)
(1.287044914280075 1.701753066877509 -0.8203188211802889)
(0.9881727644019541 2.436411169104714 -1.234171699205677)
(1.581208873605019 1.242940879222824 -0.8433037033653918)
(1.361740541290173 1.536398660275304 -1.262294175161905)
(0.2169748409932315 1.533434921244405 -2.52943110778337)
(0.8661435061137526 2.089047229010883 -1.142513663154497)
(0.06867405932016492 2.584088774603751 -0.6950807204081191)
(0.5475988003208717 2.505366006215427 -1.259674475327163)
(-0.1764626939527527 2.256360313021904 -2.689164716450531)
(-0.5856238908053049 1.421795614066164 -3.67646977985901)
(1.255522001053019 2.277349946240476 0.6767360937667179)
(0.5011298718793026 2.038110173033048 -1.208117453457866)
(-0.0132266156674191 2.155097738457016 -0.6810747057548947)
(-0.4198143618565255 2.064271467899359 -0.8228397413376272)
(-0.7088869330714828 1.544321861982044 -2.543836953273513)
(0.2729262792995382 0.7613307995611678 -3.219985389362206)
(0.472321218805776 0.7659482108345658 -0.8989365813902879)
(0.6260803019147322 1.16319004388924 -0.8036674364383226)
(0.243965830790805 2.134920825420856 -0.04707782078482423)
(-0.1036287513472804 2.210084538243501 -0.1012482112888839)
(-0.8053096843293286 2.574944785230387 0.1037917375172317)
(-3.219134251901233 3.172884219293675 -0.1291133023078666)
(-0.8716095591738157 2.573004887960727 -0.4778799159462085)
(-0.7496226485804361 3.101870832506862 -2.919534900162155)
(-0.3484744452777624 2.345375155618052 -0.3591151550662967)
(-0.3767027162712184 2.530049376583078 -0.7518577600487188)
(-1.430677343319393 1.993959479536492 -0.4725428401103956)
(-2.965139409810102 2.052764166337716 -1.09480263050548)
(-2.613288601105308 2.616925751070444 -2.303448046609466)
(-2.049805976128388 1.335209659569825 -0.7371035505454702)
(-1.399081259208113 2.028190611264405 -2.622751140868968)
(-0.8961074620975306 2.036331046533421 -0.7945239063460902)
(-0.2503728968515034 1.870862978886986 -1.356368955709357)
(-0.03546934640274429 2.436428672371993 -1.233237181602146)
(0.03188047592628328 1.943306588657861 -0.03703517393210944)
(0.03135549300761035 2.111462546185469 0.1319025157230457)
(0.1976672142660827 2.37929424888212 -0.004658041862897584)
(0.2298249858744653 2.272169962827014 0.1989327234715774)
(0.1528526636718282 2.093846747639882 -0.3294808356127203)
(0.4481277052879019 2.299625613193905 0.08084726043104978)
(0.4697870948211182 2.33290542473586 -0.2138292005582541)
(0.5804346412633362 2.538288204922955 -0.3693037062766166)
(0.344701675856283 2.310901695744791 -0.5149132817692058)
(-0.2058437476102617 1.888562322731295 0.1909885627481132)
(0.8170245821390834 0.3887295357274912 -0.8282336018716058)
(1.406508526988188 0.8683240089297762 -0.8717529076570454)
(0.5054268251166875 0.3766486185988747 0.8623821870772092)
(0.8615837480907845 0.3474066131884476 1.329763266929113)
(1.346455739871794 0.3979076033477993 1.538216458612364)
(1.309499820848639 0.4251372950210498 1.980319228341133)
(1.75955249724907 0.7973310462025798 -0.8093905076206506)
(1.750601188380321 0.4527553298322952 -1.261699526085898)
(-0.6903861536234898 1.538665122618673 -0.7172950586036905)
(-3.186963212782553 0.9303823723743052 -0.9129779249115521)
(-3.556742820129891 1.255173734319607 -2.18762146758075)
(-2.238899314839409 1.086656513058476 -1.940681532377455)
(-1.400923140009682 0.5270797135566349 -1.743604280866011)
(-1.397075462395616 0.7971676715627162 -2.658391623403845)
(-1.924538644700585 1.071200169716942 -3.589072186440013)
(-0.4617734774340905 0.7856025243568533 -2.655920116547919)
(-0.1403634136599987 0.8526208760227767 -1.163285775025007)
(-0.2278808179130254 1.548407693540131 -0.2312014432380786)
(-0.2368691459436978 1.904151139693097 -0.09194727666885846)
(-0.4822028314602166 1.996881228615706 -0.04309190701277306)
(-1.681240787532091 2.158092647485417 0.2191847976101541)
(-3.525416362312667 2.01275787787168 -0.09297300686761538)
(-0.1165259093434266 1.796485730504386 -0.231443124626371)
(-1.246326178315245 1.173493677299335 -0.5054115355822357)
(-3.967687608184042 0.8385251523237691 -0.1435659629623712)
(-4.74506180253274 1.609095402902677 -0.483210695181556)
(-3.539166107211126 1.133185661060562 0.9237457141172145)
(-0.7749716900665883 1.074143642111509 -0.8545888385218998)
(-0.7282949665764339 1.710923820241407 -1.250826119958475)
(0.4824149630920686 0.288707650618782 -0.811561490557277)
(-0.7818171797633574 0.5135148967882803 0.0001772644240361221)
(-1.199893947990976 0.3792147767935158 0.23430310219687)
(-0.3005718697344609 0.3837409899162154 -0.703888521254869)
(-0.1982243138789249 0.2788887318341738 -0.09000174674877218)
(-1.110912739301408 0.4858728002332917 -0.5144650956435772)
(-0.7559017045914479 0.8375457065425849 -0.3688372621361659)
(-0.2437166121722428 0.3636204140624959 -1.256401422615324)
(0.3080396989572404 0.426625236637139 -1.185769624104178)
(0.4495048356960183 0.8443784695250789 -1.354620855768032)
(2.149247066668016 0.8899788668336748 -1.213829207808718)
(2.197589253472428 0.9302922741362731 -1.614176886094048)
(1.863813698560632 1.221110979891137 -1.189352284440701)
(1.686843554837762 0.8770309437614884 -1.216752381030689)
(1.590707153520103 0.9919744487470603 -1.643601762677004)
(2.461524366303214 1.714867047429051 -1.593166696705004)
(2.843718858884276 1.971275133389353 -0.2352369434033769)
(3.162084229348426 1.944884123479538 -0.2873065980034916)
(2.904241855532471 2.101357483023588 -0.5795216168475119)
(2.78457644608554 1.530594252487462 0.4030548669920443)
(0.7392370831167695 2.413564757061482 0.2067943155003143)
(0.8622006571621016 2.470299666332769 0.1985495239682453)
(0.8404038714014546 2.401987160705732 0.1922110911600493)
(0.8981528239544412 2.436690268340193 0.1028899327717299)
(1.060775514089829 2.581766360188055 0.6376064885628735)
(0.6455245386883597 2.401758762776703 0.1082407340570958)
(-0.01176137185261132 2.372909468206855 0.2210283663709603)
(0.209871422124306 2.228150403571024 0.4620480539413499)
(0.4066688247341966 2.514942343572061 0.1925419091996152)
(0.4290263530890556 2.304557260803316 0.3126064132771509)
(0.4219505560893979 2.606498576928491 0.4965308210154058)
(0.2068040747065688 2.552848524977029 0.3578547603840291)
(0.4459136206194513 2.536320466225992 -0.04637689580738314)
(0.8048025135467821 2.413240552752731 0.1266156805989662)
(0.7259484024683983 2.406372259723587 0.005696031995655492)
(0.5818321732603774 2.193341530228005 0.7065872588307902)
(0.7088414309101637 1.91962907011528 0.8214624102502558)
(0.7615001552545227 2.238974985756402 -0.6826042096033919)
(0.7528637930474502 2.449171797907618 0.4036211080954751)
(0.8932963032823448 2.445210858383629 0.3228083711581922)
(1.017647260485016 2.310784398242765 0.7077610037206404)
(0.4728267451266086 2.338690431706367 0.5380929940868814)
(0.8302286630610035 2.191303998729773 0.7551592920463402)
(0.6037174794832229 2.299419632056271 0.9535575723280786)
(0.6061884244683116 2.391516191167808 0.30689459855612)
(-1.229538899560035 2.645051337521609 0.4381000395323753)
(-0.903033949784614 2.76201171156331 0.9559827157835753)
(0.04544683603528944 2.078538744576489 0.394175044673878)
(-0.1505498948999633 2.360914743133756 0.5956736547402617)
(0.1263156807707866 2.558993646971165 0.5919603440182331)
(0.2789254062875761 2.245885568305341 0.777818137977461)
(0.4293006530109654 2.459182810359467 0.7555255520282552)
(0.8137894663921035 2.424320761689637 0.274198651728307)
(1.424290939012192 2.439107534404973 0.6985052807)
(1.225715821149596 2.398009049918608 0.9524829831035327)
(1.323224989972165 2.64379328841972 1.895638505614601)
(0.7378762024645243 2.463983929956419 -0.6655185784382576)
(1.535021542056319 2.169300269076253 0.6661558469923744)
(1.310789517361332 1.255358205906799 1.206542310957687)
(1.180016683630298 1.617293301543989 1.609231419173396)
(1.051797082253927 1.370522069665126 2.902724851074796)
(0.9329201622372151 2.418326922448419 1.004486235190514)
(1.008159082583029 2.365167115656106 1.238700034359746)
(1.125548150438183 2.143734213568298 1.042343857580531)
(1.084191801135911 2.174859894572659 2.051234809151171)
(0.9601429991512992 2.437273863360134 0.2522359069206284)
(0.8978908698728897 2.420514148064698 0.2414182539313144)
(0.9378239214447822 2.443564882541714 0.1823623870901469)
(0.8264623615093395 2.214155617463992 1.037669539730824)
(0.5098269149851288 1.479492448261635 1.734150924082706)
(0.02951177107417592 2.095275075555091 1.773411119513585)
(0.7551435082185264 2.049370272377242 1.229251943531465)
(0.9527686341416282 2.5070766127393 0.4242865048158715)
(0.8847566791478103 2.533077471339619 0.5603619396856643)
(0.2479112075260955 2.843891032672935 1.851424472454663)
(0.2620134893125773 2.960304648658398 2.790902922646266)
(-0.7603799247826396 2.964789411308203 3.525708028542698)
(1.356837763381367 1.929347189519736 0.7445814641925143)
(1.619499931876822 2.413535798499197 0.7204446857221486)
(1.48870538522998 2.419954477779423 0.9940064645830684)
(1.513660106016464 2.440912203056711 -0.6721461395763424)
(1.796758990730465 2.239974747994484 0.7270249068239251)
(1.668533389545125 2.367445591513658 0.9373308101531035)
(1.718903704643903 1.797642774559499 1.707911159696809)
(1.645817515051225 2.351366110228824 1.200221312970375)
(2.00400993652893 2.363262762236977 0.7016204588030133)
(1.767472884640749 1.929958120086613 0.7571360110358237)
(1.900811055822428 2.363185878006293 -0.6999326951931368)
(1.929149985337605 2.391400963012435 1.006753516082029)
(1.878001524941359 2.107587365790482 0.9798506092705416)
(2.260468637529257 2.758498531687073 2.279180376532178)
(2.405758673966358 1.022029855076898 0.3725433850695361)
(2.587343528146878 1.249102567981434 0.4233359496016177)
(3.133184334924512 1.417387440570973 0.4533947286617248)
(2.869838596087258 1.284354912388994 0.6609027090013034)
(3.878059073973281 1.666861242992092 0.8624350331153269)
(2.865137167605788 1.982782581560202 0.3848060361885202)
(2.72013868490141 2.16139905241697 0.4000026026380622)
(2.857470957886692 2.391441399824888 0.3826265161180225)
(3.192555880969879 2.610247800024205 0.8194358265749477)
(3.077788204918817 1.976810572271025 1.828996466759587)
(3.060372288385955 2.656245062074218 2.105272684322581)
(3.315521610495036 2.323769558960301 0.4038011929596019)
(3.39101122784588 2.533635415406728 0.571987355045366)
(3.287051785646937 2.302537392048849 0.6701704121760668)
(3.878759174487516 2.601327049705608 0.6355783650996235)
(3.753204549021939 2.395325262043035 0.6078575997875428)
(3.927175451571203 1.508584625579703 1.326991894822438)
(3.894667902985204 1.959617612359283 1.728492163078788)
(3.913051655554561 0.515554933153505 0.3637736332885304)
(3.661833452169018 0.5303108719874281 0.4154011771545457)
(3.917042299676105 0.565684439786285 0.5839621575053537)
(3.998082936226445 0.5911837387002137 0.8067120060989413)
(4.059084468058034 0.3074374702687333 0.823023282811486)
(3.87872778672309 0.6486994303730924 1.078494286320728)
(3.442206065282811 0.3747907347911123 0.1368318251833367)
(3.493829851101649 0.2546053882009728 0.5254995806733095)
(3.545500461621494 1.001544417675824 0.6946647209172898)
(3.540797461566862 0.7092753468361118 0.8762817760083788)
(3.766248294962007 0.7431146489914969 0.7427921663996162)
(3.148165397023714 0.2958544536089404 0.1789873445442484)
(2.995088925880148 0.6429681610354393 0.6996397563712936)
(3.173961477839245 0.916332137130114 1.786335298536695)
(2.886121380588729 0.736983549240382 0.3962397943080469)
(2.825767095856222 0.2959328592357305 0.7157954739552366)
(2.42084564858312 0.2479553657346096 0.3914212393851456)
(2.420886150447995 0.9043029346199584 0.6046475367753575)
(2.367281129113596 0.638535864786539 0.8160165453276271)
(2.474763788900407 0.3075808013640681 0.683294779623814)
(-0.7769978952737434 0.3476662381910755 0.3767070032501103)
(-0.3327779019104219 0.3013824112918665 0.8524082138827318)
(-0.8643701081742752 0.4634002475244619 0.8087064203832262)
(0.004500160297172678 0.3351205009974627 1.364758464878792)
(-0.1334888595719903 0.4450072044497226 1.768135454889286)
(-1.063966379532338 0.8043659289019655 0.3881914785751595)
(2.092075162800398 1.36985390077812 1.777595082371423)
(2.583018081344 0.7790365304304238 1.67129250206443)
(-0.2211091432254611 0.4730671502616977 0.1743973986542411)
(-0.4867736379282008 0.5040840111859594 0.1959227148139158)
(-1.669846221163845 1.115568273096289 0.173130753885589)
(-0.4804917007690603 0.7572519462260906 0.1997442034271915)
(-0.5111538502309916 0.2617989699528657 0.2121917873577883)
(-0.4404231346505087 0.5560277175958181 -0.03279678103882824)
(-0.2376278045143981 0.7346348821689309 0.08833230425015808)
(-0.1555992965475623 0.9307497653338183 0.09547513462091524)
(-0.1706323909540194 0.7078659676099793 -0.1121123164739049)
(-0.2491468741022053 0.2211825060141833 0.1361461490790836)
(-0.2225419870226467 0.5278350484356348 -0.06732460099709418)
(-0.2452202261789519 0.2516969619679827 0.363228104874677)
(-0.2435708903858331 0.6794622911507974 0.3185224418395387)
(-0.4305379312431649 0.9838300054254523 0.1640103404022926)
(-0.4443306558712852 1.051382491254544 -0.1449465110085849)
(-0.174615070564897 0.93670706986962 -0.1085846149194313)
(-0.2011773548351795 0.9540726172154387 0.2917294181421483)
(-0.2122797746163557 1.114750028723263 0.05244425270948797)
(1.436831053682673 2.230288035185596 -0.6640318017337754)
(1.222263624343722 2.150767377249599 -0.673314747177071)
(1.290333061188721 2.323036331107518 -0.8972891272879362)
(1.560373082915637 2.267808086141329 -1.118718521045013)
(1.356402404170654 2.551223587200101 -1.573278591993075)
(1.305087246231666 1.053838945474023 -1.241916918014112)
(1.535984379457574 2.052453750943107 -1.695949818428306)
(1.511642832497676 2.653175163971749 -0.9080508168747172)
(-0.4749670143028837 0.2903133794489559 -0.1199515138178925)
(-0.2172652323264002 0.2607137943450322 -0.3490535560522608)
(-0.2638526456305627 0.5723768542081564 -0.3169008312970102)
(1.022174232083774 0.7886417462522781 -0.8632468853034913)
(-0.4319108238973936 0.7740016441325923 -0.1293400681453092)
(-0.2034950198660635 0.8730875418876797 -0.3152525549308695)
(-0.2450365057684061 1.342972990413907 -0.01125564797488876)
(-0.7778935795673492 1.079156560786864 -1.355083598453938)
(-0.2741101730294011 1.420588462902504 -0.5039204043555746)
(2.658773028362588 1.345753868224267 -0.2867043714662139)
(0.6088061602260277 2.382092093886931 -0.04275882982628897)
(-0.08139636471077993 2.548714377654618 -0.05494079866724836)
(0.1698302389723432 2.359681121802724 -0.2359360455031795)
(0.2906448742256904 2.618431712273038 -0.4667338851669691)
(0.6193898362726046 2.4717279473258 -0.1501967105843649)
(0.7409124958438154 2.427763232616317 -0.232858706866324)
(0.7369474226918108 2.380318455968901 -0.08387150469740438)
(0.8184239408582741 2.414521832621106 -0.02243558828367675)
(0.8949350970486716 2.440293706891314 -0.0286210062835077)
(0.8978385313784024 2.502674151822692 -0.1993378690736581)
(0.8069403931218921 2.41798368928964 0.0501755910246479)
(0.8594617212487833 2.435511079229238 -0.1015425914572919)
(0.9882413644020912 2.266527642267534 -0.6906806007220877)
(0.9891794001056108 2.347860115378216 -0.9359155210299265)
(0.8255164904094623 2.666165597522101 -1.872605696542992)
(0.8470354408310172 1.070126791898455 -1.234753944971696)
(0.876988609413342 1.997731798440529 -1.646017186914691)
(0.7101221381481848 2.017324305172393 -0.778252993280206)
(0.7347858451990066 2.293722286531549 -0.9379205877202267)
(0.8845597266002663 2.41661339686856 0.02807278186882774)
(0.9516203487705017 2.454123095616242 0.03285363652768204)
(0.9737954428281741 2.44282701887748 -0.02793446059238211)
(0.9811912906801787 2.455405610888503 -0.09395244094911855)
(1.650917157678579 2.316798420068301 -0.8059475425230952)
(1.888208676452376 2.619878542168255 -0.854832574544623)
(0.7402074192751615 0.4554490574566948 -1.250630306861108)
(-22.42063131942631 7.214007044497179 -8.56896002083683)
(1.174485149354559 2.203416411315547 -0.2933891459137518)
(1.428729250208708 2.111468310248209 -0.2454083979941288)
(1.787763322099895 2.170119673731595 -0.2486399070091523)
(0.9852094636492988 2.219439781653538 -0.3226640556618091)
(0.9692151404583724 1.979521358023434 -0.3268207880513143)
(0.5692298467386065 1.813778502780598 -0.211039898403196)
(0.4830336344648307 1.5759421693204 -0.2614443146051761)
(0.236708710911837 1.44745615785812 -0.2457989174926404)
(0.2135375085436814 1.1542612678675 -0.2208242396302841)
(0.3350375709000201 0.3787681811099337 -0.2476339302364468)
(0.8470464086787968 0.2796316409177106 -0.2338904890280036)
(0.6548771762332529 0.5214836212807851 -0.2714357222278456)
(2.282475127925194 1.822366532851551 -0.220925127185456)
(1.824391366836885 1.451277250271307 -0.2530952412756954)
(2.115641204513147 1.599685390554249 -0.2551261077458458)
(2.035722427087286 1.278276925164975 -0.2166491792935991)
(1.861021223551755 0.883766743723799 -0.2439114667840177)
(0.8319350692783756 1.795240715572678 -0.2114877952884107)
(1.083221997090137 1.775604392908779 -0.2070940429597997)
(1.581451197332592 2.242215934375772 -0.3053795559494149)
(1.37501049275268 2.385049948819848 -0.1185798239020562)
(1.255492804452258 2.37320412847378 -0.09215037662082777)
(1.487377158731798 2.364985206951449 -0.07127175978147073)
(1.653060132635296 1.986431141643519 -0.2613909584875175)
(1.966011042208205 1.915330123668384 -0.2574655415885084)
(1.696217642819881 2.462316731327898 -0.1127013075990232)
(1.717767232177916 2.343750271626355 -0.09601761832614417)
(0.278064220325164 0.9340042211872062 -0.2062377923154634)
(1.257925614427439 2.267547629460648 -0.06946128393061887)
(1.289182568857691 2.302570009683812 -0.2276785196152511)
(1.376456789528979 1.81304327241268 -0.2244501785186516)
(1.159587069431843 2.36169293895033 -0.07486695381369901)
(1.164922175118634 2.256250637292522 -0.1086010641549077)
(1.355332365508321 2.268794962575272 -0.0814242073142756)
(1.265114338265174 2.119230161716781 -0.1305949660644896)
(1.494117712576096 2.264949892395094 -0.1062666878473281)
(1.48062297474785 2.399957509657328 -0.1963606347892248)
(1.391402749178787 2.435425449842831 -0.05748734024321179)
(1.628543068805431 2.216155043774263 -0.136648118394205)
(1.690067974824247 1.775465144675926 -0.2271360687610409)
(1.620738364731613 2.389717067036351 -0.195246631296015)
(1.474949375470466 2.440469024157608 -0.0638631733338047)
(0.3906060977208892 0.6136403987308229 -0.1832162305957146)
(0.4703960011984246 1.197129647711715 -0.2498138800557904)
(0.9521722205120338 2.236070596121051 -0.1142404438923052)
(1.076199042341136 2.261942825196752 -0.07321832358336525)
(0.91006573959117 2.116928539405349 -0.1150266512023266)
(0.8180200159657171 2.008717675611515 -0.2022741928025765)
(1.028273467803807 1.557819915548251 -0.2418676230484397)
(1.060847209911187 1.271530827586571 -0.2370398206990515)
(0.7625481426405666 1.573265318870914 -0.2239529691944043)
(0.9154601753316481 2.291392872757166 -0.05900651313640966)
(1.001052997087791 2.322504257509187 -0.07078189960106974)
(1.070454271391657 2.144782847866295 -0.1286987863736206)
(1.06620653633981 2.29487554625857 -0.1921830061437546)
(1.079746756937565 2.343253312465134 -0.08218749285890484)
(1.546835617831611 2.444212996174399 -0.08251526768882834)
(1.908854355155373 2.413787613646205 -0.1040908387784695)
(1.624025965663031 2.451150264148149 -0.07237485239433687)
(1.894414667884909 1.691396551554311 -0.1726674657626525)
(1.787448243282463 2.400086525457512 -0.2623001343621298)
(0.9688273755781143 2.204552185019524 0.0858270356794332)
(0.7664317357249766 2.027886489489197 0.09414084075057226)
(0.8315705511672022 2.165683950742287 0.09943147710179302)
(1.066458626333014 2.257485952813832 0.07994109426611816)
(1.266625376552156 2.35770226908207 0.09321304448623308)
(0.9843206012019109 2.336682476968662 0.1428035003973032)
(1.119194612410677 2.158964640651821 0.1000959972523541)
(0.9595648839608121 2.075742008563367 0.1022595913972479)
(0.9095657867344369 2.2889653956476 0.1235731608856822)
(1.156497821037948 2.276809914391522 0.1036548080042842)
(1.015508081613102 2.278731980028508 0.136678211343841)
(1.08038928214578 2.344911996825915 0.09789322055854507)
(1.254125859819548 2.259450212079047 0.09914854608247547)
(1.238056084725724 2.399201016126627 0.1455270132100245)
(1.368779230622037 2.367166143100134 0.09161709051556477)
(1.163901985700661 2.366915097532587 0.1386995537094861)
(1.468034882951333 2.357066802211954 0.09811959802530949)
(1.364071775816536 2.25313940768044 0.09747882857269562)
(1.28125604412585 2.144752629688983 0.100373087885956)
(1.318961103075279 2.412953756742563 0.1378124613040367)
(1.694646132235657 2.388997723712402 0.08953250587327069)
(1.569723463676061 2.345721991718209 0.08654115375564181)
(1.502835448078272 2.247407118844334 0.1064822350685054)
(1.409711258699362 2.433132245952152 0.1380248103850026)
(1.795084123082241 2.4797579586737 0.1013589319858784)
(1.468630108756311 2.444292111584561 0.08113288224790439)
(1.539185565920197 2.434293435807511 0.1242736098976498)
(1.61973978776852 2.419208562834481 0.1125670047425508)
(1.891518515545437 2.384650711283709 0.108637409205338)
(0.9766097475163786 2.323035597520262 0.06645055808910216)
(1.186844036262052 2.377672610195607 0.06342390136709616)
(0.9276161513672763 2.201525142818029 0.3354806852931037)
(1.158555757687992 2.281030336975151 0.3149052426704463)
(1.052334046727799 2.248391836843122 0.3060070881431243)
(0.9717243332632642 2.304659720651758 0.2648964165845409)
(0.8279998520123641 2.070356419070476 0.3433927383714655)
(0.8953898812203668 2.295186150630084 0.262223159970944)
(1.319172253391541 2.344847647043732 0.3379980805539826)
(1.032992779223901 2.342382079106032 0.2519672989939448)
(1.106319157578447 2.353703421689665 0.2541804060990014)
(1.173758112274645 2.373275011889715 0.2583224839815369)
(1.284869865974588 2.209330125522557 0.3026750326185104)
(1.4724627047059 2.355998974553263 0.3446942661289303)
(1.292277531862169 2.381728562520455 0.2589941931190994)
(1.237061712643196 2.323689907058395 0.2702656441239111)
(1.596158778431632 2.405322331768045 0.3138007660292679)
(1.453993469905908 2.447233965280187 0.246225027938151)
(1.39162643567398 2.415423034057307 0.2765553911141251)
(1.558079500007866 2.449277025773552 0.2519440842792791)
(1.487793842592936 2.395013741686376 0.2569053740151129)
(1.772777812464973 2.410346086221791 0.3190124397097079)
(1.604294847093676 2.262701782720368 0.3311966098532533)
(1.447563488744286 2.241534002361453 0.2988463879714042)
(1.501336546168329 2.452808799629139 0.3028505165048344)
(1.674730064284242 2.460104328849474 0.2777545089053434)
(1.913748822844573 2.421324993543091 0.3349512868403577)
(0.5018050558400508 2.081425350307363 0.09943083969129478)
(0.05579949146923028 1.744420853050088 -0.1269035836037955)
(0.1790226155317217 1.898269644645133 0.3796355505174119)
(0.7806799971747755 2.315259334070033 -0.06531566253983453)
)


// ************************************************************************* //
