/*--------------------------------*- C++ -*----------------------------------*\
| =========                 |                                                 |
| \\      /  F ield         | OpenFOAM: The Open Source CFD Toolbox           |
|  \\    /   O peration     | Version:  v1906                                 |
|   \\  /    A nd           | Web:      www.OpenFOAM.com                      |
|    \\/     M anipulation  |                                                 |
\*---------------------------------------------------------------------------*/
FoamFile
{
    version     2.0;
    format      ascii;
    class       labelList;
    location    "constant/polyMesh";
    object      pointProcAddressing;
}
// * * * * * * * * * * * * * * * * * * * * * * * * * * * * * * * * * * * * * //


1884
(
0
1
2
3
4
5
6
7
8
9
10
11
12
14
60
61
62
63
64
65
69
70
71
72
73
74
75
77
78
79
80
81
129
130
131
132
133
134
135
138
139
140
141
142
143
144
145
147
148
149
150
151
152
153
154
155
156
158
159
160
161
170
171
172
173
174
175
176
177
199
200
201
202
205
206
207
208
209
210
211
212
213
214
215
216
217
218
219
220
221
222
223
224
227
228
232
233
234
235
238
239
240
241
242
243
244
245
246
247
282
283
284
285
286
287
288
289
290
291
292
293
331
332
333
334
335
336
337
340
341
342
343
358
359
360
361
362
363
364
365
366
367
368
369
370
371
372
373
374
377
378
379
380
381
382
383
384
385
386
387
388
389
390
403
404
405
406
407
408
409
410
411
412
413
414
415
416
417
418
419
420
421
422
423
424
425
429
430
431
433
434
435
436
437
438
439
440
441
450
451
452
475
476
477
480
481
482
483
484
498
499
500
501
502
503
506
507
508
509
516
517
519
520
521
522
528
530
531
537
538
539
540
541
544
545
546
547
548
549
550
551
552
553
554
555
556
557
558
559
626
627
628
629
630
631
632
633
634
637
638
639
640
642
659
661
662
663
664
666
667
686
689
703
708
709
710
711
712
716
719
720
721
723
725
726
734
748
752
763
767
785
787
788
789
790
792
795
823
824
825
826
827
828
829
830
831
832
833
834
835
836
837
838
839
840
841
842
843
844
845
846
847
848
849
850
851
852
853
854
855
856
857
858
859
860
861
862
863
864
865
866
867
868
869
870
871
872
873
874
875
876
877
878
879
880
881
882
883
884
885
886
887
889
951
953
954
955
956
957
958
959
960
965
966
967
969
970
971
972
973
974
986
989
990
991
992
993
1002
1035
1037
1038
1045
1047
1048
1053
1059
1064
1065
1070
1085
1087
1088
1094
1098
1104
1111
1116
1123
1124
1125
1126
1127
1128
1129
1130
1131
1132
1133
1134
1135
1136
1137
1140
1141
1143
1144
1145
1146
1147
1148
1149
1160
1161
1164
1166
1167
1168
1180
1181
1182
1184
1186
1187
1188
1189
1190
1191
1192
1193
1194
1195
1196
1197
1198
1199
1200
1201
1202
1203
1204
1205
1206
1207
1208
1209
1210
1211
1212
1213
1214
1215
1216
1217
1218
1219
1220
1221
1222
1223
1224
1232
1240
1280
1281
1282
1283
1284
1285
1286
1287
1288
1289
1290
1291
1292
1293
1294
1295
1296
1297
1298
1301
1302
1304
1305
1306
1307
1308
1309
1310
1311
1312
1316
1317
1318
1319
1320
1321
1322
1323
1324
1325
1326
1327
1328
1329
1331
1332
1333
1334
1335
1336
1338
1340
1342
1343
1344
1345
1346
1347
1348
1349
1350
1351
1352
1353
1354
1355
1356
1357
1358
1359
1360
1361
1362
1363
1364
1365
1366
1367
1369
1371
1373
1374
1375
1376
1378
1379
1380
1381
1382
1383
1384
1385
1386
1387
1388
1389
1390
1391
1392
1393
1395
1396
1397
1398
1399
1400
1401
1402
1403
1405
1407
1408
1410
1411
1412
1414
1415
1416
1417
1418
1419
1420
1421
1422
1423
1424
1425
1426
1427
1428
1429
1430
1431
1433
1434
1435
1437
1438
1439
1441
1442
1444
1445
1446
1447
1448
1449
1450
1451
1452
1453
1454
1455
1456
1457
1458
1459
1460
1461
1462
1463
1464
1465
1466
1467
1468
1469
1470
1471
1472
1473
1474
1475
1484
1485
1487
1488
1492
1493
1496
1497
1498
1499
1500
1504
1506
1507
1508
1509
1510
1514
1515
1517
1518
1519
1520
1525
1526
1527
1530
1532
1533
1534
1576
1578
1583
1601
1602
1619
1620
1621
1622
1623
1624
1625
1626
1627
1628
1629
1630
1631
1632
1633
1636
1637
1638
1639
1640
1641
1642
1643
1644
1645
1654
1655
1656
1657
1658
1659
1660
1661
1662
1663
1664
1665
1666
1667
1668
1669
1670
1672
1673
1674
1675
1676
1677
1678
1679
1680
1681
1682
1683
1684
1685
1686
1688
1689
1690
1691
1692
1693
1694
1695
1696
1697
1698
1699
1700
1701
1702
1703
1704
1705
1706
1707
1708
1709
1710
1711
1712
1713
1714
1715
1716
1717
1718
1719
1720
1721
1722
1723
1724
1725
1726
1727
1728
1729
1730
1731
1732
1733
1734
1735
1736
1737
1738
1739
1740
1741
1742
1743
1744
1745
1746
1747
1748
1749
1750
1751
1752
1753
1754
1755
1756
1757
1758
1759
1760
1771
1772
1773
1780
1781
1782
1783
1789
1790
1791
1797
1798
1799
1800
1806
1807
1808
1809
1810
1811
1812
1813
1814
1815
1816
1817
1818
1819
1820
1823
1824
1825
1826
1827
1828
1829
1830
1831
1832
1841
1842
1843
1844
1845
1846
1847
1848
1849
1850
1851
1852
1853
1854
1855
1856
1857
1858
1859
1860
1862
1863
1864
1865
1866
1867
1868
1869
1870
1871
1872
1873
1875
1876
1879
1880
1881
1882
1883
1884
1885
1886
1887
1888
1889
1890
1891
1892
1893
1894
1895
1896
1897
1898
1899
1900
1901
1902
1903
1904
1905
1906
1907
1908
1909
1910
1911
1912
1913
1914
1915
1916
1917
1918
1919
1920
1921
1922
1923
1924
1925
1926
1927
1928
1929
1930
1931
1932
1933
1934
1935
1936
1937
1938
1939
1940
1941
1942
1946
1947
1948
1958
1967
1996
2000
2005
2007
2009
2013
2014
2016
2019
2021
2022
2025
2026
2028
2043
2063
2064
2065
2066
2073
2074
2076
2080
2082
2095
2099
2100
2101
2105
2112
2113
2114
2115
2116
2117
2118
2119
2130
2131
2132
2134
2136
2137
2138
2139
2141
2144
2145
2146
2148
2150
2151
2152
2153
2154
2155
2156
2157
2158
2159
2160
2161
2162
2163
2199
2200
2203
2204
2206
2208
2209
2212
2213
2216
2217
2218
2219
2220
2221
2222
2223
2225
2226
2227
2228
2229
2230
2231
2232
2233
2234
2235
2236
2237
2238
2239
2240
2241
2242
2243
2244
2245
2247
2248
2249
2250
2251
2252
2253
2254
2255
2257
2259
2260
2261
2262
2263
2264
2265
2266
2269
2274
2282
2283
2284
2285
2286
2287
2288
2289
2290
2291
2292
2293
2295
2301
2303
2304
2305
2306
2307
2308
2320
2321
2322
2323
2325
2326
2327
2348
2349
2351
2354
2355
2356
2357
2359
2360
2362
2363
2364
2365
2366
2367
2368
2370
2371
2372
2378
2379
2380
2381
2382
2383
2384
2385
2386
2388
2389
2390
2391
2424
2428
2429
2430
2431
2432
2434
2435
2436
2437
2441
2445
2446
2453
2456
2462
2463
2465
2467
2472
2496
2497
2498
2499
2514
2515
2516
2517
2525
2526
2528
2529
2535
2536
2537
2538
2539
2540
2541
2542
2543
2545
2547
2549
2557
2558
2559
2560
2561
2562
2566
2569
2570
2571
2572
2573
2574
2575
2578
2579
2580
2581
2582
2583
2584
2585
2586
2587
2590
2593
2594
2595
2596
2597
2598
2599
2600
2601
2602
2603
2604
2605
2606
2607
2608
2609
2610
2611
2612
2613
2614
2615
2616
2617
2618
2619
2620
2621
2622
2623
2624
2625
2626
2627
2628
2629
2630
2631
2632
2633
2634
2635
2636
2637
2638
2639
2640
2641
2642
2643
2644
2645
2646
2647
2648
2649
2650
2651
2652
2653
2654
2655
2656
2657
2658
2659
2660
2661
2662
2663
2664
2665
2666
2667
2668
2669
2670
2671
2672
2673
2674
2682
2683
2684
2685
2686
2687
2688
2690
2708
2709
2711
2712
2714
2715
2716
2717
2752
2753
2754
2755
2756
2757
2758
2759
2760
2761
2762
2773
2781
2787
2788
2789
2790
2792
2793
2795
2837
2850
2851
2852
2853
2854
2855
2856
2858
2866
2901
2903
2904
2924
2925
2926
2927
2928
2929
2930
2931
2935
2936
2937
2938
2941
2943
2944
2945
2962
2967
2968
2970
2979
2983
2984
2993
2994
2996
2997
2998
2999
3000
3001
3043
3044
3046
3161
3163
3164
3185
3186
3187
3191
3192
3193
3194
4842
4868
4899
4900
4901
4902
4903
4904
4905
4906
4907
4916
4917
4918
4926
4927
4928
4929
4930
4931
4933
4934
4940
4941
4945
4946
4947
4948
4949
4950
4951
4952
4953
4954
4955
4956
4957
4958
4959
4960
4961
4962
4963
4964
4965
4966
4967
4968
4969
4970
4971
4972
4973
4974
4975
4976
4977
4978
4979
4980
4981
4982
4983
4984
4985
4986
4987
4988
4989
4990
4991
4992
4993
4994
4995
4996
4997
4998
4999
5000
5001
5002
5003
5004
5005
5006
5007
5008
5009
5010
5011
5012
5013
5014
5015
5016
5017
5018
5019
5020
5021
5022
5023
5035
5036
5037
5038
5039
5040
5058
5059
5060
5061
5069
5080
5081
5082
5083
5084
5090
5091
5092
5093
5094
5096
5102
5109
5110
5111
5112
5113
5114
5115
5116
5117
5118
5121
5122
5123
5124
5128
5129
5130
5131
5132
5134
5135
5136
5137
5138
5139
5140
5141
5142
5143
5144
5145
5146
5147
5148
5149
5150
5151
5152
5153
5154
5155
5156
5157
5158
5159
5160
5161
5162
5163
5164
5165
5166
5167
5168
5169
5170
5171
5172
5173
5174
5175
5176
5177
5178
5179
5180
5181
5182
5183
5184
5185
5186
5187
5188
5194
5198
5199
5200
5201
5202
5206
5207
5211
5222
5223
5224
5225
5226
5227
5228
5229
5234
5235
5236
5237
5238
5239
5241
5242
5243
5245
5246
5252
5255
5256
5259
5260
5262
5263
5264
5265
5267
5268
5269
5270
5271
5273
5276
5290
5291
5292
5293
5294
5295
5300
5301
5302
5306
5322
5342
5361
5370
5399
5400
5401
5426
5427
5448
5450
5451
5502
5523
5524
5525
5526
5527
5528
5529
5531
5535
5536
5537
5538
5539
5540
5543
5545
5546
5547
5705
5706
5707
5708
5709
5710
5711
5712
5713
5714
5715
5716
5717
5718
5719
5720
5721
5722
5723
5724
5726
5727
5728
5729
5730
5731
5732
5733
5734
5735
5736
5737
5738
5739
5740
5741
5742
5743
5744
5745
5746
5747
5748
5749
5750
5751
5772
5773
5774
5775
5776
5777
5778
5794
5805
5806
5807
5808
5809
5810
5811
5812
5813
5814
5815
5816
5817
5818
5820
5827
5828
5829
5830
5835
5836
5837
5838
5839
5840
5841
5842
5844
5845
5846
5847
5849
5850
5856
5865
5892
5896
5906
5907
5908
5909
5910
5911
5912
5913
5914
5915
5916
5917
5918
5919
5920
5921
5922
5923
5924
5925
5926
5927
5928
5929
5930
5932
5933
5934
5935
5936
5937
5938
5939
5940
5941
5942
5943
5944
5945
5946
5947
5948
5949
5950
5951
5952
5953
5954
5955
5956
5957
5958
5959
5960
5961
5962
5963
5964
5965
5967
5968
5969
5970
5971
5972
5973
5974
5975
5976
5977
5978
5979
5980
5981
5982
5983
5984
5985
5986
5987
5988
5989
5990
5991
5992
5993
5994
5996
5998
6002
6003
6004
6006
6007
6008
6009
6010
6011
6012
6013
6014
6015
6016
6017
6018
6019
6020
6021
6022
6025
6026
6027
6028
6029
6030
6033
6034
6035
6036
6037
6038
)


// ************************************************************************* //
