0.00434783	1
0.00869565	1
0.0130435	1
0.0173913	1
0.0217391	2
0.026087	2
0.0304348	2
0.0347826	2
0.0391304	2
0.0434783	3
0.0478261	3
0.0521739	3
0.0565217	3
0.0608696	3
0.0652174	3
0.0695652	3
0.073913	4
0.0782609	4
0.0826087	4
0.0869565	4
0.0913043	4
0.0956522	4
0.1	5
0.104348	5
0.108696	5
0.113043	6
0.117391	6
0.121739	6
0.126087	6
0.130435	6
0.134783	6
0.13913	7
0.143478	7
0.147826	7
0.152174	7
0.156522	7
0.16087	7
0.165217	7
0.169565	8
0.173913	8
0.178261	8
0.182609	8
0.186957	8
0.191304	8
0.195652	8
0.2	9
0.204545	9
0.209091	9
0.213636	10
0.218182	10
0.222727	10
0.227273	10
0.231818	10
0.236364	10
0.240909	10
0.245455	11
0.25	11
0.254545	11
0.259091	11
0.263636	11
0.268182	11
0.272727	12
0.277273	12
0.281818	12
0.286364	12
0.290909	12
0.293939	12
0.29697	13
0.3	13
0.303448	13
0.30731	14
0.311724	14
0.316628	14
0.321533	14
0.326437	14
0.331341	14
0.335918	15
0.340496	15
0.345073	15
0.34965	15
0.354227	15
0.358805	15
0.363382	15
0.367959	16
0.372536	16
0.377114	16
0.381691	16
0.386268	16
0.390845	16
0.395423	17
0.4	17
0.404762	17
0.409524	17
0.414286	18
0.419048	18
0.42381	18
0.428571	18
0.433333	18
0.438095	18
0.442857	19
0.447619	19
0.452381	19
0.457143	19
0.461905	19
0.466667	20
0.471429	20
0.47619	20
0.480952	20
0.485714	20
0.490476	20
0.495238	21
0.5	21
0.504762	21
0.509524	21
0.514286	22
0.519048	22
0.52381	22
0.528571	22
0.533333	22
0.538095	22
0.542857	22
0.547619	23
0.552381	23
0.557143	23
0.561905	23
0.566667	23
0.571429	23
0.57619	24
0.580952	24
0.585714	24
0.589286	24
0.591964	24
0.593973	24
0.595982	25
0.597991	25
0.6	25
0.602041	25
0.603621	26
0.605059	26
0.606455	26
0.607964	26
0.609608	26
0.611416	26
0.613429	27
0.615593	27
0.617757	27
0.620042	27
0.622621	27
0.625385	27
0.628369	28
0.631484	28
0.634598	28
0.637713	28
0.640991	28
0.644462	28
0.648429	28
0.652727	29
0.657454	29
0.662181	29
0.666909	29
0.671636	29
0.676363	29
0.681091	30
0.685818	30
0.690545	30
0.695273	30
0.7	30
0.704762	31
0.709524	31
0.714286	31
0.719048	31
0.72381	31
0.728571	32
0.733333	32
0.738095	32
0.742857	32
0.747619	32
0.751984	32
0.755985	33
0.760387	33
0.765339	33
0.77029	33
0.775242	33
0.780193	33
0.784155	34
0.788116	34
0.792077	34
0.796039	34
0.8	35
0.804348	35
0.80913	35
0.813913	35
0.818696	35
0.823478	36
0.828261	36
0.833043	36
0.837826	36
0.842609	36
0.847391	36
0.852174	37
0.856957	37
0.861739	37
0.866522	37
0.871304	37
0.876087	38
0.88087	38
0.885652	38
0.889239	38
0.892826	38
0.896413	38
0.9	39
0.904	39
0.908571	40
0.913383	40
0.918195	40
0.923008	40
0.92782	41
0.932632	41
0.937444	41
0.942256	41
0.947068	42
0.95188	42
0.956692	42
0.961504	43
0.966316	43
0.971128	43
0.97594	43
0.980752	44
0.985564	44
0.990376	44
0.995188	44
1	45
1.00476	45
1.00952	45
1.01429	46
1.01905	46
1.02381	46
1.02857	46
1.03333	46
1.0381	47
1.04286	47
1.04725	47
1.05077	47
1.05405	48
1.05759	48
1.06144	48
1.06573	48
1.07062	49
1.07552	49
1.08041	49
1.08531	49
1.09021	50
1.0951	50
1.1	50
1.10476	50
1.10952	51
1.11429	51
1.11905	51
1.12381	51
1.12857	51
1.13333	51
1.1381	52
1.14286	52
1.14762	52
1.15238	52
1.15714	52
1.1619	52
1.16667	52
1.17143	53
1.17619	53
1.18095	53
1.18571	53
1.19048	53
1.19524	53
1.2	54
1.20476	54
1.20952	54
1.21429	54
1.21905	54
1.22381	55
1.22857	55
1.23333	55
1.2381	55
1.24286	55
1.24762	55
1.25238	55
1.25714	55
1.2619	56
1.26667	56
1.27143	56
1.27619	56
1.28095	56
1.28571	56
1.29048	56
1.29524	57
1.3	57
1.30476	57
1.30952	57
1.31429	58
1.31905	58
1.32381	58
1.32857	58
1.33333	58
1.3381	58
1.34286	59
1.34762	59
1.35238	59
1.35714	59
1.35966	59
1.36277	59
1.36615	59
1.36991	60
1.37421	60
1.37937	60
1.38453	60
1.38968	60
1.39484	60
1.39742	60
1.4	61
1.40294	61
1.40629	61
1.41004	61
1.41432	62
1.41908	62
1.42384	62
1.4286	62
1.43336	62
1.43753	62
1.4412	62
1.4443	63
1.44723	63
1.45033	63
1.45388	63
1.45772	63
1.46195	63
1.46671	63
1.47146	64
1.47622	64
1.48098	64
1.48573	64
1.49049	64
1.49524	64
1.5	65
1.50476	65
1.50952	65
1.51429	65
1.51905	65
1.52381	66
1.52857	66
1.53333	66
1.5381	66
1.54286	66
1.54762	66
1.55238	66
1.55714	67
1.5619	67
1.56667	67
1.57143	67
1.57619	67
1.58095	67
1.58571	67
1.59048	67
1.59524	68
1.6	68
1.60476	68
1.60952	69
1.61429	69
1.61905	69
1.62381	69
1.62857	69
1.63333	69
1.6381	69
1.64222	70
1.64635	70
1.65082	70
1.65574	70
1.66066	70
1.66557	70
1.67049	70
1.67541	70
1.68033	71
1.68426	71
1.6882	71
1.69213	71
1.69607	71
1.7	72
1.70385	72
1.70803	72
1.71263	72
1.71722	72
1.72182	72
1.72642	73
1.73102	73
1.73562	73
1.74022	73
1.7452	73
1.75018	73
1.75516	73
1.76014	74
1.76513	74
1.77011	74
1.77509	74
1.78007	74
1.78505	74
1.79004	74
1.79502	75
1.8	75
1.80385	75
1.80769	75
1.81209	76
1.81671	76
1.82134	76
1.82597	76
1.8306	76
1.83522	76
1.83985	76
1.84448	77
1.8491	77
1.85373	77
1.85836	77
1.86298	77
1.86761	77
1.87224	77
1.87687	77
1.88149	78
1.88612	78
1.89075	78
1.89537	78
1.9	78
1.905	79
1.91	79
1.915	79
1.92	79
1.925	79
1.93	80
1.935	80
1.93964	80
1.94395	80
1.94827	80
1.95224	80
1.95622	80
1.95987	81
1.96322	81
1.96689	81
1.97057	81
1.97478	81
1.97898	81
1.98424	81
1.98949	82
1.99475	82
2	82
2.005	82
2.01	83
2.015	83
2.01972	83
2.02444	83
2.02917	83
2.03389	83
2.03861	83
2.04333	83
2.04806	84
2.05278	84
2.0575	84
2.06222	84
2.06694	84
2.07167	84
2.07639	84
2.07976	85
2.08313	85
2.08735	85
2.09157	85
2.09578	85
2.1	86
2.10476	86
2.10952	86
2.11429	86
2.11905	86
2.12381	86
2.12857	87
2.13214	87
2.13403	87
2.13623	87
2.13868	87
2.14147	87
2.14455	87
2.14781	88
2.15107	88
2.15457	88
2.1576	88
2.16062	88
2.16391	88
2.16751	88
2.17158	89
2.17513	89
2.17789	89
2.18066	89
2.18388	89
2.18791	89
2.19194	89
2.19597	90
2.2	90
2.20286	90
2.20497	91
2.20664	91
2.20777	91
2.20861	91
2.20912	91
2.20949	91
2.20972	92
2.20988	92
2.20999	92
2.21006	92
2.21011	92
2.21015	92
2.21017	93
2.21018	93
2.21019	93
2.2102	93
2.21021	93
2.21021	93
2.21021	94
2.21022	94
2.21022	94
2.21022	94
2.21022	94
2.21022	94
2.21022	94
2.21022	95
2.21022	95
2.21022	95
2.21022	95
2.21022	95
2.21022	95
2.21022	95
2.21022	96
2.21022	96
2.21022	96
2.21022	96
2.21022	96
2.21022	96
2.21022	96
2.21022	97
2.21022	97
2.21022	97
2.21022	97
2.21022	97
2.21022	97
2.21022	97
2.21022	98
2.21022	98
2.21022	98
2.21022	98
2.21022	98
2.21022	98
2.21022	98
2.21022	99
2.21022	99
2.21022	99
2.21022	99
2.21022	99
2.21022	99
2.21022	100
2.21022	100
2.21022	100
2.21022	100
2.21022	100
2.21022	100
2.21022	100
2.21022	101
2.21022	101
2.21022	101
2.21022	101
2.21022	101
2.21022	101
2.21022	102
2.21022	102
2.21022	102
2.21022	102
2.21022	102
2.21022	102
2.21022	102
2.21022	103
2.21022	103
2.21022	103
2.21022	103
2.21022	103
2.21022	103
2.21022	104
2.21022	104
2.21022	104
2.21022	104
2.21022	104
2.21022	104
2.21022	104
2.21022	105
2.21022	105
2.21022	105
2.21022	105
2.21022	105
2.21022	105
2.21022	106
2.21022	106
2.21022	106
2.21022	106
2.21022	106
2.21022	106
2.21022	107
2.21022	107
2.21022	107
2.21022	107
2.21022	107
2.21022	107
2.21022	108
2.21022	108
