0.00434783	-1.298532006273839e-15
0.00869565	5.64838570966375e-15
0.0130435	5.766706576683794e-16
0.0173913	-4.902480729881139e-15
0.0217391	-9.833849467112482e-15
0.026087	-1.376896701185218e-14
0.0304348	-1.790673533412614e-14
0.0347826	-2.206410458125246e-14
0.0391304	-2.505804304196577e-14
0.0434783	-2.93390833345187e-14
0.0478261	-3.370417058060877e-14
0.0521739	-3.637208251508334e-14
0.0565217	-3.135773161988358e-14
0.0608696	-2.581609777231056e-14
0.0652174	-3.043676099520246e-14
0.0695652	-3.399705357951647e-14
0.073913	-3.784717037776547e-14
0.0782609	-3.388633652993867e-14
0.0826087	-2.992126566419996e-14
0.0869565	-2.497924961907878e-14
0.0913043	-2.913637937706234e-14
0.0956522	-2.554443355729315e-14
0.1	-3.092443227702425e-14
0.104348	-2.593651648423813e-14
0.108696	-3.066988535371315e-14
0.113043	-2.581332588736139e-14
0.117391	-3.096644161350728e-14
0.121739	-3.567531462455229e-14
0.126087	-3.165346457192652e-14
0.130435	-2.893914801956077e-14
0.134783	-3.506902103431871e-14
0.13913	-3.076436433289604e-14
0.143478	-3.703742933380358e-14
0.147826	-3.240538239884724e-14
0.152174	-2.830657001228164e-14
0.156522	-2.391019303954847e-14
0.16087	-2.8036921795078e-14
0.165217	-2.523253381400053e-14
0.169565	-2.16623128499207e-14
0.173913	-2.476183010322862e-14
0.178261	-2.895917413809809e-14
0.182609	-2.454408940288114e-14
0.186957	-2.899808596261648e-14
0.191304	-2.241067237600915e-14
0.195652	-1.671867793321482e-14
0.2	-2.115492329642719e-14
0.204545	-2.707732849676599e-14
0.209091	-3.188084723425397e-14
0.213636	-3.773043128480359e-14
0.218182	-4.289911611218539e-14
0.222727	-3.873706091698078e-14
0.227273	-3.374367005643958e-14
0.231818	-3.880314155655513e-14
0.236364	-3.503673261231926e-14
0.240909	-4.069643507040975e-14
0.245455	-3.442144612374843e-14
0.25	-4.01159634909276e-14
0.254545	-4.56941898883139e-14
0.259091	-4.064869747343799e-14
0.263636	-4.724646792575492e-14
0.268182	-5.099187147437945e-14
0.272727	-5.577261508518676e-14
0.277273	-4.673814195611026e-14
0.281818	-5.295602525876488e-14
0.286364	-5.706974704686224e-14
0.290909	-6.468979454962951e-14
0.293939	-6.751973992158231e-14
0.29697	-6.486236837910158e-14
0.3	-6.214555178200292e-14
0.303448	-5.952958845993855e-14
0.30731	-5.266933755472529e-14
0.311724	-4.35791021366158e-14
0.316628	-3.631986922072925e-14
0.321533	-2.992686986667293e-14
0.326437	-3.684871712112166e-14
0.331341	-2.602475856100258e-14
0.335918	-3.169104103797502e-14
0.340496	-2.703536119931829e-14
0.345073	-3.312380483432488e-14
0.34965	-4.207350733680973e-14
0.354227	-4.659387240776687e-14
0.358805	-5.096900368838782e-14
0.363382	-5.707916529208705e-14
0.367959	-4.996842287082097e-14
0.372536	-4.592680560079335e-14
0.377114	-4.113192069469132e-14
0.381691	-5.019540060142425e-14
0.386268	-5.533491369831134e-14
0.390845	-4.995131570717196e-14
0.395423	-4.09046964792634e-14
0.4	-3.396689066428126e-14
0.404762	-4.026815488151796e-14
0.409524	-4.707816766421903e-14
0.414286	-5.573904945953955e-14
0.419048	-4.812550273587351e-14
0.42381	-5.458530497212876e-14
0.428571	-4.794647621118939e-14
0.433333	-4.008622564516586e-14
0.438095	-4.672615341164177e-14
0.442857	-5.26962887619473e-14
0.447619	-5.714212388674107e-14
0.452381	-5.160791470644578e-14
0.457143	-5.828504105777524e-14
0.461905	-5.113496539843514e-14
0.466667	-4.50427748807192e-14
0.471429	-5.387846379053975e-14
0.47619	-6.125924533807703e-14
0.480952	-5.260999693340786e-14
0.485714	-5.905421254634715e-14
0.490476	-5.238782261262081e-14
0.495238	-5.777769262950842e-14
0.5	-6.299290845430249e-14
0.504762	-6.911143891189517e-14
0.509524	-6.398452518108e-14
0.514286	-5.749005436712186e-14
0.519048	-6.312563245904478e-14
0.52381	-6.872758866137757e-14
0.528571	-7.376683172644371e-14
0.533333	-6.543041389458137e-14
0.538095	-5.725242417137977e-14
0.542857	-6.417512681590427e-14
0.547619	-7.118950311525872e-14
0.552381	-6.237453492372743e-14
0.557143	-6.95533587940619e-14
0.561905	-6.454385444017714e-14
0.566667	-7.417880185584047e-14
0.571429	-8.596021042096017e-14
0.57619	-7.902125014059559e-14
0.580952	-7.190576659046376e-14
0.585714	-6.517928874905244e-14
0.589286	-5.962835876770981e-14
0.591964	-5.648467278806314e-14
0.593973	-5.532715531292153e-14
0.595982	-5.385498085221069e-14
0.597991	-5.544019731203589e-14
0.6	-5.837234605003317e-14
0.602041	-6.085021710572029e-14
0.603621	-6.169668256617289e-14
0.605059	-6.280068797005192e-14
0.606455	-6.376570692367396e-14
0.607964	-6.250815509451173e-14
0.609608	-6.160221973540664e-14
0.611416	-5.984486869607619e-14
0.613429	-5.805244378853473e-14
0.615593	-6.085820934393466e-14
0.617757	-5.891772565697255e-14
0.620042	-5.678528898662688e-14
0.622621	-5.88478596145667e-14
0.625385	-5.534455984518906e-14
0.628369	-5.036344093236351e-14
0.631484	-4.445021011557823e-14
0.634598	-5.0041699747978e-14
0.637713	-4.47565865465132e-14
0.640991	-4.970766183909773e-14
0.644462	-5.305843135848122e-14
0.648429	-4.900393649764497e-14
0.652727	-5.862669640618717e-14
0.657454	-5.182826975158214e-14
0.662181	-6.085595716306837e-14
0.666909	-6.943601192584131e-14
0.671636	-6.107589217505554e-14
0.676363	-5.20814955244353e-14
0.681091	-6.248711543399207e-14
0.685818	-5.350476350557999e-14
0.690545	-4.335461533645881e-14
0.695273	-5.011105371127315e-14
0.7	-4.258041083622911e-14
0.704762	-5.060829395145924e-14
0.709524	-6.003345492901843e-14
0.714286	-5.135257974707204e-14
0.719048	-5.927648280797559e-14
0.72381	-6.649661434265558e-14
0.728571	-5.626830579721153e-14
0.733333	-6.50149101491938e-14
0.738095	-5.366946664988787e-14
0.742857	-6.443821302335856e-14
0.747619	-7.35561859549672e-14
0.751984	-6.769535973229273e-14
0.755985	-7.547289574303783e-14
0.760387	-8.505587395683285e-14
0.765339	-9.825259404616729e-14
0.77029	-8.783935038042395e-14
0.775242	-9.742717385360782e-14
0.780193	-1.108762421112559e-13
0.784155	-1.155386697583835e-13
0.788116	-1.068411730143259e-13
0.792077	-1.121287859904197e-13
0.796039	-1.179155385905528e-13
0.8	-1.10168254929254e-13
0.804348	-1.182893025087139e-13
0.80913	-1.067430514435138e-13
0.813913	-9.862427563235087e-14
0.818696	-9.080146766921255e-14
0.823478	-7.98895597499998e-14
0.828261	-7.208905025891968e-14
0.833043	-5.745102692184188e-14
0.837826	-7.509661660525999e-14
0.842609	-8.429818119887237e-14
0.847391	-7.57947194825787e-14
0.852174	-8.769691408067527e-14
0.856957	-9.929252096717249e-14
0.861739	-1.156476144170721e-13
0.866522	-1.018282200998549e-13
0.871304	-9.243071936100356e-14
0.876087	-1.00029055535091e-13
0.88087	-8.502831246945672e-14
0.885652	-7.575912094254895e-14
0.889239	-7.039561082188382e-14
0.892826	-7.971018923747431e-14
0.896413	-7.377929778928999e-14
0.9	-6.387881286133214e-14
0.904	-7.172271605617502e-14
0.908571	-7.928805845814105e-14
0.913383	-9.578299054718694e-14
0.918195	-1.115041576179791e-13
0.923008	-9.657544080447175e-14
0.92782	-8.752649916055523e-14
0.932632	-1.064137096725494e-13
0.937444	-1.168322206215387e-13
0.942256	-9.895400612390292e-14
0.947068	-1.07299772903374e-13
0.95188	-1.229892895417288e-13
0.956692	-1.309789992802734e-13
0.961504	-1.440790631181717e-13
0.966316	-1.53316032539191e-13
0.971128	-1.655014661599664e-13
0.97594	-1.776786719651078e-13
0.980752	-1.626467847036143e-13
0.985564	-1.736227117890518e-13
0.990376	-1.874243144403338e-13
0.995188	-1.982825005111187e-13
1	-1.841872218312225e-13
1.00476	-1.668535591017203e-13
1.00952	-1.843809550661774e-13
1.01429	-1.936744576458035e-13
1.01905	-2.052412677896711e-13
1.02381	-2.233275677214216e-13
1.02857	-2.347705569578948e-13
1.03333	-2.196811021990799e-13
1.0381	-2.379223639320575e-13
1.04286	-2.505928490199689e-13
1.04725	-2.36120228349713e-13
1.05077	-2.290726138805926e-13
1.05405	-2.230615382838549e-13
1.05759	-2.356460791592822e-13
1.06144	-2.441076425819581e-13
1.06573	-2.311226067153334e-13
1.07062	-2.088282506153739e-13
1.07552	-1.841637666025503e-13
1.08041	-1.697456666844553e-13
1.08531	-1.867732591642667e-13
1.09021	-2.066882005164237e-13
1.0951	-2.145995811705649e-13
1.1	-1.981485538332687e-13
1.10476	-2.215524283051506e-13
1.10952	-2.459920298171256e-13
1.11429	-2.234309599340962e-13
1.11905	-1.965313488781095e-13
1.12381	-2.149165045630272e-13
1.12857	-1.900365242834623e-13
1.13333	-1.642046201265599e-13
1.1381	-1.901046351892929e-13
1.14286	-2.109526202846275e-13
1.14762	-1.92998091802804e-13
1.15238	-1.791626812645932e-13
1.15714	-1.503089818588159e-13
1.1619	-1.766681829470606e-13
1.16667	-1.489219759538634e-13
1.17143	-1.793665573415698e-13
1.17619	-2.120816084725333e-13
1.18095	-1.828873153636888e-13
1.18571	-2.154375106909755e-13
1.19048	-2.436079947505098e-13
1.19524	-2.173899400028005e-13
1.2	-2.489951090788733e-13
1.20476	-2.734379870361248e-13
1.20952	-2.943651965159218e-13
1.21429	-2.65062691253861e-13
1.21905	-2.951986170591569e-13
1.22381	-2.713636066972322e-13
1.22857	-2.970027169494856e-13
1.23333	-3.196321453318582e-13
1.2381	-3.577403513144953e-13
1.24286	-3.089191814416114e-13
1.24762	-3.595355373493392e-13
1.25238	-4.025042415478619e-13
1.25714	-3.752211145103458e-13
1.2619	-4.024941384934747e-13
1.26667	-4.618369381964969e-13
1.27143	-4.885371201850776e-13
1.27619	-5.167350297825975e-13
1.28095	-4.584607594044095e-13
1.28571	-4.09072681750307e-13
1.29048	-3.712496737031799e-13
1.29524	-3.441855554040356e-13
1.3	-3.098071330799446e-13
1.30476	-2.845318877530596e-13
1.30952	-2.574493879491805e-13
1.31429	-2.335331609965604e-13
1.31905	-2.109934977866662e-13
1.32381	-1.899270958760101e-13
1.32857	-1.559253649014348e-13
1.33333	-1.826908158133874e-13
1.3381	-1.586256787512096e-13
1.34286	-1.258657110953671e-13
1.34762	-9.839507360605338e-14
1.35238	-1.330438840419146e-13
1.35714	-1.545500778118799e-13
1.35966	-1.67521243114404e-13
1.36277	-1.530274407442687e-13
1.36615	-1.422814742748613e-13
1.36991	-1.255510984452694e-13
1.37421	-1.11206210980622e-13
1.37937	-7.98688499113607e-14
1.38453	-5.495188243456311e-14
1.38968	-8.818769710420414e-14
1.39484	-6.073597141140234e-14
1.39742	-7.208713943709573e-14
1.4	-8.212179467010601e-14
1.40294	-7.127235387733291e-14
1.40629	-5.889682779421592e-14
1.41004	-4.471501072106638e-14
1.41432	-2.6583155113837e-14
1.41908	-4.843078478089027e-14
1.42384	-6.720053842497641e-14
1.4286	-9.39358944871624e-14
1.43336	-1.211319684649297e-13
1.43753	-1.429230155435282e-13
1.4412	-1.221136918023324e-13
1.4443	-1.34324359736222e-13
1.44723	-1.491961507607827e-13
1.45033	-1.680238360806449e-13
1.45388	-1.551633575388951e-13
1.45772	-1.318076060119221e-13
1.46195	-1.094665291579752e-13
1.46671	-8.978308005580341e-14
1.47146	-6.965950067165586e-14
1.47622	-9.175664082062045e-14
1.48098	-1.345314615702317e-13
1.48573	-1.812517883214191e-13
1.49049	-2.155458437936518e-13
1.49524	-2.542467799123756e-13
1.5	-2.115922574433887e-13
1.50476	-2.554325041764938e-13
1.50952	-2.851829131493211e-13
1.51429	-2.571964617316881e-13
1.51905	-2.255530506330416e-13
1.52381	-1.700652915013264e-13
1.52857	-1.102936928398872e-13
1.53333	-1.38236730684356e-13
1.5381	-9.818853171265444e-14
1.54286	-1.364183718147908e-13
1.54762	-9.603829929906681e-14
1.55238	-1.366613484147325e-13
1.55714	-6.010780335875447e-14
1.5619	-2.457451101898561e-14
1.56667	1.163975973842537e-14
1.57143	5.480206249604183e-14
1.57619	6.582565597640878e-15
1.58095	-7.316639620720945e-14
1.58571	-2.414766804651956e-14
1.59048	1.964174936260823e-14
1.59524	8.346598627381314e-14
1.6	1.294799942578641e-13
1.60476	1.882684073969184e-13
1.60952	2.421424798455217e-13
1.61429	2.790757495140727e-13
1.61905	2.366714054786209e-13
1.62381	1.968657790609844e-13
1.62857	2.515049978792354e-13
1.63333	2.116555772933807e-13
1.6381	1.664350732409377e-13
1.64222	1.380988180508379e-13
1.64635	8.473785024087416e-14
1.65082	5.004118656136626e-14
1.65574	8.52198253231045e-14
1.66066	5.337559481530479e-14
1.66557	-6.989952999292473e-15
1.67049	2.631024881877763e-14
1.67541	5.712318009159556e-14
1.68033	2.377183410435879e-14
1.68426	1.312896925147562e-15
1.6882	-2.724125010154075e-14
1.69213	-5.222461772871604e-14
1.69607	-1.619713157079252e-14
1.7	-5.774852700017436e-14
1.70385	-8.051339725683585e-14
1.70803	-3.194781163786506e-14
1.71263	2.026608531743521e-14
1.71722	-1.990925863984252e-14
1.72182	-6.300969266046143e-14
1.72642	-2.65104944422887e-14
1.73102	-5.279002892713973e-14
1.73562	-9.096158565138407e-14
1.74022	-1.354836054261608e-13
1.7452	-9.672117393669927e-14
1.75018	-1.468297747606244e-13
1.75516	-1.866761534410026e-13
1.76014	-2.272197536558418e-13
1.76513	-2.586748514514731e-13
1.77011	-3.140565240609922e-13
1.77509	-3.490949891660967e-13
1.78007	-2.719941998913449e-13
1.78505	-3.085192093841559e-13
1.79004	-2.233885491213816e-13
1.79502	-1.504505989270898e-13
1.8	-2.442923249146173e-13
1.80385	-2.860172398380395e-13
1.80769	-3.251389456992362e-13
1.81209	-2.668837764139142e-13
1.81671	-2.176898509595827e-13
1.82134	-1.406731124586548e-13
1.82597	-2.124183966179459e-13
1.8306	-1.517385702638396e-13
1.83522	-6.848757456732256e-14
1.83985	-1.514763089322226e-13
1.84448	-2.430124572001708e-13
1.8491	-1.986951639484359e-13
1.85373	-1.461651948180613e-13
1.85836	-8.7859282086911e-14
1.86298	-1.675637323861184e-13
1.86761	-2.690138901262328e-13
1.87224	-3.216724271926289e-13
1.87687	-3.872469249050502e-13
1.88149	-4.518645942382235e-13
1.88612	-3.656781319720604e-13
1.89075	-3.064305713796875e-13
1.89537	-4.095849877569757e-13
1.9	-4.924350970211504e-13
1.905	-3.812954355118487e-13
1.91	-4.939069843696746e-13
1.915	-3.975385443170778e-13
1.92	-3.091530606730833e-13
1.925	-4.250655686275021e-13
1.93	-3.495555963694734e-13
1.935	-4.416454729953593e-13
1.93964	-5.67390240150667e-13
1.94395	-6.182312535925365e-13
1.94827	-6.74523366843083e-13
1.95224	-7.816697623478829e-13
1.95622	-7.001513056411444e-13
1.95987	-7.689711522157411e-13
1.96322	-8.121606250984773e-13
1.96689	-8.712324916034515e-13
1.97057	-9.384796890522655e-13
1.97478	-8.668779400324116e-13
1.97898	-9.80217796798255e-13
1.98424	-8.578948365226556e-13
1.98949	-9.931089815743059e-13
1.99475	-1.10608605558786e-12
2	-1.252100282353883e-12
2.005	-1.390656355198981e-12
2.01	-1.385705169948203e-12
2.015	-1.466377752602151e-12
2.01972	-1.624043029169077e-12
2.02444	-1.520409049027264e-12
2.02917	-1.652055603060732e-12
2.03389	-1.801458564510704e-12
2.03861	-1.880377015332575e-12
2.04333	-2.022994809021019e-12
2.04806	-2.161269854411475e-12
2.05278	-2.336958848531583e-12
2.0575	-2.429062371746991e-12
2.06222	-2.609499461361269e-12
2.06694	-2.441544210747043e-12
2.07167	-2.650090822652194e-12
2.07639	-2.785637359363676e-12
2.07976	-2.850487508374263e-12
2.08313	-2.925522289670692e-12
2.08735	-2.781534342899105e-12
2.09157	-3.010534288064336e-12
2.09578	-3.129425511443674e-12
2.1	-3.332629628797995e-12
2.10476	-3.104146946607721e-12
2.10952	-3.257906834034424e-12
2.11429	-3.43153602891701e-12
2.11905	-3.72698400657611e-12
2.12381	-3.401447555788965e-12
2.12857	-3.573864744431108e-12
2.13214	-3.829269962389821e-12
2.13403	-3.914686444335628e-12
2.13623	-3.763266293541435e-12
2.13868	-3.672783620683079e-12
2.14147	-3.560428305776469e-12
2.14455	-3.378594563606392e-12
2.14781	-3.128690268023044e-12
2.15107	-3.454218369917279e-12
2.15457	-3.201101710729669e-12
2.1576	-3.402641369192592e-12
2.16062	-3.637111145580571e-12
2.16391	-3.31585712829565e-12
2.16751	-2.839616141897589e-12
2.17158	-3.504594338839374e-12
2.17513	-3.786115082773358e-12
2.17789	-4.237101773447139e-12
2.18066	-3.728244398848425e-12
2.18388	-4.318017213137012e-12
2.18791	-3.715078362310835e-12
2.19194	-4.624303212296655e-12
2.19597	-2.943224053257715e-12
2.2	-4.091010235227285e-12
2.20286	-5.378694986471314e-12
2.20497	-6.197419925868746e-12
2.20664	-7.699831040408887e-12
2.20777	-8.653236506857395e-12
2.20861	-9.556133782151011e-12
2.20912	-1.053922396220239e-11
2.20949	-1.137781405396548e-11
2.20972	-1.237619630446839e-11
2.20988	-1.319233696236335e-11
2.20999	-1.416995824132293e-11
2.21006	-1.496915465823625e-11
2.21011	-1.593185885413951e-11
2.21015	-1.672780503515032e-11
2.21017	-1.769158181988132e-11
2.21018	-1.848563792085283e-11
2.21019	-1.945187046124644e-11
2.2102	-2.026055879545161e-11
2.21021	-2.124294914899069e-11
2.21021	-2.207950166714398e-11
2.21021	-2.312967487238461e-11
2.21022	-2.399326973117118e-11
2.21022	-2.505000386166108e-11
2.21022	-2.576803654203163e-11
2.21022	-2.666390780117557e-11
2.21022	-2.798906296411374e-11
2.21022	-2.88952958743708e-11
2.21022	-2.994381136742101e-11
2.21022	-2.879475772253084e-11
2.21022	-2.784760010080846e-11
2.21022	-2.890951919331114e-11
2.21022	-2.963924833099649e-11
2.21022	-3.045545767122928e-11
2.21022	-2.920153221247375e-11
2.21022	-3.048174609670131e-11
2.21022	-3.178246229759879e-11
2.21022	-3.087193214978298e-11
2.21022	-3.026320582075336e-11
2.21022	-2.950684322625158e-11
2.21022	-3.035576318390809e-11
2.21022	-2.951295669921128e-11
2.21022	-2.853428940532035e-11
2.21022	-2.728798325502724e-11
2.21022	-2.804140216314381e-11
2.21022	-2.931117433271082e-11
2.21022	-3.004525390839213e-11
2.21022	-2.879858172042186e-11
2.21022	-2.804606724385181e-11
2.21022	-2.913759010007625e-11
2.21022	-2.837869512665642e-11
2.21022	-2.896807206783632e-11
2.21022	-2.827905486361302e-11
2.21022	-2.761365327545237e-11
2.21022	-2.690017633704787e-11
2.21022	-2.619243868172481e-11
2.21022	-2.548169236835762e-11
2.21022	-2.476454500449601e-11
2.21022	-2.404440140121331e-11
2.21022	-2.332340894875643e-11
2.21022	-2.260088156170668e-11
2.21022	-2.187720808732811e-11
2.21022	-2.115261565022393e-11
2.21022	-2.042764002349719e-11
2.21022	-1.970222960171575e-11
2.21022	-1.897666391635196e-11
2.21022	-1.825091730377636e-11
2.21022	-1.752512536262842e-11
2.21022	-1.679915485319533e-11
2.21022	-1.607318559542684e-11
2.21022	-1.534719764720939e-11
2.21022	-1.462121064933141e-11
2.21022	-1.389520794096551e-11
2.21022	-1.316920606079433e-11
2.21022	-1.244319550564176e-11
2.21022	-1.171718492141126e-11
2.21022	-1.099116916609283e-11
2.21022	-1.026515307129582e-11
2.21022	-9.539133963027382e-12
2.21022	-8.813114588208933e-12
2.21022	-8.087093520533228e-12
2.21022	-7.361072333318814e-12
2.21022	-6.635050251888998e-12
2.21022	-5.909028113992271e-12
2.21022	-5.183005529817644e-12
2.21022	-4.456982990481613e-12
2.21022	-3.730960207447768e-12
2.21022	-3.004937482657056e-12
2.21022	-2.278914631105374e-12
2.21022	-1.552891830271967e-12
2.21022	-8.268689674664783e-13
2.21022	-1.008461341621284e-13
2.21022	6.251767239405268e-13
2.21022	1.351199540445717e-12
2.21022	2.077222383681401e-12
2.21022	2.803245217473171e-12
2.21022	3.529268063950608e-12
2.21022	4.255290905512518e-12
2.21022	4.981313751673226e-12
2.21022	5.707336609412491e-12
2.21022	6.433359456179179e-12
2.21022	7.159382285433071e-12
2.21022	7.885405160692177e-12
2.21022	8.61142800918549e-12
2.21022	9.33745084660981e-12
2.21022	1.006347370681035e-11
2.21022	1.078949655370312e-11
2.21022	1.151551940750439e-11
2.21022	1.22415422842776e-11
2.21022	1.296756512581472e-11
2.21022	1.369358797442652e-11
2.21022	1.441961078007853e-11
2.21022	1.514563362899276e-11
2.21022	1.587165645959378e-11
2.21022	1.659767931943829e-11
