0.00434783	3.460674666435579e-15
0.00869565	1.820251839525866e-14
0.0130435	1.37129789936896e-14
0.0173913	1.438359794279616e-14
0.0217391	1.294792443093051e-14
0.026087	1.03362138073738e-14
0.0304348	1.086232387349626e-14
0.0347826	1.089258127247697e-14
0.0391304	7.421486291288988e-15
0.0434783	1.12472677100517e-14
0.0478261	1.057764538809964e-14
0.0521739	6.993451952282939e-15
0.0565217	1.317234785804555e-14
0.0608696	1.438798766219725e-14
0.0652174	1.169434934694538e-14
0.0695652	9.350890155261898e-15
0.073913	1.010398142834356e-14
0.0782609	1.0404178187546e-14
0.0826087	1.034133099031111e-14
0.0869565	1.301474825981411e-14
0.0913043	1.09479314530698e-14
0.0956522	9.424051736611256e-15
0.1	1.416902247265884e-14
0.104348	1.311564582318557e-14
0.108696	1.245769638463974e-14
0.113043	1.278283653057006e-14
0.117391	1.353057126260777e-14
0.121739	1.238204346255917e-14
0.126087	1.057401952314118e-14
0.130435	7.146566626151803e-15
0.134783	1.613223733105974e-14
0.13913	1.122762914866988e-14
0.143478	1.650437998384244e-14
0.147826	1.216253457689193e-14
0.152174	1.078851898717066e-14
0.156522	1.154701899122008e-14
0.16087	1.080657372331172e-14
0.165217	7.389197539328073e-15
0.169565	8.839828576200845e-15
0.173913	7.725886707179727e-15
0.178261	1.071092804299714e-14
0.182609	1.158646570263774e-14
0.186957	1.171134362898916e-14
0.191304	1.728609800888652e-14
0.195652	1.427617511252278e-14
0.2	1.167691463921808e-14
0.204545	1.559625849716465e-14
0.209091	1.264414874385578e-14
0.213636	1.529715729010073e-14
0.218182	1.358198643039304e-14
0.222727	1.072845780747653e-14
0.227273	1.314267063467332e-14
0.231818	1.33039218548485e-14
0.236364	9.870991575694075e-15
0.240909	1.48996677681522e-14
0.245455	1.649309164141692e-14
0.25	1.490944165069284e-14
0.254545	1.468972831897778e-14
0.259091	1.323796022868825e-14
0.263636	1.736625424422148e-14
0.268182	9.861918694788119e-15
0.272727	1.258149854434979e-14
0.277273	2.092062845548081e-14
0.281818	1.636874259370061e-14
0.286364	1.083608510860288e-14
0.290909	2.006763611626158e-14
0.293939	7.47462430808344e-15
0.29697	7.020694899223356e-15
0.3	7.174367147625018e-15
0.303448	6.899189497608743e-15
0.30731	1.809418054823608e-14
0.311724	2.387720839849452e-14
0.316628	1.910942729868052e-14
0.321533	1.681742056993295e-14
0.326437	1.821673496380794e-14
0.331341	2.848761533172596e-14
0.335918	1.492800263623292e-14
0.340496	1.225266687241044e-14
0.345073	1.603836267250183e-14
0.34965	2.357201782061641e-14
0.354227	1.189878990577328e-14
0.358805	1.151970259768655e-14
0.363382	1.606248097042702e-14
0.367959	1.804803106285932e-14
0.372536	1.06405467417961e-14
0.377114	1.262494401248875e-14
0.381691	2.296814105353588e-14
0.386268	1.330153453919529e-14
0.390845	1.416658495665845e-14
0.395423	2.168106811368719e-14
0.4	1.826472765659536e-14
0.404762	1.628064189307034e-14
0.409524	1.7917325631833e-14
0.414286	2.27474557549873e-14
0.419048	2.003159467310206e-14
0.42381	1.688845361683125e-14
0.428571	1.746012698999269e-14
0.433333	2.066067435198002e-14
0.438095	1.736107622930129e-14
0.442857	1.430546481804977e-14
0.447619	1.166720030364181e-14
0.452381	1.455555689865022e-14
0.457143	1.739618329023358e-14
0.461905	1.869298245943981e-14
0.466667	1.60378380908967e-14
0.471429	2.325377184281747e-14
0.47619	1.943049711039648e-14
0.480952	2.275152780970977e-14
0.485714	1.67972739075071e-14
0.490476	1.754803241164566e-14
0.495238	1.417759701016919e-14
0.5	1.36917909497546e-14
0.504762	1.608887675988568e-14
0.509524	1.250921937980725e-14
0.514286	1.706356910787883e-14
0.519048	1.474576043285869e-14
0.52381	1.452846296493756e-14
0.528571	1.326954941121737e-14
0.533333	2.1939149583017e-14
0.538095	2.15197922309073e-14
0.542857	1.80546682898915e-14
0.547619	1.841998405515516e-14
0.552381	2.315712741672776e-14
0.557143	1.879758281195783e-14
0.561905	1.318321159495125e-14
0.566667	2.533847982490662e-14
0.571429	3.09833291237281e-14
0.57619	1.827195182294994e-14
0.580952	1.860238799404157e-14
0.585714	1.770649610311484e-14
0.589286	1.37167579973568e-14
0.591964	8.122565002488943e-15
0.593973	3.731899105166411e-15
0.595982	3.895154763715042e-15
0.597991	4.195195418951538e-15
0.6	7.653437249005056e-15
0.602041	6.555689475085877e-15
0.603621	2.242132510484455e-15
0.605059	2.923784821443697e-15
0.606455	2.552640025094271e-15
0.607964	3.170891530014429e-15
0.609608	2.400185870482402e-15
0.611416	4.651391268687647e-15
0.613429	4.728345156982743e-15
0.615593	7.406302384310011e-15
0.617757	5.125647945500459e-15
0.620042	5.973512032955913e-15
0.622621	5.449834032238763e-15
0.625385	8.35313089360875e-15
0.628369	1.313389416307996e-14
0.631484	1.543541556368413e-14
0.634598	1.472732011263464e-14
0.637713	1.395053878606673e-14
0.640991	1.306846373560693e-14
0.644462	8.837629040568538e-15
0.648429	1.063057343004725e-14
0.652727	2.532474777425753e-14
0.657454	1.621056752536567e-14
0.662181	2.377064192951052e-14
0.666909	2.259952367044149e-14
0.671636	2.196394038314458e-14
0.676363	2.367759558716517e-14
0.681091	2.738918251927444e-14
0.685818	2.361837263967963e-14
0.690545	2.668588404624841e-14
0.695273	1.779193765143859e-14
0.7	1.982647013981247e-14
0.704762	2.113025414242346e-14
0.709524	2.479818767703058e-14
0.714286	2.28506453074708e-14
0.719048	2.085353359396652e-14
0.72381	1.90004381239306e-14
0.728571	2.692843555455805e-14
0.733333	2.302655945448851e-14
0.738095	2.986496506993746e-14
0.742857	2.835539210722752e-14
0.747619	2.400885007236854e-14
0.751984	1.543922187350413e-14
0.755985	1.992028926453869e-14
0.760387	2.501947139313401e-14
0.765339	3.471233289859986e-14
0.77029	2.740450277318543e-14
0.775242	2.52526197104346e-14
0.780193	3.388378999334644e-14
0.784155	1.230130926440699e-14
0.788116	2.131759072762362e-14
0.792077	1.386164613531258e-14
0.796039	1.520474206988849e-14
0.8	2.043450253573021e-14
0.804348	2.132986491633533e-14
0.80913	3.040616230810249e-14
0.813913	2.105814190642746e-14
0.818696	2.06010547522157e-14
0.823478	2.858277292131072e-14
0.828261	2.052710327041634e-14
0.833043	3.853114715204941e-14
0.837826	4.648282333827337e-14
0.842609	2.423492966442681e-14
0.847391	2.240284847141338e-14
0.852174	3.134806690101659e-14
0.856957	3.053445149995365e-14
0.861739	4.304075046025748e-14
0.866522	3.556649425654437e-14
0.871304	2.474469938807843e-14
0.876087	2.000017795699068e-14
0.88087	3.951712642258943e-14
0.885652	2.44153898640219e-14
0.889239	1.415878577169895e-14
0.892826	2.458908389304068e-14
0.896413	1.563260716372117e-14
0.9	2.600416528785548e-14
0.904	2.068030256901367e-14
0.908571	1.982722655059275e-14
0.913383	4.34110406444119e-14
0.918195	4.13939660305917e-14
0.923008	3.929304808778741e-14
0.92782	2.381903812355487e-14
0.932632	4.97064091334707e-14
0.937444	2.741070945662426e-14
0.942256	4.704549790225311e-14
0.947068	2.198155700373158e-14
0.95188	4.10821585181689e-14
0.956692	2.099559492549939e-14
0.961504	3.339375271059355e-14
0.966316	2.430580488553474e-14
0.971128	3.196730692211853e-14
0.97594	3.207926658504563e-14
0.980752	3.908157834417809e-14
0.985564	2.871431595569337e-14
0.990376	3.634370790078209e-14
0.995188	2.841253841979738e-14
1	3.713166942415993e-14
1.00476	4.564983455283346e-14
1.00952	4.569105272929253e-14
1.01429	2.240336383121728e-14
1.01905	3.047374126045308e-14
1.02381	4.434626896351738e-14
1.02857	2.838858746503825e-14
1.03333	3.972839275262629e-14
1.0381	4.802906022614478e-14
1.04286	3.327890170237263e-14
1.04725	3.802088620446512e-14
1.05077	1.85435329122107e-14
1.05405	1.566129878340664e-14
1.05759	3.320660001673513e-14
1.06144	2.230791383294699e-14
1.06573	3.422777558464123e-14
1.07062	5.871520945029622e-14
1.07552	6.490660112637736e-14
1.08041	3.795269073012261e-14
1.08531	4.480526089837581e-14
1.09021	5.241428673868535e-14
1.0951	3.26509149567997e-14
1.1	4.326257154235478e-14
1.10476	6.163448940170483e-14
1.10952	6.436345564295223e-14
1.11429	5.937081052253406e-14
1.11905	6.971608668456936e-14
1.12381	4.839021893479282e-14
1.12857	6.501747528646787e-14
1.13333	6.798446740502617e-14
1.1381	6.791860749777203e-14
1.14286	5.477668769555213e-14
1.14762	4.721824111684679e-14
1.15238	3.64080853342619e-14
1.15714	7.590032884021977e-14
1.1619	6.935476050814848e-14
1.16667	7.265118013110241e-14
1.17143	8.015207396612169e-14
1.17619	8.616415244131555e-14
1.18095	7.583115825801301e-14
1.18571	8.545649158125099e-14
1.19048	7.418747744782345e-14
1.19524	6.903083792973312e-14
1.2	8.314823304726101e-14
1.20476	6.435803394921204e-14
1.20952	5.434276353766921e-14
1.21429	7.711585103439981e-14
1.21905	7.904307562708674e-14
1.22381	6.27091104230017e-14
1.22857	6.731513461057562e-14
1.23333	5.779205123527047e-14
1.2381	9.297745585579738e-14
1.24286	1.275686524261512e-13
1.24762	1.316244215144909e-13
1.25238	1.130901259868446e-13
1.25714	7.184673614883242e-14
1.2619	7.180881683688508e-14
1.26667	1.491187901857e-13
1.27143	7.02544374253648e-14
1.27619	7.43192502288555e-14
1.28095	1.523876583296987e-13
1.28571	1.300101101017513e-13
1.29048	9.970723035964853e-14
1.29524	7.134085756978143e-14
1.3	9.059165192879415e-14
1.30476	6.664869110196855e-14
1.30952	7.141351889681379e-14
1.31429	6.304343882382445e-14
1.31905	5.945025937195582e-14
1.32381	5.063346217312353e-14
1.32857	8.961974272734602e-14
1.33333	7.027495705587254e-14
1.3381	6.29933101657888e-14
1.34286	8.634147696165748e-14
1.34762	7.240327817273114e-14
1.35238	9.129130597365538e-14
1.35714	5.668494683758384e-14
1.35966	3.433295651984093e-14
1.36277	3.82720606733605e-14
1.36615	2.823457512891677e-14
1.36991	4.412705600404346e-14
1.37421	3.784628574165945e-14
1.37937	8.258385316037497e-14
1.38453	6.559510624119069e-14
1.38968	8.747013496556765e-14
1.39484	7.235180070644476e-14
1.39742	3.004625604915794e-14
1.4	2.654865139638981e-14
1.40294	2.869816213199468e-14
1.40629	3.271305314128659e-14
1.41004	3.746168676165659e-14
1.41432	4.785917402013089e-14
1.41908	5.758310925170568e-14
1.42384	4.15598379894587e-14
1.4286	7.030364315525326e-14
1.43336	7.170892604630919e-14
1.43753	5.752317582512839e-14
1.4412	5.419559064810743e-14
1.4443	3.227772458960377e-14
1.44723	3.931601062705327e-14
1.45033	4.97438639307416e-14
1.45388	3.397526458328297e-14
1.45772	6.162732768956327e-14
1.46195	5.893981619146348e-14
1.46671	5.18203987969908e-14
1.47146	5.294780160844067e-14
1.47622	5.823400601821112e-14
1.48098	1.073507515917152e-13
1.48573	1.230647263607616e-13
1.49049	8.943741795139402e-14
1.49524	1.019586989963101e-13
1.5	1.097597560398849e-13
1.50476	1.155466757246414e-13
1.50952	7.026684908639301e-14
1.51429	7.382306574865112e-14
1.51905	8.346495121674638e-14
1.52381	1.462594044838122e-13
1.52857	1.57316138872063e-13
1.53333	7.352112208356207e-14
1.5381	1.05639154239016e-13
1.54286	1.005196034867959e-13
1.54762	1.065068279196553e-13
1.55238	1.067943613767715e-13
1.55714	1.777797148929545e-13
1.5619	9.377061909173765e-14
1.56667	9.554458449450762e-14
1.57143	1.13878539752609e-13
1.57619	1.258365206838528e-13
1.58095	2.006320969062461e-13
1.58571	1.282722556475533e-13
1.59048	1.154515751933575e-13
1.59524	1.684275629313192e-13
1.6	1.214161196028679e-13
1.60476	1.551480539227413e-13
1.60952	1.421401822849614e-13
1.61429	9.665589908597175e-14
1.61905	1.049346394336636e-13
1.62381	1.047613324353236e-13
1.62857	1.405677013949532e-13
1.63333	1.050396889533256e-13
1.6381	1.191764119215265e-13
1.64222	7.478403810229079e-14
1.64635	1.406641700738328e-13
1.65082	8.89994994724824e-14
1.65574	9.270683616365886e-14
1.66066	7.930534929322252e-14
1.66557	1.591630539462103e-13
1.67049	8.772660194034036e-14
1.67541	8.125276856397972e-14
1.68033	8.797969931995211e-14
1.68426	5.932678366837411e-14
1.6882	7.543154358039908e-14
1.69213	6.592002163038336e-14
1.69607	9.467432034133742e-14
1.7	1.096800242704847e-13
1.70385	6.013317901633391e-14
1.70803	1.276609014939604e-13
1.71263	1.37660033528961e-13
1.71722	1.059110029365729e-13
1.72182	1.134143653327466e-13
1.72642	9.600181785928686e-14
1.73102	6.938031772402223e-14
1.73562	1.00723749622747e-13
1.74022	1.174205362977982e-13
1.7452	9.639000955637658e-14
1.75018	1.321856772710731e-13
1.75516	1.050771949145761e-13
1.76014	1.06628832363234e-13
1.76513	8.300292944309628e-14
1.77011	1.460894475217369e-13
1.77509	9.189133253161561e-14
1.78007	2.003395895576721e-13
1.78505	9.634055822891733e-14
1.79004	2.243467131724254e-13
1.79502	1.919301566738668e-13
1.8	2.426566591829409e-13
1.80385	1.102729110386786e-13
1.80769	1.033178011615937e-13
1.81209	1.537567938624431e-13
1.81671	1.297867385106828e-13
1.82134	2.029614455212018e-13
1.82597	1.749640799621403e-13
1.8306	1.598778508955428e-13
1.83522	2.182595876458885e-13
1.83985	2.189673387921825e-13
1.84448	2.413542782848483e-13
1.8491	1.161835456665046e-13
1.85373	1.375683271131187e-13
1.85836	1.535289747376491e-13
1.86298	1.930089595450801e-13
1.86761	2.674651171658606e-13
1.87224	1.369578663713332e-13
1.87687	1.729328486365717e-13
1.88149	1.70413605185277e-13
1.88612	2.27122344885831e-13
1.89075	1.563171057774794e-13
1.89537	2.715061290508153e-13
1.9	2.059001997080828e-13
1.905	2.931200887126766e-13
1.91	2.750882506192814e-13
1.915	2.52780510544016e-13
1.92	2.329683977091081e-13
1.925	3.055258538207003e-13
1.93	1.984879754271174e-13
1.935	2.428882479116197e-13
1.93964	3.317273786447388e-13
1.94395	1.342273606476311e-13
1.94827	1.485747629439156e-13
1.95224	2.830404526798927e-13
1.95622	2.152995143295997e-13
1.95987	1.819118723693861e-13
1.96322	1.142161504447951e-13
1.96689	1.559815259765164e-13
1.97057	1.776663779299916e-13
1.97478	1.890691648949182e-13
1.97898	2.994541333034832e-13
1.98424	3.225947211985535e-13
1.98949	3.565447052537563e-13
1.99475	2.978187824092659e-13
2	3.358484288072694e-13
2.005	3.654985562277702e-13
2.01	3.54688109876347e-13
2.015	2.12812005862665e-13
2.01972	4.162544873722668e-13
2.02444	2.79114188366222e-13
2.02917	3.468365250413687e-13
2.03389	3.923846917422528e-13
2.03861	2.083513475002465e-13
2.04333	3.758895784328245e-13
2.04806	3.647034021503631e-13
2.05278	4.636729671237907e-13
2.0575	2.431299262443837e-13
2.06222	4.763331437689626e-13
2.06694	4.430865109453402e-13
2.07167	5.504793910044058e-13
2.07639	3.577426161309426e-13
2.07976	1.714997528383546e-13
2.08313	1.984233332714694e-13
2.08735	3.804590744289655e-13
2.09157	6.050691601477396e-13
2.09578	3.141836721187139e-13
2.1	5.36896527940703e-13
2.10476	6.031181291146526e-13
2.10952	4.059235165016141e-13
2.11429	4.583729354987328e-13
2.11905	7.79849204263385e-13
2.12381	8.562213968466044e-13
2.12857	4.550380807965079e-13
2.13214	6.752078740122433e-13
2.13403	2.264250230629218e-13
2.13623	4.011659896063701e-13
2.13868	2.396389065239933e-13
2.14147	2.973789551256807e-13
2.14455	4.811188441286229e-13
2.14781	6.609148605204007e-13
2.15107	8.612417047602741e-13
2.15457	6.694785310824248e-13
2.1576	5.335245728030685e-13
2.16062	6.207360136213604e-13
2.16391	8.50121573539175e-13
2.16751	1.248637363013683e-12
2.17158	1.758228155928453e-12
2.17513	7.448710231030367e-13
2.17789	1.194563544509744e-12
2.18066	1.266478915607732e-12
2.18388	1.560798647005706e-12
2.18791	1.594650068601621e-12
2.19194	2.404047204356771e-12
2.19597	3.994210748447359e-12
2.2	3.036083371962838e-12
2.20286	3.411602079129414e-12
2.20497	2.1709592339722e-12
2.20664	3.987396053483347e-12
2.20777	2.532236081016027e-12
2.20861	2.399442444333158e-12
2.20912	2.61375925598114e-12
2.20949	2.230199651298244e-12
2.20972	2.655730710034056e-12
2.20988	2.171182703868538e-12
2.20999	2.601029307485145e-12
2.21006	2.126456672660081e-12
2.21011	2.56160334448126e-12
2.21015	2.117990602454303e-12
2.21017	2.564603097602956e-12
2.21018	2.11306134391646e-12
2.21019	2.571211107062588e-12
2.2102	2.15204089007975e-12
2.21021	2.614243622644957e-12
2.21021	2.226204877216652e-12
2.21021	2.794612824682703e-12
2.21022	2.298153252369258e-12
2.21022	2.812119956509253e-12
2.21022	1.910987899264549e-12
2.21022	2.384018921019486e-12
2.21022	3.526492900578651e-12
2.21022	2.411428963576054e-12
2.21022	2.790147895098687e-12
2.21022	3.018030553761707e-12
2.21022	2.520413138198293e-12
2.21022	2.826410051070036e-12
2.21022	1.942010392303283e-12
2.21022	2.172393325458963e-12
2.21022	3.337054902774201e-12
2.21022	3.409203213756244e-12
2.21022	3.463249541325472e-12
2.21022	2.422925020461776e-12
2.21022	1.619829688371197e-12
2.21022	2.012303617587661e-12
2.21022	2.259423317013679e-12
2.21022	2.243503678504139e-12
2.21022	2.60505815459637e-12
2.21022	3.315602069584751e-12
2.21022	2.005065455904821e-12
2.21022	3.378606213774164e-12
2.21022	1.953186638845595e-12
2.21022	3.317338639312017e-12
2.21022	2.002754130734399e-12
2.21022	2.903982618690557e-12
2.21022	2.019315535655213e-12
2.21022	1.568202740832121e-12
2.21022	1.833638144142521e-12
2.21022	1.770570688764239e-12
2.21022	1.898717231836714e-12
2.21022	1.883415625561942e-12
2.21022	1.891425333481725e-12
2.21022	1.908483344196887e-12
2.21022	1.916463956717685e-12
2.21022	1.918722720984491e-12
2.21022	1.922810457564673e-12
2.21022	1.925862390791642e-12
2.21022	1.928310023277315e-12
2.21022	1.929330394111854e-12
2.21022	1.930488371289475e-12
2.21022	1.930901854711798e-12
2.21022	1.931383676380462e-12
2.21022	1.931504283221109e-12
2.21022	1.931979637007313e-12
2.21022	1.931976274221098e-12
2.21022	1.932025990653479e-12
2.21022	1.932023538367045e-12
2.21022	1.932065287347732e-12
2.21022	1.932063121739412e-12
2.21022	1.932086247922102e-12
2.21022	1.932086299802043e-12
2.21022	1.932100000646862e-12
2.21022	1.932100905674903e-12
2.21022	1.932108923823515e-12
2.21022	1.932109715629145e-12
2.21022	1.932114190544609e-12
2.21022	1.932114577932724e-12
2.21022	1.932116955317378e-12
2.21022	1.932117025028128e-12
2.21022	1.932118208114075e-12
2.21022	1.93211814821821e-12
2.21022	1.932118723273942e-12
2.21022	1.932118614367227e-12
2.21022	1.932118970130381e-12
2.21022	1.932118804567738e-12
2.21022	1.932118972243103e-12
2.21022	1.932118860997336e-12
2.21022	1.932118962381458e-12
2.21022	1.932118903632501e-12
2.21022	1.932118967631018e-12
2.21022	1.932118900747239e-12
2.21022	1.932118955482162e-12
2.21022	1.932118911890165e-12
2.21022	1.932118953048651e-12
2.21022	1.932118924952569e-12
2.21022	1.932118965756979e-12
2.21022	1.932118940001026e-12
2.21022	1.932118956316752e-12
2.21022	1.932118903757877e-12
2.21022	1.932118958002723e-12
2.21022	1.932118905544628e-12
2.21022	1.932118947927422e-12
2.21022	1.932118914708332e-12
2.21022	1.932118940058224e-12
2.21022	1.932118912682293e-12
2.21022	1.932118944542821e-12
2.21022	1.932118948909701e-12
2.21022	1.932118958597908e-12
2.21022	1.932118925064536e-12
2.21022	1.932118934373541e-12
