0.00434783	-1.298532006273839e-15
0.00869565	6.946917715937589e-15
0.0130435	-5.07171505199537e-15
0.0173913	-5.479151387549518e-15
0.0217391	-4.931368737231343e-15
0.026087	-3.9351175447397e-15
0.0304348	-4.137768322273953e-15
0.0347826	-4.157369247126323e-15
0.0391304	-2.993938460713317e-15
0.0434783	-4.281040292552928e-15
0.0478261	-4.365087246090069e-15
0.0521739	-2.667911934474569e-15
0.0565217	5.014350895199754e-15
0.0608696	5.541633847573026e-15
0.0652174	-4.620663222891906e-15
0.0695652	-3.56029258431401e-15
0.073913	-3.850116798248995e-15
0.0782609	3.960833847826794e-15
0.0826087	3.965070865738716e-15
0.0869565	4.942016045121175e-15
0.0913043	-4.157129757983558e-15
0.0956522	3.591945819769191e-15
0.1	-5.379998719731102e-15
0.104348	4.987915792786124e-15
0.108696	-4.733368869475023e-15
0.113043	4.856559466351762e-15
0.117391	-5.153115726145893e-15
0.121739	-4.708873011045009e-15
0.126087	4.021850052625772e-15
0.130435	2.714316552365747e-15
0.134783	-6.12987301475793e-15
0.13913	4.304656701422664e-15
0.143478	-6.273065000907537e-15
0.147826	4.632046934956333e-15
0.152174	4.098812386565601e-15
0.156522	4.396376972733174e-15
0.16087	-4.126728755529529e-15
0.165217	2.804387981077463e-15
0.169565	3.570220964079836e-15
0.173913	-3.099517253307925e-15
0.178261	-4.197344034869468e-15
0.182609	4.415084735216956e-15
0.186957	-4.453996559735337e-15
0.191304	6.587413586607322e-15
0.195652	5.691994442794333e-15
0.2	-4.436245363212367e-15
0.204545	-5.922405200338799e-15
0.209091	-4.803518737487987e-15
0.213636	-5.849584050549623e-15
0.218182	-5.16868482738179e-15
0.222727	4.162055195204607e-15
0.227273	4.993390860541203e-15
0.231818	-5.059471500115552e-15
0.236364	3.766408944235863e-15
0.240909	-5.659702458090489e-15
0.245455	6.27498894666132e-15
0.25	-5.694517367179166e-15
0.254545	-5.578226397386304e-15
0.259091	5.045492414875908e-15
0.263636	-6.597770452316926e-15
0.268182	-3.745403548624537e-15
0.272727	-4.780743610807311e-15
0.277273	9.034473129076499e-15
0.281818	-6.217883302654613e-15
0.286364	-4.113721788097364e-15
0.290909	-7.620047502767263e-15
0.293939	-2.829945371952806e-15
0.29697	2.657371542480729e-15
0.3	2.716816597098652e-15
0.303448	2.615963322064371e-15
0.30731	6.86025090521325e-15
0.311724	9.090235418109499e-15
0.316628	7.259232915886548e-15
0.321533	6.392999354056322e-15
0.326437	-6.92184725444873e-15
0.331341	1.082395856011908e-14
0.335918	-5.666282476972438e-15
0.340496	4.655679838656726e-15
0.345073	-6.088443635006586e-15
0.34965	-8.949702502484857e-15
0.354227	-4.520365070957137e-15
0.358805	-4.375131280620948e-15
0.363382	-6.110161603699231e-15
0.367959	7.110742421266077e-15
0.372536	4.041617270027628e-15
0.377114	4.794884906102033e-15
0.381691	-9.063479906732938e-15
0.386268	-5.139513096887094e-15
0.390845	5.383597991139391e-15
0.395423	9.046619227908557e-15
0.4	6.937805814982135e-15
0.404762	-6.301264217236697e-15
0.409524	-6.810012782701075e-15
0.414286	-8.66088179532052e-15
0.419048	7.613546723666044e-15
0.42381	-6.459802236255247e-15
0.428571	6.638828760939372e-15
0.433333	7.86025056602353e-15
0.438095	-6.639927766475913e-15
0.442857	-5.970135350305523e-15
0.447619	-4.44583512479378e-15
0.452381	5.534209180295296e-15
0.457143	-6.677126351329459e-15
0.461905	7.150075659340099e-15
0.466667	6.092190517715938e-15
0.471429	-8.835688909820547e-15
0.47619	-7.380781547537278e-15
0.480952	8.649248404669176e-15
0.485714	-6.444215612939294e-15
0.490476	6.666389933726341e-15
0.495238	-5.389870016887612e-15
0.5	-5.215215824794069e-15
0.504762	-6.118530457592679e-15
0.509524	5.12691373081517e-15
0.514286	6.494470813958137e-15
0.519048	-5.635578091922917e-15
0.52381	-5.601956202332783e-15
0.528571	-5.03924306506615e-15
0.533333	8.336417831862343e-15
0.538095	8.177989723201594e-15
0.542857	-6.922702644524509e-15
0.547619	-7.014376299354446e-15
0.552381	8.814968191531287e-15
0.557143	-7.178823870334481e-15
0.561905	5.009504353884764e-15
0.566667	-9.634947415663336e-15
0.571429	-1.178140856511969e-14
0.57619	6.938960280364578e-15
0.580952	7.115483550131831e-15
0.585714	6.726477841411321e-15
0.589286	5.550929981342624e-15
0.591964	3.143685979646677e-15
0.593973	1.157517475141612e-15
0.595982	1.472174460710837e-15
0.597991	-1.585216459825191e-15
0.6	-2.932148737997286e-15
0.602041	-2.477871055687119e-15
0.603621	-8.464654604525982e-16
0.605059	-1.104005403879032e-15
0.606455	-9.650189536220346e-16
0.607964	1.257551829162227e-15
0.609608	9.059353591050984e-16
0.611416	1.75735103933045e-15
0.613429	1.792424907541462e-15
0.615593	-2.805765555399935e-15
0.617757	1.940483686962111e-15
0.620042	2.132436670345674e-15
0.622621	-2.062570627939832e-15
0.625385	3.50329976937764e-15
0.628369	4.981118912825556e-15
0.631484	5.91323081678528e-15
0.634598	-5.591489632399768e-15
0.637713	5.285113201464797e-15
0.640991	-4.95107529258454e-15
0.644462	-3.350769519383481e-15
0.648429	4.054494860836242e-15
0.652727	-9.622759908542192e-15
0.657454	6.798426654605028e-15
0.662181	-9.027687411486236e-15
0.666909	-8.580054762772935e-15
0.671636	8.360119750785772e-15
0.676363	8.994396650620237e-15
0.681091	-1.040561990955677e-14
0.685818	8.982351928412079e-15
0.690545	1.015014816912118e-14
0.695273	-6.756438374814339e-15
0.7	7.530642875044033e-15
0.704762	-8.027883115230123e-15
0.709524	-9.425160977559199e-15
0.714286	8.680875181946397e-15
0.719048	-7.923903060903544e-15
0.72381	-7.22013153467999e-15
0.728571	1.022830854544405e-14
0.733333	-8.746604351982261e-15
0.738095	1.134544349930592e-14
0.742857	-1.076874637347069e-14
0.747619	-9.117972931608636e-15
0.751984	5.860826222674467e-15
0.755985	-7.777536010745106e-15
0.760387	-9.582978213795027e-15
0.765339	-1.319672008933444e-14
0.77029	1.041324366574334e-14
0.775242	-9.587823473183873e-15
0.780193	-1.344906825764811e-14
0.784155	-4.662427647127589e-15
0.788116	8.697496744057604e-15
0.792077	-5.287612976093808e-15
0.796039	-5.786752600133051e-15
0.8	7.747283661298787e-15
0.804348	-8.121047579459938e-15
0.80913	1.15462510652001e-14
0.813913	8.11877581116296e-15
0.818696	7.822807963138318e-15
0.823478	1.091190791921276e-14
0.828261	7.800509491080112e-15
0.833043	1.46380233370778e-14
0.837826	-1.764558968341811e-14
0.842609	-9.20156459361239e-15
0.847391	8.503461716293674e-15
0.852174	-1.190219459809657e-14
0.856957	-1.159560688649721e-14
0.861739	-1.635509344989955e-14
0.866522	1.38193943172172e-14
0.871304	9.397500738851305e-15
0.876087	-7.598336174087439e-15
0.88087	1.500074306563427e-14
0.885652	9.269191526907776e-15
0.889239	5.363510120665122e-15
0.892826	-9.314578415590486e-15
0.896413	5.930891448184318e-15
0.9	9.900484927957846e-15
0.904	-7.843903194842885e-15
0.908571	-7.565342401966026e-15
0.913383	-1.64949320890459e-14
0.918195	-1.57211670707922e-14
0.923008	1.492871681350739e-14
0.92782	9.04894164391652e-15
0.932632	-1.888721051199417e-14
0.937444	-1.041851094898931e-14
0.942256	1.787821449763579e-14
0.947068	-8.345766779471046e-15
0.95188	-1.568951663835485e-14
0.956692	-7.98970973854454e-15
0.961504	-1.310006383789836e-14
0.966316	-9.236969421019309e-15
0.971128	-1.218543362077537e-14
0.97594	-1.217720580514142e-14
0.980752	1.503188726149349e-14
0.985564	-1.097592708543744e-14
0.990376	-1.380160265128203e-14
0.995188	-1.085818607078493e-14
1	1.409527867989622e-14
1.00476	1.73336627295022e-14
1.00952	-1.752739596445712e-14
1.01429	-9.293502579626053e-15
1.01905	-1.156681014386766e-14
1.02381	-1.808629993175051e-14
1.02857	-1.144298923647318e-14
1.03333	1.508945475881497e-14
1.0381	-1.824126173297763e-14
1.04286	-1.267048508791142e-14
1.04725	1.447262067025592e-14
1.05077	7.047614469120394e-15
1.05405	6.011075596737714e-15
1.05759	-1.258454087542734e-14
1.06144	-8.461563422675842e-15
1.06573	1.298503586662468e-14
1.07062	2.229435609995951e-14
1.07552	2.466448401282359e-14
1.08041	1.441809991809497e-14
1.08531	-1.702759247981134e-14
1.09021	-1.991494135215705e-14
1.0951	-7.911380654141181e-15
1.1	1.645102733729618e-14
1.10476	-2.340387447188194e-14
1.10952	-2.4439601511975e-14
1.11429	2.25610698830294e-14
1.11905	2.689961105598676e-14
1.12381	-1.838515568491775e-14
1.12857	2.487998027956495e-14
1.13333	2.583190415690232e-14
1.1381	-2.590001506273294e-14
1.14286	-2.084798509533457e-14
1.14762	1.795452848182351e-14
1.15238	1.38354105382108e-14
1.15714	2.885369940577726e-14
1.1619	-2.635920108824473e-14
1.16667	2.774620699319722e-14
1.17143	-3.044458138770635e-14
1.17619	-3.271505113096359e-14
1.18095	2.919429310884453e-14
1.18571	-3.255019532728666e-14
1.19048	-2.817048405953433e-14
1.19524	2.621805474770927e-14
1.2	-3.160516907607276e-14
1.20476	-2.444287795725152e-14
1.20952	-2.092720947979703e-14
1.21429	2.930250526206088e-14
1.21905	-3.013592580529596e-14
1.22381	2.383501036192471e-14
1.22857	-2.563911025225345e-14
1.23333	-2.262942838237258e-14
1.2381	-3.810820598263706e-14
1.24286	4.882116987288387e-14
1.24762	-5.061635590772783e-14
1.25238	-4.296870419852266e-14
1.25714	2.728312703751609e-14
1.2619	-2.727302398312893e-14
1.26667	-5.934279970302218e-14
1.27143	-2.670018198858068e-14
1.27619	-2.819790959751993e-14
1.28095	5.8274270378188e-14
1.28571	4.938807765410253e-14
1.29048	3.782300804712709e-14
1.29524	2.706411829914429e-14
1.3	3.4378422324091e-14
1.30476	2.5275245326885e-14
1.30952	2.708249980387907e-14
1.31429	2.391622695262012e-14
1.31905	2.253966320989414e-14
1.32381	2.106640191065618e-14
1.32857	3.40017309745753e-14
1.33333	-2.676545091195269e-14
1.3381	2.406513706217781e-14
1.34286	3.275996765584252e-14
1.34762	2.747063748931373e-14
1.35238	-3.464881043586121e-14
1.35714	-2.150619376996529e-14
1.35966	-1.297116530252418e-14
1.36277	1.449380237013531e-14
1.36615	1.074596646940746e-14
1.36991	1.67303758295918e-14
1.37421	1.434488746464749e-14
1.37937	3.133736106926127e-14
1.38453	2.491696747679759e-14
1.38968	-3.323581466964103e-14
1.39484	2.745172569280181e-14
1.39742	-1.135116802569339e-14
1.4	-1.003465523301029e-14
1.40294	1.08494407927731e-14
1.40629	1.237552608311699e-14
1.41004	1.418181707314954e-14
1.41432	1.813185560722937e-14
1.41908	-2.184762966705326e-14
1.42384	-1.876975364408614e-14
1.4286	-2.673535606218599e-14
1.43336	-2.71960739777673e-14
1.43753	-2.179104707859856e-14
1.4412	2.080932374119581e-14
1.4443	-1.221066793388952e-14
1.44723	-1.48717910245607e-14
1.45033	-1.882768531986223e-14
1.45388	1.286047854174986e-14
1.45772	2.335575152697301e-14
1.46195	2.234107685394689e-14
1.46671	1.968344910217175e-14
1.47146	2.012357938414756e-14
1.47622	-2.209714014896459e-14
1.48098	-4.277482074961126e-14
1.48573	-4.672032675118739e-14
1.49049	-3.429405547223275e-14
1.49524	-3.870093611872378e-14
1.5	4.265452246898688e-14
1.50476	-4.384024673310511e-14
1.50952	-2.975040897282726e-14
1.51429	2.798645141763299e-14
1.51905	3.164341109864652e-14
1.52381	5.54877591317152e-14
1.52857	5.977159866143917e-14
1.53333	-2.794303784446881e-14
1.5381	4.004819897170157e-14
1.54286	-3.82298401021364e-14
1.54762	4.038007251572402e-14
1.55238	-4.062304911566568e-14
1.55714	7.655354505597804e-14
1.5619	3.553329233976886e-14
1.56667	3.621427075741098e-14
1.57143	4.316230275761646e-14
1.57619	-4.821949689840095e-14
1.58095	-7.974896180485033e-14
1.58571	4.901872816068988e-14
1.59048	4.37894174091278e-14
1.59524	6.382423691120491e-14
1.6	4.601400798405094e-14
1.60476	5.878841313905438e-14
1.60952	5.387407244860329e-14
1.61429	3.693326966855094e-14
1.61905	-4.240434403545178e-14
1.62381	-3.980562641763653e-14
1.62857	5.463921881825098e-14
1.63333	-3.984942058585464e-14
1.6381	-4.522050405244306e-14
1.64222	-2.833625519009975e-14
1.64635	-5.336096780996376e-14
1.65082	-3.46966636795079e-14
1.65574	3.517863876173825e-14
1.66066	-3.184423050779972e-14
1.66557	-6.036554781459726e-14
1.67049	3.33002018180701e-14
1.67541	3.081293127281793e-14
1.68033	-3.335134598723677e-14
1.68426	-2.245893717921123e-14
1.6882	-2.855414702668831e-14
1.69213	-2.498336762717529e-14
1.69607	3.602748615792353e-14
1.7	-4.155139542938184e-14
1.70385	-2.276487025666149e-14
1.70803	4.856558561897079e-14
1.71263	5.221389695530027e-14
1.71722	-4.017534395727773e-14
1.72182	-4.310043402061891e-14
1.72642	3.649919821817273e-14
1.73102	-2.627953448485103e-14
1.73562	-3.817155672424434e-14
1.74022	-4.452201977477669e-14
1.7452	3.876243148946149e-14
1.75018	-5.010860082392515e-14
1.75516	-3.98463786803782e-14
1.76014	-4.054360021483913e-14
1.76513	-3.145509779563131e-14
1.77011	-5.538167260951914e-14
1.77509	-3.503846510510451e-14
1.78007	7.710078927475179e-14
1.78505	-3.652500949281097e-14
1.79004	8.513066026277433e-14
1.79502	7.293795019429174e-14
1.8	-9.384172598752748e-14
1.80385	-4.172491492342221e-14
1.80769	-3.912170586119673e-14
1.81209	5.825516928532199e-14
1.81671	4.919392545433152e-14
1.82134	7.701673850092791e-14
1.82597	-7.174528415929104e-14
1.8306	6.067982635410621e-14
1.83522	8.325099569651706e-14
1.83985	-8.298873436490004e-14
1.84448	-9.153614826794822e-14
1.8491	4.431729325173491e-14
1.85373	5.252996913037459e-14
1.85836	5.83059127311503e-14
1.86298	-7.970445029920737e-14
1.86761	-1.014501577401144e-13
1.87224	-5.265853706639617e-14
1.87687	-6.55744977124212e-14
1.88149	-6.46176693331734e-14
1.88612	8.618646226616316e-14
1.89075	5.924756059237291e-14
1.89537	-1.031544163772883e-13
1.9	-8.285010926417471e-14
1.905	1.111396615093018e-13
1.91	-1.126115488578259e-13
1.915	9.636844005259674e-14
1.92	8.838548364399452e-14
1.925	-1.159125079544189e-13
1.93	7.550997225802877e-14
1.935	-9.208987662588599e-14
1.93964	-1.257447671553076e-13
1.94395	-5.08410134418695e-14
1.94827	-5.629211325054651e-14
1.95224	-1.071463955047999e-13
1.95622	8.151845670673843e-14
1.95987	-6.881984657459662e-14
1.96322	-4.318947288273628e-14
1.96689	-5.907186650497419e-14
1.97057	-6.724719744881403e-14
1.97478	7.160174901985394e-14
1.97898	-1.133398567658435e-13
1.98424	1.223229602755995e-13
1.98949	-1.352141450516503e-13
1.99475	-1.129770740135542e-13
2	-1.460142267660227e-13
2.005	-1.385560728450982e-13
2.01	4.951185250778274e-15
2.015	-8.067258265394797e-14
2.01972	-1.576652765669268e-13
2.02444	1.03633980141814e-13
2.02917	-1.316465540334686e-13
2.03389	-1.494029614499719e-13
2.03861	-7.891845082187078e-14
2.04333	-1.426177936884449e-13
2.04806	-1.382750453904553e-13
2.05278	-1.75688994120108e-13
2.0575	-9.210352321540786e-14
2.06222	-1.804370896142785e-13
2.06694	1.679552506142263e-13
2.07167	-2.085466119051509e-13
2.07639	-1.355465367114827e-13
2.07976	-6.485014901058649e-14
2.08313	-7.503478129642881e-14
2.08735	1.439879467715871e-13
2.09157	-2.289999451652318e-13
2.09578	-1.188912233793378e-13
2.1	-2.032041173543206e-13
2.10476	2.284826821902738e-13
2.10952	-1.537598874267029e-13
2.11429	-1.736291948825866e-13
2.11905	-2.954479776590999e-13
2.12381	3.255364507871455e-13
2.12857	-1.724171886421432e-13
2.13214	-2.554052179587135e-13
2.13403	-8.541648194580692e-14
2.13623	1.514201507941928e-13
2.13868	9.048267285835682e-14
2.14147	1.123553149066097e-13
2.14455	1.818337421700776e-13
2.14781	2.499042955833478e-13
2.15107	-3.255281018942349e-13
2.15457	2.531166591876101e-13
2.1576	-2.015396584629237e-13
2.16062	-2.344697763879783e-13
2.16391	3.212540172849209e-13
2.16751	4.762409863980611e-13
2.17158	-6.649781969417854e-13
2.17513	-2.815207439339831e-13
2.17789	-4.509866906737814e-13
2.18066	5.088573745987148e-13
2.18388	-5.897728142885875e-13
2.18791	6.029388508261776e-13
2.19194	-9.092248499858202e-13
2.19597	1.681079159038939e-12
2.2	-1.14778618196957e-12
2.20286	-1.287684751244028e-12
2.20497	-8.187249393974323e-13
2.20664	-1.502411114540141e-12
2.20777	-9.534054664485076e-13
2.20861	-9.028972752936163e-13
2.20912	-9.830901800513776e-13
2.20949	-8.38590091763097e-13
2.20972	-9.983822505029013e-13
2.20988	-8.161406578949601e-13
2.20999	-9.776212789595793e-13
2.21006	-7.991964169133232e-13
2.21011	-9.627041959032656e-13
2.21015	-7.95946181010804e-13
2.21017	-9.637767847310009e-13
2.21018	-7.940561009715144e-13
2.21019	-9.662325403936053e-13
2.2102	-8.086883342051681e-13
2.21021	-9.823903535390799e-13
2.21021	-8.36552518153287e-13
2.21021	-1.050173205240636e-12
2.21022	-8.635948587865717e-13
2.21022	-1.056734130489892e-12
2.21022	-7.180326803705525e-13
2.21022	-8.958712591439469e-13
2.21022	-1.325155162938166e-12
2.21022	-9.062329102570593e-13
2.21022	-1.048515493050206e-12
2.21022	1.149053644890161e-12
2.21022	9.471576217223883e-13
2.21022	-1.061919092502685e-12
2.21022	-7.297291376853476e-13
2.21022	-8.162093402327895e-13
2.21022	1.253925458755523e-12
2.21022	-1.280213884227561e-12
2.21022	-1.30071620089748e-12
2.21022	9.105301478158165e-13
2.21022	6.087263290296244e-13
2.21022	7.563625945017799e-13
2.21022	-8.489199576565121e-13
2.21022	8.428064846968036e-13
2.21022	9.786672938909341e-13
2.21022	1.246306150293115e-12
2.21022	-7.534189081165774e-13
2.21022	-1.26977216956701e-12
2.21022	-7.340795756813161e-13
2.21022	1.246672187970273e-12
2.21022	7.525144765700513e-13
2.21022	-1.091522856224441e-12
2.21022	7.588949734198261e-13
2.21022	-5.893769411798961e-13
2.21022	6.890172042233e-13
2.21022	6.65401588160648e-13
2.21022	7.134769384045007e-13
2.21022	7.077376553230571e-13
2.21022	7.107463133671887e-13
2.21022	7.171473638616058e-13
2.21022	7.20143603282704e-13
2.21022	7.209924524568855e-13
2.21022	7.225273870497487e-13
2.21022	7.236734743785708e-13
2.21022	7.24592437104182e-13
2.21022	7.249756267267411e-13
2.21022	7.254104217814347e-13
2.21022	7.255656853637917e-13
2.21022	7.257466125756026e-13
2.21022	7.257919411479413e-13
2.21022	7.259705094330921e-13
2.21022	7.259692577684881e-13
2.21022	7.259879482174476e-13
2.21022	7.259869978779742e-13
2.21022	7.260027083659089e-13
2.21022	7.260018801711752e-13
2.21022	7.260105551525754e-13
2.21022	7.260105842304973e-13
2.21022	7.260157553184225e-13
2.21022	7.260160947970131e-13
2.21022	7.2601910826844e-13
2.21022	7.260193748184482e-13
2.21022	7.260210676757058e-13
2.21022	7.26021187214414e-13
2.21022	7.260220814298153e-13
2.21022	7.260221378967274e-13
2.21022	7.260225841746266e-13
2.21022	7.260225393360314e-13
2.21022	7.260227830338458e-13
2.21022	7.260227247907116e-13
2.21022	7.260228515516821e-13
2.21022	7.260228008334067e-13
2.21022	7.26022862805489e-13
2.21022	7.260228333043499e-13
2.21022	7.260228581026553e-13
2.21022	7.260228165051902e-13
2.21022	7.260228432356838e-13
2.21022	7.260228337917702e-13
2.21022	7.260228464774375e-13
2.21022	7.260228415619099e-13
2.21022	7.260228461607083e-13
2.21022	7.260228577392644e-13
2.21022	7.260228467666883e-13
2.21022	7.260228292538922e-13
2.21022	7.260228752591053e-13
2.21022	7.260228484933134e-13
2.21022	7.2602283742432e-13
2.21022	7.260228602005395e-13
2.21022	7.260228468927694e-13
2.21022	7.260228538012701e-13
2.21022	7.260228767732102e-13
2.21022	7.260228415371201e-13
2.21022	7.260228486117983e-13
2.21022	7.260228056520178e-13
2.21022	7.260228489142277e-13
2.21022	7.260228306010149e-13
2.21022	7.260228598445094e-13
