	228.9423042348078
0.00434783	1.014411609982504
0.00869565	1.011420283099484
0.0130435	1.009304226155662
0.0173913	1.007593930121787
0.0217391	1.00665170012564
0.026087	1.006039343389172
0.0304348	1.005111397810651
0.0347826	1.003995425796983
0.0391304	1.002985572778725
0.0434783	1.001336314640048
0.0478261	0.9994453174437329
0.0521739	0.9974340332441637
0.0565217	0.9954998401691222
0.0608696	0.993349808309319
0.0652174	0.9910596987255418
0.0695652	0.9889269115627763
0.073913	0.9871701958501325
0.0782609	0.9856006882525126
0.0826087	0.9843088546221259
0.0869565	0.9831330273323734
0.0913043	0.982429894601886
0.0956522	0.9819682765186165
0.1	0.9817075908320031
0.104348	0.9813849311975946
0.108696	0.9810748939719783
0.113043	0.9805061909753269
0.117391	0.9798756697926562
0.121739	0.9793369384067147
0.126087	0.9784018985072929
0.130435	0.9758575451767308
0.134783	0.9732673772853297
0.13913	0.9699886501761206
0.143478	0.9671019263985997
0.147826	0.9642793723641769
0.152174	0.9619220686160093
0.156522	0.9594526742329189
0.16087	0.9567842114593347
0.165217	0.9544731258089784
0.169565	0.9523500461925638
0.173913	0.9505405371659391
0.178261	0.948465004029967
0.182609	0.9496490756523986
0.186957	0.9515003469071922
0.191304	0.9504632636319126
0.195652	0.9493392280113691
0.2	0.9500878217595403
0.204545	0.9962117094288665
0.209091	1.000194314222253
0.213636	1.005163290686779
0.218182	1.009598912981248
0.222727	1.013676411188057
0.227273	1.017981055470917
0.231818	1.022023636012139
0.236364	1.025010159558573
0.240909	1.027198066521147
0.245455	1.02725143554212
0.25	1.027769168772225
0.254545	1.025191716575342
0.259091	1.021907508906009
0.263636	1.016725129875782
0.268182	1.010520640127778
0.272727	1.003794784403451
0.277273	0.997106617134692
0.281818	0.9902811807392415
0.286364	1.105969915703404
0.290909	1.298612716702695
0.293939	0.9688849046258747
0.29697	0.929445813514283
0.3	0.8057142497566118
0.303448	0.7397611996941262
0.30731	0.8116518525189713
0.311724	0.9243950914488344
0.316628	1.025556581944456
0.321533	1.026396570155181
0.326437	1.030376135838272
0.331341	1.035827413192473
0.335918	0.9708427676395572
0.340496	0.9749626160594389
0.345073	0.9793989704131293
0.34965	0.9835042265517674
0.354227	0.987672743329
0.358805	0.9876420865754643
0.363382	0.9865652666497037
0.367959	0.9848626796050334
0.372536	0.9837528817970689
0.377114	0.9821610011147421
0.381691	0.9825128443084895
0.386268	0.9818603774495158
0.390845	0.9808442221903647
0.395423	0.9795808879855171
0.4	0.9784819652549132
0.404762	1.017511740319653
0.409524	1.017214724195585
0.414286	1.01682520202433
0.419048	1.01782103888802
0.42381	1.018319244853803
0.428571	1.015876022248377
0.433333	1.014323174259838
0.438095	1.012627110560153
0.442857	1.010241743649227
0.447619	1.008433709774822
0.452381	1.006110037766027
0.457143	1.003947765108598
0.461905	1.001881964615366
0.466667	1.000363566556193
0.471429	0.9988287075122207
0.47619	0.9975528662043223
0.480952	0.9968823771779497
0.485714	0.996753730714122
0.490476	0.9964960767234227
0.495238	0.9959916269759668
0.5	0.9971073747144886
0.504762	0.9968429146589373
0.509524	0.9964822992834871
0.514286	0.9956254763953548
0.519048	0.9947961294611607
0.52381	0.9948018296292068
0.528571	0.9958160970039481
0.533333	0.9982867523648016
0.538095	1.001363488531871
0.542857	1.005067008570903
0.547619	1.009279771589412
0.552381	1.010467712149684
0.557143	1.012266761116761
0.561905	1.014011678717248
0.566667	1.015830207276206
0.571429	1.016849484519537
0.57619	1.017020597513494
0.580952	1.068790762162696
0.585714	1.463248699677047
0.589286	1.448992747121265
0.591964	1.196948597117045
0.593973	0.8927764796996881
0.595982	0.9853871890161232
0.597991	1.036063281637175
0.6	0.9937543703866781
0.602041	1.289805428179247
0.603621	1.095064385620243
0.605059	1.028368313728266
0.606455	0.9235684822447913
0.607964	0.9257397940474006
0.609608	0.9137276462079544
0.611416	0.9028597108240967
0.613429	0.9385587632861809
0.615593	1.00594416663907
0.617757	0.953819597025359
0.620042	0.8847645781981797
0.622621	0.9222850674022294
0.625385	0.927837917725008
0.628369	0.9660443084785927
0.631484	0.9931964651724595
0.634598	0.9862589503490636
0.637713	0.9436101202692563
0.640991	0.9406282957996408
0.644462	0.8751135727757503
0.648429	0.9105868152432236
0.652727	0.9011380433424335
0.657454	0.9897118765875575
0.662181	0.9873466073553376
0.666909	0.9849564105878539
0.671636	0.983024254692243
0.676363	0.9818793631376391
0.681091	0.9804554649288502
0.685818	0.9789011640485689
0.690545	0.9787862682328157
0.695273	0.9795539324019833
0.7	0.9818412179015016
0.704762	0.9920058900602486
0.709524	0.9962874570440382
0.714286	0.9972705971879251
0.719048	1.000454531147485
0.72381	1.004839694345725
0.728571	1.009713339808502
0.733333	1.012798194216897
0.738095	1.015405059761964
0.742857	1.016811629662483
0.747619	1.062767497286206
0.751984	1.074081989754036
0.755985	0.8535549050735433
0.760387	0.938060996396014
0.765339	1.054830099229022
0.77029	1.055752645309866
0.775242	1.055623602578164
0.780193	1.144650549280924
0.784155	0.9324169906245289
0.788116	0.8439312825908887
0.792077	0.8422193695696568
0.796039	0.8411562922511499
0.8	0.8393794613262724
0.804348	0.9182542629147262
0.80913	1.006279852014578
0.813913	1.003139585653798
0.818696	1.000343606817658
0.823478	0.9985597642706041
0.828261	0.9960919449246817
0.833043	0.9962073771370072
0.837826	0.9969933840451899
0.842609	0.9979025498932347
0.847391	0.9983224656398612
0.852174	0.9982755910397605
0.856957	0.9976157886395327
0.861739	0.9964304991460126
0.866522	0.994682973725575
0.871304	0.9940538496333249
0.876087	0.9947892360585137
0.88087	0.998419070029783
0.885652	1.266120510670368
0.889239	1.009330708217579
0.892826	0.9086987178502128
0.896413	0.7922136907245522
0.9	0.7578718617812309
0.904	0.846857653083866
0.908571	0.9691080444655209
0.913383	1.0189288667165
0.918195	1.017231879281448
0.923008	1.016140795149595
0.92782	1.014489930691527
0.932632	1.013490597995825
0.937444	1.01195552658982
0.942256	1.013036823884634
0.947068	1.00912527486987
0.95188	1.006855555967243
0.956692	1.005105379649383
0.961504	1.003740573613765
0.966316	1.002612688509295
0.971128	1.002935100753807
0.97594	1.003763373270468
0.980752	1.005328352364024
0.985564	1.007633193858577
0.990376	1.011700870971326
0.995188	1.016594514718388
1	1.021722032055798
1.00476	1.015626721120814
1.00952	1.019020767986342
1.01429	1.021815156161388
1.01905	1.023238887008783
1.02381	1.02428262659348
1.02857	1.02440202612657
1.03333	1.024343883441498
1.0381	1.027096031475415
1.04286	1.084081352831071
1.04725	1.216848879043797
1.05077	1.040900398625048
1.05405	0.9368380390687036
1.05759	0.843499354512828
1.06144	0.8293007984170515
1.06573	0.9210197212185863
1.07062	1.046626516038388
1.07552	1.041980719372806
1.08041	1.037330763841288
1.08531	1.032683767736946
1.09021	1.027259817334648
1.0951	1.02336092832535
1.1	1.021245017600271
1.10476	0.9908994077971008
1.10952	0.990879016460905
1.11429	0.9914517029878925
1.11905	0.9928154116034893
1.12381	0.9947521819550346
1.12857	0.9972545610817185
1.13333	0.9991334528841467
1.1381	1.001551782911077
1.14286	1.003033161049038
1.14762	1.004667310197796
1.15238	1.005714115432578
1.15714	1.006533911788449
1.1619	1.005992508265469
1.16667	1.006356134522748
1.17143	1.006217852999816
1.17619	1.004602049939616
1.18095	1.001554887560733
1.18571	0.9991993504290094
1.19048	0.9976827248523021
1.19524	0.9963643878924021
1.2	0.9953938948823938
1.20476	0.9947892269795211
1.20952	0.9960435862548858
1.21429	0.9971100753946524
1.21905	0.9992255759993798
1.22381	1.003319848929556
1.22857	1.009288914396327
1.23333	1.016261046529622
1.2381	1.02113484994213
1.24286	1.026617094670259
1.24762	1.031836968893896
1.25238	1.038357180180585
1.25714	1.04413595913916
1.2619	1.048998563269178
1.26667	1.05186673197208
1.27143	1.052360758926784
1.27619	1.050191471097626
1.28095	1.04566613162141
1.28571	1.039246103102987
1.29048	1.030297701907493
1.29524	1.021124014034284
1.3	1.011318636559897
1.30476	1.002176343014102
1.30952	0.9941801797633346
1.31429	0.9888259547898067
1.31905	0.9856106336220367
1.32381	0.9851013178661095
1.32857	0.9856786919176653
1.33333	0.9863252899830487
1.3381	0.9885703852616059
1.34286	0.9883602175072237
1.34762	0.9877165658228765
1.35238	0.9886377254700943
1.35714	1.87208961472828
1.35966	0.5242187277355197
1.36277	0.7090649198504232
1.36615	0.8323961903847984
1.36991	0.7851386430780577
1.37421	0.8995179720596438
1.37937	1.081979163511993
1.38453	1.084556038506924
1.38968	1.233850416052648
1.39484	1.720829953575482
1.39742	0.8564066532161995
1.4	0.7237046988764714
1.40294	0.6389627468062298
1.40629	0.7117398397484895
1.41004	0.7988859267913191
1.41432	0.9134835658651358
1.41908	1.016334207434612
1.42384	1.016188173754094
1.4286	1.01564735583643
1.43336	1.173466001240015
1.43753	1.164013960043914
1.4412	1.189088945348862
1.4443	1.063520898021345
1.44723	0.9629715827481723
1.45033	0.8957701327817241
1.45388	0.7884060128616873
1.45772	0.8005831992582623
1.46195	0.8767767660898895
1.46671	0.9817916892901045
1.47146	0.9792966210209433
1.47622	0.9770130945971006
1.48098	0.9760904104873602
1.48573	0.9761070845090152
1.49049	0.9755901334250257
1.49524	0.9768685094172822
1.5	0.9789368895471939
1.50476	0.9832269762760361
1.50952	0.9873278143872198
1.51429	0.9935343007352868
1.51905	1.000773715211033
1.52381	1.007297106691741
1.52857	1.014624994554709
1.53333	1.021111866309103
1.5381	1.026792619554471
1.54286	1.030864046055823
1.54762	1.033103612575821
1.55238	1.033005771274807
1.55714	1.031432073046258
1.5619	1.028577903064348
1.56667	1.024063937874656
1.57143	1.018738630371695
1.57619	1.012442988583262
1.58095	1.005657762497862
1.58571	0.9985862762409007
1.59048	0.9925303478583285
1.59524	0.9879329224095392
1.6	0.983985181697642
1.60476	0.9820453118088787
1.60952	0.9801846251388626
1.61429	0.9775930965255014
1.61905	0.9756358022886756
1.62381	0.974668377664517
1.62857	0.9728412733611193
1.63333	0.969230476868069
1.6381	1.180288267398846
1.64222	1.020605537115218
1.64635	0.838707520118386
1.65082	0.910885850180026
1.65574	1.005655286807446
1.66066	1.00982508357525
1.66557	1.016120232724592
1.67049	1.023724182903229
1.67541	1.033588457586415
1.68033	1.308223050034234
1.68426	1.091754054822649
1.6882	1.103265171192269
1.69213	1.090699056884655
1.69607	1.061653534812024
1.7	1.016812476297367
1.70385	0.9012153839333544
1.70803	0.8895532040993035
1.71263	0.9779695565437352
1.71722	0.9765404240083582
1.72182	0.9743277494669995
1.72642	0.9724283193611338
1.73102	0.9691802388556295
1.73562	0.9652733467842851
1.74022	0.9614695446934504
1.7452	1.037992133457502
1.75018	1.034812601694524
1.75516	1.031736400970859
1.76014	1.029008713569765
1.76513	1.02693886149227
1.77011	1.025874608821803
1.77509	1.026494764968191
1.78007	1.029568933627059
1.78505	1.033080411057792
1.79004	1.036458642534102
1.79502	1.043145484700647
1.8	1.307574181185108
1.80385	1.019346960456565
1.80769	0.8229872048379722
1.81209	0.9476732892083995
1.81671	1.005203391247094
1.82134	1.011187417976554
1.82597	1.016030658568042
1.8306	1.019875711430841
1.83522	1.022559187290265
1.83985	1.023797090447598
1.84448	1.023327146880611
1.8491	1.022022740073966
1.85373	1.019356408673422
1.85836	1.016035375491243
1.86298	1.02004606225407
1.86761	1.004342802852115
1.87224	0.9974265905248414
1.87687	0.9884181501611649
1.88149	0.9792415982834852
1.88612	0.9699216727867309
1.89075	0.9609938812736131
1.89537	0.9533758801892565
1.9	0.945763392909807
1.905	1.015049317617935
1.91	1.010606238186836
1.915	1.007245495492256
1.92	1.005472280043918
1.925	1.00430648136465
1.93	1.009290448791515
1.935	1.071282517364087
1.93964	1.051466192464119
1.94395	1.011494449195729
1.94827	1.045338380297664
1.95224	1.037238904818515
1.95622	1.054668222341985
1.95987	1.06596863020873
1.96322	0.946149110022083
1.96689	0.9774974639421484
1.97057	0.9093532901949937
1.97478	0.9599327915504633
1.97898	0.8964761210687063
1.98424	1.05039339901419
1.98949	1.051616958366731
1.99475	1.055347644183076
2	1.060731809174931
2.005	1.015995915032337
2.01	1.02424032566554
2.015	1.033580832607779
2.01972	0.9846910165988151
2.02444	0.9931310071782339
2.02917	1.000815880043565
2.03389	1.007570018445385
2.03861	1.014153380652555
2.04333	1.020392334190118
2.04806	1.024421677441933
2.05278	1.026374278162339
2.0575	1.024854452873588
2.06222	1.020704135519298
2.06694	1.015157500039215
2.07167	1.020427753328311
2.07639	1.338474893711542
2.07976	1.055086797686891
2.08313	0.7518787352356356
2.08735	0.8796797463091688
2.09157	0.8748508356127783
2.09578	0.8714407028708573
2.1	0.8688215900433588
2.10476	0.979964488960308
2.10952	0.9789553681998417
2.11429	0.9780843075676637
2.11905	0.9788643491557174
2.12381	0.9817535876305875
2.12857	1.316680530626277
2.13214	1.907189683897173
2.13403	0.5668579805853473
2.13623	0.7444460003018966
2.13868	0.880168129188316
2.14147	0.806194117730717
2.14455	0.9685684326014566
2.14781	0.9797260971740047
2.15107	0.9116684747045922
2.15457	1.126346363326931
2.1576	0.9816618265073959
2.16062	0.8823595618235945
2.16391	0.8828200407105348
2.16751	0.7987966884492528
2.17158	1.135444762962661
2.17513	1.234788202644167
2.17789	1.051711058729601
2.18066	0.9169058797426261
2.18388	0.8088622635325935
2.18791	0.8201527529576357
2.19194	0.9019638286637716
2.19597	0.9987303929512573
2.2	1.411483226966798
2.20286	1.341362542624997
2.20497	1.273485767925172
2.20664	1.459528841535398
2.20777	1.366423334347419
2.20861	1.596317303066417
2.20912	1.418103098986427
2.20949	1.603922116154443
2.20972	1.395593990244526
2.20988	1.583725749372613
2.20999	1.377820414187093
2.21006	1.565066421741543
2.21011	1.372728920129531
2.21015	1.552784004636905
2.21017	1.367648387350952
2.21018	1.53858000402714
2.21019	1.359622147696598
2.2102	1.520968172320809
2.21021	1.345106238574081
2.21021	1.49521748634258
2.21021	1.319628473851471
2.21022	1.483049230908694
2.21022	1.452973241051698
2.21022	1.403838023374339
2.21022	1.357349373242147
2.21022	1.333663506509518
2.21022	1.361765005405998
2.21022	0.8151973702599574
2.21022	1.09175253768595
2.21022	1.201879801284104
2.21022	1.222272497609294
2.21022	1.178230768021584
2.21022	1.279078975546179
2.21022	0.7870896740818493
2.21022	1.214403058282508
2.21022	1.089189330117535
2.21022	1.081166193566951
2.21022	1.057934498977221
2.21022	1.02549198626318
2.21022	1.032257929668192
2.21022	1.156316195086482
2.21022	1.17495290831945
2.21022	1.193039143111023
2.21022	1.301139738087219
2.21022	1.117391228580951
2.21022	1.385357697231664
2.21022	1.307094323196526
2.21022	1.023742415355152
2.21022	1.556927766424127
2.21022	1.316505011812472
2.21022	1.68686134346581
2.21022	1.684035009581914
2.21022	1.695727932665093
2.21022	1.708285416848298
2.21022	1.7087287264082
2.21022	1.706818177110508
2.21022	1.705935992725385
2.21022	1.705535718508035
2.21022	1.705398280021187
2.21022	1.705317137042554
2.21022	1.705322730654219
2.21022	1.705328719628474
2.21022	1.705372614805348
2.21022	1.705418673617433
2.21022	1.705453576624895
2.21022	1.705479910441036
2.21022	1.705499575744737
2.21022	1.705513365242719
2.21022	1.705523680220932
2.21022	1.705530745931917
2.21022	1.705535799105437
2.21022	1.705539343645357
2.21022	1.705541835837069
2.21022	1.705543589546369
2.21022	1.705544833785085
2.21022	1.705545716822092
2.21022	1.705546348871464
2.21022	1.705546800134353
2.21022	1.70554712425229
2.21022	1.705547355531376
2.21022	1.705547521073759
2.21022	1.705547638349545
2.21022	1.705547721531028
2.21022	1.705547779758886
2.21022	1.705547820550328
2.21022	1.70554784869772
2.21022	1.70554786815686
2.21022	1.705547881389974
2.21022	1.705547890430347
2.21022	1.705547896499788
2.21022	1.705547900611369
2.21022	1.70554790334627
2.21022	1.705547905193303
2.21022	1.705547906416808
2.21022	1.705547907246204
2.21022	1.705547907796579
2.21022	1.705547908173651
2.21022	1.705547908425603
2.21022	1.705547908600927
2.21022	1.705547908719178
2.21022	1.705547908802854
2.21022	1.705547908859751
2.21022	1.70554790890059
2.21022	1.70554790892846
2.21022	1.705547908948658
2.21022	1.705547908962409
2.21022	1.705547908972431
2.21022	1.705547908979201
2.21022	1.705547908984145
2.21022	1.705547908987444
2.21022	1.705547908989862
2.21022	1.705547908991447
2.21022	1.705547908992613
2.21022	1.705547908993363
