	5.678687012054804
0.00434783	0.02469099140271774
0.00869565	0.02469086391978229
0.0130435	0.02469073504962587
0.0173913	0.02469060876022623
0.0217391	0.02469048551929835
0.026087	0.02469036563019715
0.0304348	0.02469024843401514
0.0347826	0.02469013311809786
0.0391304	0.02469002116748116
0.0434783	0.0246899105782365
0.0478261	0.02468980248393365
0.0521739	0.02468969383326307
0.0565217	0.02468958855915268
0.0608696	0.02468948447086571
0.0652174	0.02468938302689516
0.0695652	0.02468928426447087
0.073913	0.02468918669271459
0.0782609	0.024689090330763
0.0826087	0.02468899123036537
0.0869565	0.02468889353077241
0.0913043	0.02468879558780285
0.0956522	0.02468870012071269
0.1	0.02468860541163562
0.104348	0.02468851303481149
0.108696	0.0246884196273517
0.113043	0.02468832779090861
0.117391	0.02468823346700448
0.121739	0.02468813669626038
0.126087	0.02468804037914154
0.130435	0.02468794412437183
0.134783	0.02468784675946351
0.13913	0.02468775272523673
0.143478	0.02468765987824631
0.147826	0.02468756711050775
0.152174	0.0246874751528172
0.156522	0.02468738323279596
0.16087	0.02468729216011724
0.165217	0.02468720245983804
0.169565	0.02468711212436374
0.173913	0.02468702198343358
0.178261	0.02468693302859714
0.182609	0.02468684416155008
0.186957	0.02468675609072715
0.191304	0.02468666443953661
0.195652	0.0246865715477658
0.2	0.02468647906554852
0.204545	0.02580849243156275
0.209091	0.02580839407286663
0.213636	0.0258083001393512
0.218182	0.02580820666482294
0.222727	0.02580811282069791
0.227273	0.0258080201895652
0.231818	0.02580792656620306
0.236364	0.02580783242124275
0.240909	0.02580774033177611
0.245455	0.02580765231522148
0.25	0.02580756604665869
0.254545	0.02580748419833415
0.259091	0.02580740267043242
0.263636	0.02580732735158143
0.268182	0.02580725460552765
0.272727	0.02580719348399094
0.277273	0.02580714081769857
0.281818	0.02580710632035436
0.286364	0.02580708673586121
0.290909	0.02580707171221061
0.293939	0.01720472414683486
0.29697	0.01720467490450773
0.3	0.01720460700069058
0.303448	0.01957757031382162
0.30731	0.02192677601820629
0.311724	0.0250590672766955
0.316628	0.0278433187996447
0.321533	0.02784321359746414
0.326437	0.02784310445122603
0.331341	0.02784300214064965
0.335918	0.02598670993985583
0.340496	0.02598662015331495
0.345073	0.02598652570953146
0.34965	0.02598642647253548
0.354227	0.02598633183960287
0.358805	0.02598624011134693
0.363382	0.02598614977811934
0.367959	0.02598606166981657
0.372536	0.02598597727378466
0.377114	0.02598588391021549
0.381691	0.0259857932652356
0.386268	0.0259857027724943
0.390845	0.02598561954773909
0.395423	0.0259855335056971
0.4	0.02598545001634116
0.404762	0.02703355808404127
0.409524	0.02703346713366743
0.414286	0.02703337654157266
0.419048	0.02703328648758884
0.42381	0.0270331943619301
0.428571	0.02703310415623313
0.433333	0.02703301545565274
0.438095	0.02703292633237707
0.442857	0.02703283809825953
0.447619	0.02703274989182397
0.452381	0.02703266364529595
0.457143	0.02703257640827733
0.461905	0.02703248987360196
0.466667	0.02703240067581862
0.471429	0.02703231102914778
0.47619	0.02703222534024125
0.480952	0.02703213514983242
0.485714	0.02703204471474199
0.490476	0.02703195675394244
0.495238	0.02703187023122144
0.5	0.02703178432535807
0.504762	0.02703170003527683
0.509524	0.02703161431987835
0.514286	0.02703152870947892
0.519048	0.02703144449576888
0.52381	0.02703136441107225
0.528571	0.02703128470589284
0.533333	0.02703120704976341
0.538095	0.02703112120428932
0.542857	0.02703104019750546
0.547619	0.02703095932281437
0.552381	0.02703087795242889
0.557143	0.02703079899523402
0.561905	0.02703071269331261
0.566667	0.0270306286432481
0.571429	0.02703055300574568
0.57619	0.02703048595775509
0.580952	0.02703042564679887
0.585714	0.0270303765085467
0.589286	0.02027278279516222
0.591964	0.01520459150625439
0.593973	0.01140345246054309
0.595982	0.01140345946023893
0.597991	0.01140345770283132
0.6	0.01140345236931279
0.602041	0.01158445273461232
0.603621	0.008968608147065148
0.605059	0.008165450504084371
0.606455	0.007925291026117423
0.607964	0.008564426655159468
0.609608	0.009329103893252345
0.611416	0.01026201097678489
0.613429	0.01142813761938854
0.615593	0.01228523638181142
0.617757	0.01228522129344947
0.620042	0.01296771441083075
0.622621	0.01464093920675428
0.625385	0.01568669294718422
0.628369	0.01694159282134921
0.631484	0.01767814995554091
0.634598	0.01767811259515433
0.637713	0.01767807836448383
0.640991	0.01860846739538047
0.644462	0.01970303763899638
0.648429	0.02251769679639061
0.652727	0.02439410309506536
0.657454	0.02683342850970227
0.662181	0.02683334418203836
0.666909	0.0268332627494221
0.671636	0.02683318523642543
0.676363	0.02683310708204601
0.681091	0.02683302298150185
0.685818	0.02683294339468695
0.690545	0.02683286748510606
0.695273	0.02683279092463028
0.7	0.02683271343083748
0.704762	0.0270287838570998
0.709524	0.02702870790361514
0.714286	0.02702863590348887
0.719048	0.02702856449382702
0.72381	0.02702849360675013
0.728571	0.02702841850706071
0.733333	0.02702834838563068
0.738095	0.02702827934129122
0.742857	0.0270282168089686
0.747619	0.02702816419235479
0.751984	0.02477577979888984
0.755985	0.02271106845069745
0.760387	0.02498209495284983
0.765339	0.0281047635582817
0.77029	0.02810467740769252
0.775242	0.02810460245710925
0.780193	0.02810452424013877
0.784155	0.02248357493088431
0.788116	0.0224835325905029
0.792077	0.02248349836826181
0.796039	0.02248346734802314
0.8	0.02248343896821287
0.804348	0.02467717875351009
0.80913	0.02714485318562662
0.813913	0.02714482503324649
0.818696	0.0271448028299873
0.823478	0.02714478045749957
0.828261	0.02714475919346171
0.833043	0.02714475583351336
0.837826	0.0271446972384492
0.842609	0.02714463392574504
0.847391	0.02714459308242744
0.852174	0.02714454688769823
0.856957	0.02714450601895949
0.861739	0.02714446054118753
0.866522	0.02714443039221922
0.871304	0.02714440762511657
0.876087	0.02714437911473742
0.88087	0.02714436327368892
0.885652	0.02714438934978024
0.889239	0.02035830644250727
0.892826	0.02035826760720393
0.896413	0.02035822311078196
0.9	0.02035816944739838
0.904	0.0227023993716779
0.908571	0.02594553114945281
0.913383	0.02731094657492342
0.918195	0.02731078295132962
0.923008	0.02731062512992732
0.92782	0.02731049193210859
0.932632	0.02731036673546793
0.937444	0.02731025580308718
0.942256	0.02731014469098888
0.947068	0.02731003755223869
0.95188	0.0273099392472554
0.956692	0.02730983812454179
0.961504	0.02730973254699723
0.966316	0.027309625011003
0.971128	0.02730952028970113
0.97594	0.02730941973294968
0.980752	0.02730932609066111
0.985564	0.02730923288390033
0.990376	0.02730914160927808
0.995188	0.02730906164534249
1	0.02730899146807663
1.00476	0.02702444623956505
1.00952	0.02702436991609448
1.01429	0.0270242930014829
1.01905	0.02702422221880711
1.02381	0.02702414423622276
1.02857	0.02702407600705637
1.03333	0.02702402635790328
1.0381	0.02702399674756522
1.04286	0.02702398821686969
1.04725	0.02494525464339516
1.05077	0.01995619513418507
1.05405	0.01862576180779047
1.05759	0.02005845084436343
1.06144	0.02188185933177016
1.06573	0.02431309365348639
1.07062	0.02778631659731247
1.07552	0.02778625784169069
1.08041	0.027786184279573
1.08531	0.02778610246500056
1.09021	0.0277860331335345
1.0951	0.02778597153850089
1.1	0.02778591172898523
1.10476	0.02702315186464805
1.10952	0.02702305037354856
1.11429	0.02702293559992287
1.11905	0.02702282290015839
1.12381	0.02702265999650642
1.12857	0.02702251553217636
1.13333	0.02702236849852114
1.1381	0.02702220296141058
1.14286	0.02702206120642307
1.14762	0.0270219351713352
1.15238	0.02702182436349268
1.15714	0.02702172264046892
1.1619	0.02702166096503258
1.16667	0.02702160546949853
1.17143	0.02702155259498097
1.17619	0.02702150443497795
1.18095	0.02702146379374942
1.18571	0.02702142967946576
1.19048	0.02702140325793789
1.19524	0.02702143831931432
1.2	0.02702147877893768
1.20476	0.02702157429994481
1.20952	0.02702168468127457
1.21429	0.02702181749111871
1.21905	0.02702194683540049
1.22381	0.02702210147690927
1.22857	0.02702227046662333
1.23333	0.02702247246720142
1.2381	0.02702267938088229
1.24286	0.02702291998971912
1.24762	0.02702316102361423
1.25238	0.02702342551415138
1.25714	0.02702372407041017
1.2619	0.02702406335958966
1.26667	0.02702445542490357
1.27143	0.02702491990355311
1.27619	0.02702546188366076
1.28095	0.0270260966952508
1.28571	0.02702599888926255
1.29048	0.02702588857361647
1.29524	0.02702575862781604
1.3	0.02702559308327156
1.30476	0.0270253785909336
1.30952	0.02702515554501862
1.31429	0.02702489877290134
1.31905	0.02702461479498054
1.32381	0.02702431974383143
1.32857	0.0270240402915395
1.33333	0.02702379524980476
1.3381	0.027023580659475
1.34286	0.02702339307121449
1.34762	0.02702321952618965
1.35238	0.02702278093089597
1.35714	0.02702232681568375
1.35966	0.0143057763252417
1.36277	0.01760691604316525
1.36615	0.01920735134242124
1.36991	0.02134128770526238
1.37421	0.02438981333490524
1.37937	0.02926749958705496
1.38453	0.02926723932622699
1.38968	0.02926696935292641
1.39484	0.02926670218652771
1.39742	0.01463328527341003
1.4	0.01463323128205714
1.40294	0.01668858643238041
1.40629	0.01899039144505716
1.41004	0.02126916329012161
1.41432	0.0243074803399225
1.41908	0.02700816436960878
1.42384	0.02700803190713337
1.4286	0.02700792697721384
1.43336	0.02700785689913989
1.43753	0.02363185572084585
1.4412	0.02085167151003392
1.4443	0.0175593544618812
1.44723	0.01663520397575947
1.45033	0.01761374300543957
1.45388	0.02012997761231946
1.45772	0.02180748437034547
1.46195	0.02398822192888345
1.46671	0.02698673436705863
1.47146	0.02698670052208091
1.47622	0.02698669573757871
1.48098	0.02698670232636331
1.48573	0.02698670043836778
1.49049	0.02698674517869865
1.49524	0.02698681225156193
1.5	0.02698687123035149
1.50476	0.02701914389006781
1.50952	0.02701924297727843
1.51429	0.02701936649852312
1.51905	0.02701952121771652
1.52381	0.02701969856075071
1.52857	0.02701987485800419
1.53333	0.02702008837850224
1.5381	0.02702033593048795
1.54286	0.02702061312088535
1.54762	0.02702093133389901
1.55238	0.02702129278683492
1.55714	0.02702171330967957
1.5619	0.02702219209318821
1.56667	0.02702274577001257
1.57143	0.02702337759609799
1.57619	0.02702415376163517
1.58095	0.02702515728048751
1.58571	0.02702640528405567
1.59048	0.02702598369325029
1.59524	0.0270254793030745
1.6	0.02702504916621319
1.60476	0.02702458711362077
1.60952	0.02702405359393849
1.61429	0.02702349906435382
1.61905	0.02702288211750568
1.62381	0.02702224786020734
1.62857	0.02702161504745918
1.63333	0.02702103909989712
1.6381	0.02702058066186554
1.64222	0.02341754217332947
1.64635	0.02341727754068408
1.65082	0.02536842528032905
1.65574	0.02790493659032357
1.66066	0.02790445787278414
1.66557	0.02790396773940591
1.67049	0.02790356757348708
1.67541	0.02790327792998251
1.68033	0.02790302067386596
1.68426	0.02232224211222747
1.6882	0.02232211218762328
1.69213	0.02232198807214779
1.69607	0.02232185201620886
1.7	0.02232174493069559
1.70385	0.02182103369493707
1.70803	0.02371841893304875
1.71263	0.02609017866340098
1.71722	0.02609011627375866
1.72182	0.02609005855789377
1.72642	0.02609000360355372
1.73102	0.0260899593844201
1.73562	0.02608993283306485
1.74022	0.02608991451920457
1.7452	0.02826403769503165
1.75018	0.02826399072317081
1.75516	0.02826394694739743
1.76014	0.02826391999511432
1.76513	0.02826392033130511
1.77011	0.0282638710562877
1.77509	0.02826385307660075
1.78007	0.02826377333874971
1.78505	0.02826375858454637
1.79004	0.02826388568567482
1.79502	0.02826404291318504
1.8	0.02826415567162657
1.80385	0.02182077248029712
1.80769	0.02182082851507225
1.81209	0.02493806617551371
1.81671	0.0262505802291904
1.82134	0.02625059208006621
1.82597	0.02625063160698732
1.8306	0.02625068001501145
1.83522	0.0262507247435135
1.83985	0.02625080862313295
1.84448	0.0262509095186015
1.8491	0.02625104480210709
1.85373	0.02625123978056335
1.85836	0.02625144043001447
1.86298	0.02625166689025915
1.86761	0.02625192691412342
1.87224	0.02625221692358319
1.87687	0.02625256253268213
1.88149	0.02625297868180186
1.88612	0.02625339162760375
1.89075	0.02625387190390321
1.89537	0.02625438900962939
1.9	0.02625504951460664
1.905	0.02837286916117658
1.91	0.02837200572508429
1.915	0.02837094307077427
1.92	0.02837006720672354
1.925	0.02836927254953065
1.93	0.02836862167753205
1.935	0.02836800364604945
1.93964	0.02634121170408452
1.94395	0.02445928888871148
1.94827	0.02445895671759768
1.95224	0.02257716108623344
1.95622	0.02257667665157468
1.95987	0.02069491818217391
1.96322	0.01896996092860966
1.96689	0.02086652428647641
1.97057	0.02086601068356272
1.97478	0.02384638454289864
1.97898	0.02384587928189822
1.98424	0.0298067011805924
1.98949	0.02980604822533077
1.99475	0.02980547117820478
2	0.0298049769029931
2.005	0.02835948297451101
2.01	0.02835906105768055
2.015	0.02835863530573307
2.01972	0.02678270812450888
2.02444	0.02678239307713835
2.02917	0.02678220558338809
2.03389	0.02678218303309894
2.03861	0.02678222610331372
2.04333	0.02678170390686382
2.04806	0.02678156433900684
2.05278	0.02678167036667234
2.0575	0.02678244828605343
2.06222	0.02678330968864209
2.06694	0.02678441874986636
2.07167	0.02678601723597331
2.07639	0.02678655808124508
2.07976	0.01913356231393107
2.08313	0.01913396357678093
2.08735	0.0239180027294932
2.09157	0.02391867802234633
2.09578	0.02391937962064995
2.1	0.02392030611295155
2.10476	0.02701725925472731
2.10952	0.02701883890891616
2.11429	0.02702075335557597
2.11905	0.02702389245363306
2.12381	0.0270278327215419
2.12857	0.0270326632732007
2.13214	0.02027628541594
2.13403	0.01070191628244371
2.13623	0.01248599426957963
2.13868	0.01392778864981534
2.14147	0.01582946526411892
2.14455	0.01749842584554263
2.14781	0.01853219858171104
2.15107	0.0185340426227866
2.15457	0.01986027548612141
2.1576	0.01721495626092555
2.16062	0.01721913503937031
2.16391	0.01866103342828929
2.16751	0.02053713776398096
2.17158	0.02311803074668799
2.17513	0.02024236494254851
2.17789	0.01574834364666681
2.18066	0.01575628231914982
2.18388	0.01839793330096405
2.18791	0.02303575230775952
2.19194	0.02307379826414492
2.19597	0.02311884943211482
2.2	0.02312733029097371
2.20286	0.01643645617779553
2.20497	0.01219958963627652
2.20664	0.009695852085065501
2.20777	0.006687313552535958
2.20861	0.004962840852131898
2.20912	0.003176855377567666
2.20949	0.002327329639271933
2.20972	0.001528506004728409
2.20988	0.001181642221443238
2.20999	0.0008239447645057949
2.21006	0.0006846540846642456
2.21011	0.000516014021497788
2.21015	0.0004633569731276256
2.21017	0.0003788474541436686
2.21018	0.0003673527727181407
2.21019	0.0003226258385247612
2.2102	0.0003314082385718163
2.21021	0.0003068082095210235
2.21021	0.000328941694073523
2.21021	0.0003198504353512341
2.21022	0.0003531116549176655
2.21022	0.0003428769085780213
2.21022	0.0003342922628139731
2.21022	0.0003330647737391688
2.21022	0.000339737376996785
2.21022	0.0003529090955510203
2.21022	0.0003266635390007929
2.21022	0.0004022213457214489
2.21022	0.0004186303585945495
2.21022	0.000418071973361835
2.21022	0.0004124748014552121
2.21022	0.0004363724501223895
2.21022	0.0003781473903021466
2.21022	0.0004847888578618201
2.21022	0.0004384373716160764
2.21022	0.0004364433800213508
2.21022	0.0004349449808310991
2.21022	0.0004653192574755781
2.21022	0.000528225724565504
2.21022	0.0006002598903616786
2.21022	0.0005754247569918455
2.21022	0.0005127755165681548
2.21022	0.0004422281648719595
2.21022	0.0003707799068000607
2.21022	0.0003449985149363464
2.21022	0.0002697629673967715
2.21022	0.0002270729417549139
2.21022	0.0002658877749970001
2.21022	0.0002209666387787584
2.21022	0.0002496160813865595
2.21022	0.0002391301979008354
2.21022	0.0002365256834747972
2.21022	0.0002386296589548323
2.21022	0.0002398001583289589
2.21022	0.0002410559308024793
2.21022	0.0002421376374540198
2.21022	0.0002430885200045969
2.21022	0.0002437336315877455
2.21022	0.0002441557043109036
2.21022	0.0002444257614742644
2.21022	0.0002446161741465142
2.21022	0.0002447425934920342
2.21022	0.0002448229505470068
2.21022	0.0002448730021000642
2.21022	0.0002449040552916461
2.21022	0.0002449231708222679
2.21022	0.0002449354680880856
2.21022	0.0002449428933113057
2.21022	0.0002449471838363897
2.21022	0.0002449495854625334
2.21022	0.0002449508958145311
2.21022	0.0002449515586045158
2.21022	0.0002449518642668503
2.21022	0.0002449519728832489
2.21022	0.0002449519828902758
2.21022	0.0002449519473768887
2.21022	0.0002449518949962831
2.21022	0.0002449518414954694
2.21022	0.0002449517920596227
2.21022	0.0002449517509388452
2.21022	0.0002449517164627317
2.21022	0.0002449516900200475
2.21022	0.0002449516684840613
2.21022	0.0002449516528794762
2.21022	0.0002449516401322029
2.21022	0.0002449516314566649
2.21022	0.0002449516241269796
2.21022	0.0002449516195812143
2.21022	0.0002449516154112514
2.21022	0.0002449516132117654
2.21022	0.0002449516108189436
2.21022	0.0002449516098974771
2.21022	0.0002449516084720899
2.21022	0.0002449516082193704
2.21022	0.0002449516073067975
2.21022	0.000244951607389011
2.21022	0.0002449516067437367
2.21022	0.0002449516069847839
2.21022	0.0002449516064788015
2.21022	0.0002449516067891562
2.21022	0.0002449516063577619
2.21022	0.0002449516066935048
2.21022	0.0002449516063046451
2.21022	0.0002449516066452673
2.21022	0.000244951606281569
2.21022	0.0002449516066212766
2.21022	0.0002449516062725125
2.21022	0.0002449516066081745
2.21022	0.0002449516062698849
2.21022	0.0002449516066003148
2.21022	0.0002449516062701377
2.21022	0.0002449516065950833
2.21022	0.0002449516062716189
