	0.004347826086956522
0.00434783	0.004347826086956522
0.00869565	0.004347826086956522
0.0130435	0.004347826086956522
0.0173913	0.004347826086956522
0.0217391	0.004347826086956522
0.026087	0.004347826086956522
0.0304348	0.004347826086956523
0.0347826	0.004347826086956523
0.0391304	0.004347826086956522
0.0434783	0.004347826086956522
0.0478261	0.004347826086956522
0.0521739	0.004347826086956521
0.0565217	0.004347826086956522
0.0608696	0.004347826086956521
0.0652174	0.004347826086956521
0.0695652	0.00434782608695652
0.073913	0.00434782608695652
0.0782609	0.004347826086956519
0.0826087	0.004347826086956517
0.0869565	0.004347826086956515
0.0913043	0.004347826086956517
0.0956522	0.004347826086956524
0.1	0.004347826086956522
0.104348	0.004347826086956522
0.108696	0.004347826086956522
0.113043	0.004347826086956522
0.117391	0.004347826086956522
0.121739	0.004347826086956521
0.126087	0.004347826086956521
0.130435	0.004347826086956521
0.134783	0.004347826086956521
0.13913	0.00434782608695652
0.143478	0.00434782608695652
0.147826	0.00434782608695652
0.152174	0.004347826086956519
0.156522	0.004347826086956519
0.16087	0.004347826086956518
0.165217	0.004347826086956517
0.169565	0.004347826086956517
0.173913	0.004347826086956515
0.178261	0.004347826086956513
0.182609	0.004347826086956511
0.186957	0.004347826086956515
0.191304	0.004347826086956511
0.195652	0.004347826086956497
0.2	0.004545454545454547
0.204545	0.004545454545454547
0.209091	0.004545454545454547
0.213636	0.004545454545454547
0.218182	0.004545454545454547
0.222727	0.004545454545454547
0.227273	0.004545454545454547
0.231818	0.004545454545454547
0.236364	0.004545454545454547
0.240909	0.004545454545454547
0.245455	0.004545454545454547
0.25	0.00454545454545455
0.254545	0.004545454545454547
0.259091	0.004545454545454543
0.263636	0.004545454545454547
0.268182	0.004545454545454551
0.272727	0.004545454545454547
0.277273	0.004545454545454542
0.281818	0.004545454545454547
0.286364	0.004545454545454557
0.290909	0.003030303030303031
0.293939	0.003030303030303022
0.29697	0.00303030303030305
0.3	0.003448275862068965
0.303448	0.00386206896551724
0.30731	0.004413793103448275
0.311724	0.004904214559386975
0.316628	0.004904214559386973
0.321533	0.004904214559386971
0.326437	0.004904214559386973
0.331341	0.004577266922094507
0.335918	0.004577266922094508
0.340496	0.004577266922094507
0.345073	0.004577266922094508
0.34965	0.004577266922094511
0.354227	0.004577266922094508
0.358805	0.004577266922094505
0.363382	0.004577266922094508
0.367959	0.004577266922094513
0.372536	0.004577266922094508
0.377114	0.004577266922094503
0.381691	0.004577266922094508
0.386268	0.004577266922094518
0.390845	0.004577266922094508
0.395423	0.004577266922094481
0.4	0.004761904761904761
0.404762	0.004761904761904761
0.409524	0.004761904761904762
0.414286	0.004761904761904763
0.419048	0.004761904761904765
0.42381	0.004761904761904766
0.428571	0.004761904761904768
0.433333	0.004761904761904768
0.438095	0.004761904761904771
0.442857	0.004761904761904773
0.447619	0.004761904761904775
0.452381	0.004761904761904773
0.457143	0.004761904761904769
0.461905	0.004761904761904773
0.466667	0.004761904761904777
0.471429	0.004761904761904773
0.47619	0.004761904761904768
0.480952	0.004761904761904773
0.485714	0.004761904761904782
0.490476	0.004761904761904773
0.495238	0.004761904761904745
0.5	0.004761904761904766
0.504762	0.004761904761904768
0.509524	0.004761904761904768
0.514286	0.004761904761904769
0.519048	0.004761904761904771
0.52381	0.004761904761904773
0.528571	0.004761904761904774
0.533333	0.004761904761904777
0.538095	0.004761904761904779
0.542857	0.004761904761904782
0.547619	0.004761904761904786
0.552381	0.004761904761904789
0.557143	0.004761904761904794
0.561905	0.0047619047619048
0.566667	0.004761904761904808
0.571429	0.0047619047619048
0.57619	0.004761904761904789
0.580952	0.0047619047619048
0.585714	0.003571428571428614
0.589286	0.002678571428571475
0.591964	0.002008928571428592
0.593973	0.002008928571428573
0.595982	0.002008928571428592
0.597991	0.002008928571428648
0.6	0.002040816326530612
0.602041	0.001579986833443054
0.603621	0.001438495475224273
0.605059	0.001396186784776501
0.606455	0.001508782493226219
0.607964	0.001643495215835703
0.609608	0.001807844737419273
0.611416	0.002013281639398737
0.613429	0.002164277762353642
0.615593	0.002164277762353642
0.617757	0.002284515415817734
0.620042	0.002579291598503893
0.622621	0.002763526712682742
0.625385	0.002984608849697361
0.628369	0.003114374451858118
0.631484	0.003114374451858117
0.634598	0.003114374451858116
0.637713	0.003278288896692753
0.640991	0.003471129420027618
0.644462	0.003967005051460137
0.648429	0.004297588805748477
0.652727	0.004727347686323324
0.657454	0.004727347686323324
0.662181	0.004727347686323324
0.666909	0.004727347686323324
0.671636	0.004727347686323324
0.676363	0.004727347686323324
0.681091	0.004727347686323324
0.685818	0.004727347686323324
0.690545	0.004727347686323324
0.695273	0.004727347686323324
0.7	0.004761904761904761
0.704762	0.004761904761904761
0.709524	0.004761904761904762
0.714286	0.004761904761904763
0.719048	0.004761904761904765
0.72381	0.004761904761904766
0.728571	0.004761904761904768
0.733333	0.004761904761904768
0.738095	0.004761904761904771
0.742857	0.004761904761904773
0.747619	0.004365079365079377
0.751984	0.004001322751322765
0.755985	0.004401455026455036
0.760387	0.004951636904761914
0.765339	0.004951636904761906
0.77029	0.004951636904761914
0.775242	0.004951636904761925
0.780193	0.003961309523809531
0.784155	0.00396130952380952
0.788116	0.003961309523809502
0.792077	0.00396130952380952
0.796039	0.003961309523809575
0.8	0.004347826086956521
0.804348	0.004782608695652174
0.80913	0.004782608695652175
0.813913	0.004782608695652175
0.818696	0.004782608695652175
0.823478	0.004782608695652175
0.828261	0.004782608695652176
0.833043	0.004782608695652176
0.837826	0.004782608695652177
0.842609	0.004782608695652178
0.847391	0.004782608695652179
0.852174	0.00478260869565218
0.856957	0.004782608695652181
0.861739	0.004782608695652182
0.866522	0.004782608695652184
0.871304	0.004782608695652187
0.876087	0.004782608695652191
0.88087	0.004782608695652196
0.885652	0.003586956521739154
0.889239	0.003586956521739163
0.892826	0.003586956521739182
0.896413	0.003586956521739126
0.9	0.003999999999999999
0.904	0.00457142857142857
0.908571	0.004812030075187969
0.913383	0.004812030075187971
0.918195	0.004812030075187973
0.923008	0.004812030075187976
0.92782	0.004812030075187978
0.932632	0.004812030075187982
0.937444	0.004812030075187985
0.942256	0.00481203007518799
0.947068	0.004812030075187995
0.95188	0.00481203007518799
0.956692	0.004812030075187984
0.961504	0.00481203007518799
0.966316	0.004812030075187997
0.971128	0.00481203007518799
0.97594	0.004812030075187978
0.980752	0.00481203007518799
0.985564	0.004812030075188008
0.990376	0.00481203007518799
0.995188	0.004812030075187934
1	0.004761904761904766
1.00476	0.004761904761904768
1.00952	0.004761904761904768
1.01429	0.004761904761904769
1.01905	0.004761904761904771
1.02381	0.004761904761904773
1.02857	0.004761904761904774
1.03333	0.004761904761904777
1.0381	0.004761904761904779
1.04286	0.004395604395604414
1.04725	0.003516483516483533
1.05077	0.003282051282051294
1.05405	0.00353451676528601
1.05759	0.003855836471221099
1.06144	0.004284262745801219
1.06573	0.004896300280915668
1.07062	0.004896300280915662
1.07552	0.004896300280915655
1.08041	0.004896300280915644
1.08531	0.004896300280915626
1.09021	0.004896300280915589
1.0951	0.0048963002809157
1.1	0.004761904761904766
1.10476	0.004761904761904768
1.10952	0.004761904761904768
1.11429	0.004761904761904769
1.11905	0.004761904761904771
1.12381	0.004761904761904773
1.12857	0.004761904761904774
1.13333	0.004761904761904777
1.1381	0.004761904761904779
1.14286	0.004761904761904782
1.14762	0.004761904761904786
1.15238	0.004761904761904789
1.15714	0.004761904761904794
1.1619	0.0047619047619048
1.16667	0.004761904761904808
1.17143	0.004761904761904819
1.17619	0.004761904761904833
1.18095	0.004761904761904856
1.18571	0.004761904761904893
1.19048	0.004761904761904856
1.19524	0.004761904761904745
1.2	0.004761904761904755
1.20476	0.004761904761904756
1.20952	0.004761904761904756
1.21429	0.004761904761904757
1.21905	0.004761904761904758
1.22381	0.004761904761904759
1.22857	0.00476190476190476
1.23333	0.004761904761904761
1.2381	0.004761904761904762
1.24286	0.004761904761904763
1.24762	0.004761904761904765
1.25238	0.004761904761904768
1.25714	0.004761904761904769
1.2619	0.004761904761904773
1.26667	0.004761904761904777
1.27143	0.004761904761904782
1.27619	0.004761904761904789
1.28095	0.0047619047619048
1.28571	0.004761904761904819
1.29048	0.004761904761904856
1.29524	0.004761904761904967
1.3	0.004761904761904766
1.30476	0.004761904761904768
1.30952	0.004761904761904768
1.31429	0.004761904761904769
1.31905	0.004761904761904771
1.32381	0.004761904761904773
1.32857	0.004761904761904774
1.33333	0.004761904761904777
1.3381	0.004761904761904779
1.34286	0.004761904761904782
1.34762	0.004761904761904786
1.35238	0.004761904761904789
1.35714	0.002521008403361362
1.35966	0.003102779573367832
1.36277	0.003384850443674002
1.36615	0.003760944937415559
1.36991	0.004298222785617771
1.37421	0.005157867342741307
1.37937	0.005157867342741318
1.38453	0.005157867342741336
1.38968	0.005157867342741373
1.39484	0.002578933671370742
1.39742	0.002578933671370853
1.4	0.002941176470588231
1.40294	0.003346855983772815
1.40629	0.003748478701825553
1.41004	0.004283975659229201
1.41432	0.004759972954699111
1.41908	0.004759972954699106
1.42384	0.004759972954699099
1.4286	0.004759972954699107
1.43336	0.004164976335361711
1.43753	0.003674979119436803
1.4412	0.003094719258473097
1.4443	0.002931839297500826
1.44723	0.003104300432647932
1.45033	0.003547771923026212
1.45388	0.003843419583278403
1.45772	0.004227761541606245
1.46195	0.004756231734307032
1.46671	0.004756231734307027
1.47146	0.004756231734307022
1.47622	0.004756231734307015
1.48098	0.004756231734307004
1.48573	0.004756231734306986
1.49049	0.004756231734306948
1.49524	0.004756231734306837
1.5	0.004761904761904766
1.50476	0.004761904761904768
1.50952	0.004761904761904768
1.51429	0.004761904761904769
1.51905	0.004761904761904771
1.52381	0.004761904761904773
1.52857	0.004761904761904774
1.53333	0.004761904761904777
1.5381	0.004761904761904779
1.54286	0.004761904761904782
1.54762	0.004761904761904786
1.55238	0.004761904761904789
1.55714	0.004761904761904794
1.5619	0.0047619047619048
1.56667	0.004761904761904808
1.57143	0.004761904761904819
1.57619	0.004761904761904833
1.58095	0.004761904761904856
1.58571	0.004761904761904893
1.59048	0.004761904761904856
1.59524	0.004761904761904745
1.6	0.004761904761904766
1.60476	0.004761904761904768
1.60952	0.004761904761904768
1.61429	0.004761904761904769
1.61905	0.004761904761904771
1.62381	0.004761904761904773
1.62857	0.004761904761904774
1.63333	0.004761904761904777
1.6381	0.004126984126984142
1.64222	0.004126984126984138
1.64635	0.004470899470899477
1.65082	0.004917989417989421
1.65574	0.004917989417989426
1.66066	0.004917989417989432
1.66557	0.00491798941798944
1.67049	0.004917989417989451
1.67541	0.004917989417989465
1.68033	0.003934391534391591
1.68426	0.003934391534391568
1.6882	0.003934391534391531
1.69213	0.003934391534391568
1.69607	0.003934391534391679
1.7	0.003846153846153841
1.70385	0.004180602006688958
1.70803	0.004598662207357851
1.71263	0.004598662207357846
1.71722	0.004598662207357841
1.72182	0.004598662207357836
1.72642	0.004598662207357829
1.73102	0.004598662207357837
1.73562	0.004598662207357829
1.74022	0.004981884057970972
1.7452	0.004981884057970973
1.75018	0.004981884057970976
1.75516	0.004981884057970978
1.76014	0.004981884057970981
1.76513	0.004981884057970985
1.77011	0.004981884057970991
1.77509	0.004981884057970998
1.78007	0.004981884057971009
1.78505	0.004981884057971027
1.79004	0.004981884057971064
1.79502	0.004981884057970953
1.8	0.003846153846153849
1.80385	0.00384615384615385
1.80769	0.004395604395604401
1.81209	0.004626951995373055
1.81671	0.004626951995373058
1.82134	0.004626951995373062
1.82597	0.004626951995373066
1.8306	0.00462695199537307
1.83522	0.004626951995373075
1.83985	0.004626951995373082
1.84448	0.004626951995373089
1.8491	0.004626951995373097
1.85373	0.004626951995373108
1.85836	0.004626951995373095
1.86298	0.004626951995373108
1.86761	0.004626951995373123
1.87224	0.004626951995373108
1.87687	0.004626951995373085
1.88149	0.004626951995373108
1.88612	0.004626951995373145
1.89075	0.004626951995373108
1.89537	0.004626951995372997
1.9	0.004999999999999993
1.905	0.004999999999999998
1.91	0.005000000000000004
1.915	0.004999999999999998
1.92	0.005000000000000004
1.925	0.005000000000000012
1.93	0.005000000000000004
1.935	0.004642857142857139
1.93964	0.004311224489795913
1.94395	0.00431122448979592
1.94827	0.003979591836734703
1.95224	0.003979591836734704
1.95622	0.003647959183673481
1.95987	0.003343962585034018
1.96322	0.003678358843537421
1.96689	0.003678358843537424
1.97057	0.004203838678328488
1.97478	0.004203838678328482
1.97898	0.005254798347910594
1.98424	0.005254798347910612
1.98949	0.00525479834791065
1.99475	0.005254798347910761
2	0.005000000000000004
2.005	0.005000000000000011
2.01	0.005000000000000017
2.015	0.004722222222222245
2.01972	0.004722222222222255
2.02444	0.004722222222222267
2.02917	0.00472222222222228
2.03389	0.004722222222222294
2.03861	0.004722222222222312
2.04333	0.004722222222222294
2.04806	0.004722222222222274
2.05278	0.004722222222222294
2.0575	0.004722222222222319
2.06222	0.004722222222222294
2.06694	0.004722222222222262
2.07167	0.004722222222222294
2.07639	0.003373015873015956
2.07976	0.003373015873015935
2.08313	0.004216269841269882
2.08735	0.004216269841269919
2.09157	0.004216269841269993
2.09578	0.004216269841270215
2.1	0.004761904761904766
2.10476	0.004761904761904768
2.10952	0.004761904761904768
2.11429	0.004761904761904769
2.11905	0.004761904761904771
2.12381	0.004761904761904773
2.12857	0.003571428571428581
2.13214	0.001884920634920641
2.13403	0.002199074074074077
2.13623	0.002452813390313395
2.13868	0.002787287943537957
2.14147	0.003080686674436687
2.14455	0.003261903537638849
2.14781	0.003261903537638861
2.15107	0.003494896647470221
2.15457	0.003028910427807515
2.1576	0.003028910427807523
2.16062	0.003281319630124827
2.16391	0.003609451593137303
2.16751	0.004060633042279438
2.17158	0.003553053911994508
2.17513	0.002763486375995722
2.17789	0.002763486375995716
2.18066	0.00322406743866166
2.18388	0.004030084298327075
2.18791	0.004030084298327037
2.19194	0.004030084298326964
2.19597	0.004030084298326742
2.2	0.00285714285714286
2.20286	0.002111801242236031
2.20497	0.001667211507028448
2.20664	0.001138583468214548
2.20777	0.0008308582065349386
2.20861	0.0005192863790843373
2.20912	0.0003664319207248355
2.20949	0.0002285572838864499
2.20972	0.0001638477806445511
2.20988	0.0001034630072956408
2.20999	7.507324132377595e-05
2.21006	4.796679632313783e-05
2.21011	3.494936870511667e-05
2.21015	2.250872418358086e-05
2.21017	1.645883441126258e-05
2.21018	1.069745823990707e-05
2.21019	7.867983347119298e-06
2.2102	5.172953162087252e-06
2.21021	3.845816386307621e-06
2.21021	2.572066663929763e-06
2.21021	1.949066624071115e-06
2.21022	1.314222726961604e-06
2.21022	9.045087175739596e-07
2.21022	6.443111364339668e-07
2.21022	4.746845742011371e-07
2.21022	3.559254546598757e-07
2.21022	2.613707263388789e-07
2.21022	2.934325574724461e-07
2.21022	2.687719454847446e-07
2.21022	2.236262654992815e-07
2.21022	1.82959238613283e-07
2.21022	1.552829050362832e-07
2.21022	1.214021012982663e-07
2.21022	1.368262646338279e-07
2.21022	1.126696150782936e-07
2.21022	1.034435008343233e-07
2.21022	9.567768676610373e-08
2.21022	9.043821344233471e-08
2.21022	8.81900641884289e-08
2.21022	8.543411419215564e-08
2.21022	7.388472032506405e-08
2.21022	6.28831477484692e-08
2.21022	5.27083769550593e-08
2.21022	4.050939545829117e-08
2.21022	3.625355342105586e-08
2.21022	2.616909300009859e-08
2.21022	2.00208126807015e-08
2.21022	1.955649417012409e-08
2.21022	1.256095216204419e-08
2.21022	9.54113555788368e-09
2.21022	5.656146961896653e-09
2.21022	3.358687224352069e-09
2.21022	1.980675751457622e-09
2.21022	1.159452466004885e-09
2.21022	6.785468354119406e-10
2.21022	3.975507436960365e-10
2.21022	2.330396599037148e-10
2.21022	1.36637220519342e-10
2.21022	8.012041651442316e-11
2.21022	4.69827076692893e-11
2.21022	2.755062535949727e-11
2.21022	1.615560979087919e-11
2.21022	9.473360631349874e-12
2.21022	5.554859213107791e-12
2.21022	3.257115461389981e-12
2.21022	1.90979409458285e-12
2.21022	1.11978573418812e-12
2.21022	6.565681377869226e-13
2.21022	3.849657119400833e-13
2.21022	2.257160786214583e-13
2.21022	1.323432077707471e-13
2.21022	7.75961036981308e-14
2.21022	4.549645283843012e-14
2.21022	2.667563181456475e-14
2.21022	1.564053391394232e-14
2.21022	9.170398518009232e-15
2.21022	5.376809914358029e-15
2.21022	3.152543169108271e-15
2.21022	1.848405783856802e-15
2.21022	1.083761044723918e-15
2.21022	6.354329218816581e-16
2.21022	3.72568263467894e-16
2.21022	2.18444936347749e-16
2.21022	1.280790482331902e-16
2.21022	7.509554800513478e-17
2.21022	4.403016195791536e-17
2.21022	2.581584649717135e-17
2.21022	1.513639504282468e-17
2.21022	8.874799193709786e-18
2.21022	5.203488692356923e-18
2.21022	3.050919115488742e-18
2.21022	1.788820536499071e-18
2.21022	1.048824563093306e-18
2.21022	6.149487558498344e-19
2.21022	3.605578906562273e-19
2.21022	2.11402968517042e-19
2.21022	1.239501790034254e-19
2.21022	7.267469790270753e-20
2.21022	4.261076310798155e-20
2.21022	2.498362132787058e-20
2.21022	1.464844300117425e-20
2.21022	8.588702155524616e-21
2.21022	5.035743710688819e-21
2.21022	2.952566553145148e-21
2.21022	1.731154274619691e-21
2.21022	1.015013571605185e-21
2.21022	5.951246319528581e-22
2.21022	3.48934573353058e-22
2.21022	2.045879635013533e-22
2.21022	1.199543926167478e-22
2.21022	7.033188102455162e-23
2.21022	4.123711837924354e-23
2.21022	2.417822340950853e-23
2.21022	1.417622060454392e-23
