0.00434783	0.36
0.00869565	0.53
0.0130435	0.6899999999999999
0.0173913	0.85
0.0217391	1.01
0.026087	1.21
0.0304348	1.41
0.0347826	1.58
0.0391304	1.79
0.0434783	1.94
0.0478261	2.08
0.0521739	2.24
0.0565217	2.39
0.0608696	2.55
0.0652174	2.71
0.0695652	2.86
0.073913	3.02
0.0782609	3.16
0.0826087	3.32
0.0869565	3.47
0.0913043	3.65
0.0956522	3.81
0.1	4.05
0.104348	4.32
0.108696	4.47
0.113043	4.63
0.117391	4.8
0.121739	4.94
0.126087	5.1
0.130435	5.25
0.134783	5.41
0.13913	5.55
0.143478	5.69
0.147826	5.85
0.152174	6.01
0.156522	6.15
0.16087	6.29
0.165217	6.44
0.169565	6.58
0.173913	6.75
0.178261	6.9
0.182609	7.06
0.186957	7.2
0.191304	7.36
0.195652	7.5
0.2	7.73
0.204545	7.94
0.209091	8.09
0.213636	8.25
0.218182	8.42
0.222727	8.58
0.227273	8.74
0.231818	8.869999999999999
0.236364	9.039999999999999
0.240909	9.19
0.245455	9.33
0.25	9.49
0.254545	9.65
0.259091	9.800000000000001
0.263636	9.960000000000001
0.268182	10.11
0.272727	10.27
0.277273	10.43
0.281818	10.58
0.286364	10.73
0.290909	10.88
0.293939	11.05
0.29697	11.21
0.3	11.51
0.303448	11.76
0.30731	11.91
0.311724	12.07
0.316628	12.25
0.321533	12.44
0.326437	12.62
0.331341	12.78
0.335918	12.94
0.340496	13.09
0.345073	13.26
0.34965	13.41
0.354227	13.55
0.358805	13.71
0.363382	13.86
0.367959	14.01
0.372536	14.17
0.377114	14.33
0.381691	14.47
0.386268	14.63
0.390845	14.77
0.395423	14.93
0.4	15.13
0.404762	15.33
0.409524	15.48
0.414286	15.64
0.419048	15.8
0.42381	15.97
0.428571	16.13
0.433333	16.29
0.438095	16.47
0.442857	16.64
0.447619	16.83
0.452381	17.02
0.457143	17.19
0.461905	17.38
0.466667	17.61
0.471429	17.77
0.47619	17.95
0.480952	18.09
0.485714	18.23
0.490476	18.4
0.495238	18.57
0.5	18.78
0.504762	18.99
0.509524	19.16
0.514286	19.3
0.519048	19.47
0.52381	19.64
0.528571	19.8
0.533333	19.94
0.538095	20.11
0.542857	20.27
0.547619	20.42
0.552381	20.58
0.557143	20.72
0.561905	20.88
0.566667	21.04
0.571429	21.19
0.57619	21.34
0.580952	21.5
0.585714	21.69
0.589286	21.86
0.591964	22.02
0.593973	22.17
0.595982	22.32
0.597991	22.47
0.6	22.72
0.602041	22.94
0.603621	23.11
0.605059	23.26
0.606455	23.45
0.607964	23.64
0.609608	23.82
0.611416	23.97
0.613429	24.11
0.615593	24.28
0.617757	24.47
0.620042	24.63
0.622621	24.8
0.625385	24.94
0.628369	25.1
0.631484	25.25
0.634598	25.41
0.637713	25.56
0.640991	25.72
0.644462	25.88
0.648429	26.02
0.652727	26.19
0.657454	26.33
0.662181	26.51
0.666909	26.64
0.671636	26.81
0.676363	26.95
0.681091	27.11
0.685818	27.3
0.690545	27.49
0.695273	27.65
0.7	27.86
0.704762	28.06
0.709524	28.22
0.714286	28.36
0.719048	28.52
0.72381	28.69
0.728571	28.84
0.733333	29
0.738095	29.16
0.742857	29.3
0.747619	29.44
0.751984	29.59
0.755985	29.75
0.760387	29.91
0.765339	30.1
0.77029	30.26
0.775242	30.42
0.780193	30.6
0.784155	30.76
0.788116	30.89
0.792077	31.05
0.796039	31.21
0.8	31.43
0.804348	31.68
0.80913	31.83
0.813913	32
0.818696	32.18
0.823478	32.35
0.828261	32.51
0.833043	32.65
0.837826	32.86
0.842609	33.06
0.847391	33.27
0.852174	33.48
0.856957	33.69
0.861739	33.89
0.866522	34.1
0.871304	34.28
0.876087	34.45
0.88087	34.61
0.885652	34.77
0.889239	34.93
0.892826	35.1
0.896413	35.25
0.9	35.55
0.904	35.87
0.908571	36.15
0.913383	36.46
0.918195	36.67
0.923008	36.83
0.92782	37.04
0.932632	37.23
0.937444	37.49
0.942256	37.74
0.947068	37.97
0.95188	38.3
0.956692	38.73
0.961504	39.07
0.966316	39.33
0.971128	39.48
0.97594	39.67
0.980752	39.83
0.985564	40
0.990376	40.16
0.995188	40.31
1	40.64
1.00476	41.11
1.00952	41.32
1.01429	41.52
1.01905	41.76
1.02381	41.96
1.02857	42.12
1.03333	42.28
1.0381	42.44
1.04286	42.72
1.04725	42.95
1.05077	43.25
1.05405	43.52
1.05759	43.78
1.06144	43.95
1.06573	44.25
1.07062	44.52
1.07552	44.74
1.08041	44.89
1.08531	45.05
1.09021	45.3
1.0951	45.47
1.1	45.71
1.10476	45.95
1.10952	46.1
1.11429	46.26
1.11905	46.4
1.12381	46.56
1.12857	46.72
1.13333	46.86
1.1381	47.02
1.14286	47.16
1.14762	47.33
1.15238	47.47
1.15714	47.64
1.1619	47.79
1.16667	47.9
1.17143	48.05
1.17619	48.17
1.18095	48.31
1.18571	48.44
1.19048	48.58
1.19524	48.72
1.2	48.95
1.20476	49.19
1.20952	49.31
1.21429	49.46
1.21905	49.59
1.22381	49.75
1.22857	49.89
1.23333	50.02
1.2381	50.15
1.24286	50.29
1.24762	50.41
1.25238	50.57
1.25714	50.69
1.2619	50.83
1.26667	50.96
1.27143	51.1
1.27619	51.26
1.28095	51.38
1.28571	51.52
1.29048	51.65
1.29524	51.8
1.3	52.05
1.30476	52.25
1.30952	52.38
1.31429	52.52
1.31905	52.66
1.32381	52.81
1.32857	52.95
1.33333	53.1
1.3381	53.24
1.34286	53.41
1.34762	53.55
1.35238	53.69
1.35714	53.83
1.35966	53.98
1.36277	54.12
1.36615	54.3
1.36991	54.47
1.37421	54.62
1.37937	54.75
1.38453	54.91
1.38968	55.04
1.39484	55.18
1.39742	55.32
1.4	55.53
1.40294	55.72
1.40629	55.87
1.41004	56.01
1.41432	56.14
1.41908	56.3
1.42384	56.44
1.4286	56.58
1.43336	56.72
1.43753	56.88
1.4412	57.01
1.4443	57.17
1.44723	57.33
1.45033	57.47
1.45388	57.61
1.45772	57.75
1.46195	57.9
1.46671	58.03
1.47146	58.17
1.47622	58.3
1.48098	58.44
1.48573	58.58
1.49049	58.7
1.49524	58.83
1.5	59.11
1.50476	59.33
1.50952	59.47
1.51429	59.61
1.51905	59.75
1.52381	59.91
1.52857	60.05
1.53333	60.18
1.5381	60.31
1.54286	60.44
1.54762	60.58
1.55238	60.73
1.55714	60.85
1.5619	60.97
1.56667	61.11
1.57143	61.25
1.57619	61.37
1.58095	61.51
1.58571	61.64
1.59048	61.79
1.59524	61.91
1.6	62.18
1.60476	62.38
1.60952	62.52
1.61429	62.65
1.61905	62.8
1.62381	62.93
1.62857	63.08
1.63333	63.21
1.6381	63.36
1.64222	63.5
1.64635	63.64
1.65082	63.76
1.65574	63.91
1.66066	64.04000000000001
1.66557	64.19
1.67049	64.33
1.67541	64.47
1.68033	64.61
1.68426	64.75
1.6882	64.90000000000001
1.69213	65.05
1.69607	65.19
1.7	65.41
1.70385	65.62
1.70803	65.73
1.71263	65.88
1.71722	66.03
1.72182	66.20999999999999
1.72642	66.34999999999999
1.73102	66.48999999999999
1.73562	66.63
1.74022	66.77
1.7452	66.91
1.75018	67.05
1.75516	67.17
1.76014	67.31
1.76513	67.45
1.77011	67.62
1.77509	67.77
1.78007	67.92
1.78505	68.09
1.79004	68.22
1.79502	68.36
1.8	68.56999999999999
1.80385	68.77
1.80769	68.90000000000001
1.81209	69.01000000000001
1.81671	69.16
1.82134	69.3
1.82597	69.44
1.8306	69.58
1.83522	69.7
1.83985	69.84999999999999
1.84448	69.98999999999999
1.8491	70.11
1.85373	70.25
1.85836	70.38
1.86298	70.52
1.86761	70.66
1.87224	70.8
1.87687	70.94
1.88149	71.08
1.88612	71.23999999999999
1.89075	71.36
1.89537	71.5
1.9	71.7
1.905	71.95999999999999
1.91	72.09999999999999
1.915	72.26000000000001
1.92	72.44
1.925	72.58
1.93	72.72
1.935	72.86
1.93964	73
1.94395	73.13
1.94827	73.27
1.95224	73.43000000000001
1.95622	73.58
1.95987	73.73999999999999
1.96322	73.88
1.96689	74.02
1.97057	74.15000000000001
1.97478	74.3
1.97898	74.42
1.98424	74.58
1.98949	74.7
1.99475	74.84999999999999
2	75.04000000000001
2.005	75.26000000000001
2.01	75.38
2.015	75.51000000000001
2.01972	75.67
2.02444	75.8
2.02917	75.94
2.03389	76.08
2.03861	76.22
2.04333	76.36
2.04806	76.51000000000001
2.05278	76.63
2.0575	76.77
2.06222	76.90000000000001
2.06694	77.03
2.07167	77.17
2.07639	77.31
2.07976	77.45
2.08313	77.61
2.08735	77.76000000000001
2.09157	77.89
2.09578	78.02
2.1	78.25
2.10476	78.47
2.10952	78.59
2.11429	78.73999999999999
2.11905	78.86
2.12381	79.05
2.12857	79.19
2.13214	79.34999999999999
2.13403	79.48999999999999
2.13623	79.64
2.13868	79.79000000000001
2.14147	79.95999999999999
2.14455	80.09999999999999
2.14781	80.22
2.15107	80.36
2.15457	80.5
2.1576	80.64
2.16062	80.79000000000001
2.16391	80.92
2.16751	81.06
2.17158	81.2
2.17513	81.34999999999999
2.17789	81.5
2.18066	81.66
2.18388	81.81
2.18791	81.95
2.19194	82.09999999999999
2.19597	82.23999999999999
2.2	82.5
2.20286	82.70999999999999
2.20497	82.84999999999999
2.20664	82.98999999999999
2.20777	83.14
2.20861	83.3
2.20912	83.47
2.20949	83.64
2.20972	83.83
2.20988	84.02
2.20999	84.17
2.21006	84.31
2.21011	84.45
2.21015	84.63
2.21017	84.79000000000001
2.21018	84.98
2.21019	85.12
2.2102	85.29000000000001
2.21021	85.44
2.21021	85.59
2.21021	85.75
2.21022	85.90000000000001
2.21022	86.05
2.21022	86.2
2.21022	86.38
2.21022	86.52
2.21022	86.68000000000001
2.21022	86.81999999999999
2.21022	86.98999999999999
2.21022	87.14
2.21022	87.28
2.21022	87.43000000000001
2.21022	87.58
2.21022	87.73
2.21022	87.86
2.21022	87.98
2.21022	88.12
2.21022	88.26000000000001
2.21022	88.41
2.21022	88.55
2.21022	88.69
2.21022	88.83
2.21022	88.98
2.21022	89.11
2.21022	89.25
2.21022	89.39
2.21022	89.53
2.21022	89.70999999999999
2.21022	89.84
2.21022	89.98999999999999
2.21022	90.13
2.21022	90.28
2.21022	90.43000000000001
2.21022	90.58
2.21022	90.72
2.21022	90.88
2.21022	91.01000000000001
2.21022	91.17
2.21022	91.31
2.21022	91.47
2.21022	91.63
2.21022	91.78
2.21022	91.92
2.21022	92.08
2.21022	92.22
2.21022	92.38
2.21022	92.53
2.21022	92.69
2.21022	92.83
2.21022	92.98999999999999
2.21022	93.14
2.21022	93.3
2.21022	93.44
2.21022	93.59
2.21022	93.75
2.21022	93.91
2.21022	94.05
2.21022	94.20999999999999
2.21022	94.36
2.21022	94.52
2.21022	94.68000000000001
2.21022	94.83
2.21022	94.98
2.21022	95.14
2.21022	95.29000000000001
2.21022	95.44
2.21022	95.59999999999999
2.21022	95.77
2.21022	95.93000000000001
2.21022	96.08
2.21022	96.26000000000001
2.21022	96.39
2.21022	96.55
2.21022	96.70999999999999
2.21022	96.84
2.21022	97.01000000000001
2.21022	97.16
2.21022	97.34
2.21022	97.5
2.21022	97.64
2.21022	97.78
2.21022	97.94
2.21022	98.11
2.21022	98.28
2.21022	98.44
2.21022	98.59999999999999
2.21022	98.75
2.21022	98.91
2.21022	99.08
2.21022	99.23999999999999
2.21022	99.39
2.21022	99.55
2.21022	99.70999999999999
2.21022	99.84999999999999
