0.00434783	1
0.00869565	0.3181216743344388
0.0130435	0.1485399886503423
0.0173913	0.09629360491332346
0.0217391	0.08225250062495866
0.026087	0.07629815752012231
0.0304348	0.07599922772413711
0.0347826	0.07099807356551532
0.0391304	0.06805507861152113
0.0434783	0.07071553794910482
0.0478261	0.0728241309665599
0.0521739	0.07247356774800058
0.0565217	0.07278450063923944
0.0608696	0.06997264615219521
0.0652174	0.06916647950717177
0.0695652	0.06509339956418407
0.073913	0.06774013441098775
0.0782609	0.0698243357777098
0.0826087	0.07396630933559041
0.0869565	0.07459322819790677
0.0913043	0.06699838203651116
0.0956522	0.06548875384059563
0.1	0.06721905188261865
0.104348	0.07007089630038348
0.108696	0.07048220106904265
0.113043	0.0751594142402973
0.117391	0.07069603733664502
0.121739	0.07312252958713511
0.126087	0.07258376841711485
0.130435	0.07626780555384494
0.134783	0.07326197389741128
0.13913	0.07430831369657644
0.143478	0.07668823570727372
0.147826	0.07396825912457816
0.152174	0.07306051761911535
0.156522	0.07327811188125083
0.16087	0.07193160962493077
0.165217	0.07667069212211658
0.169565	0.07166935047507832
0.173913	0.07652329747585361
0.178261	0.07415958968645363
0.182609	0.07435306710912047
0.186957	0.07176535105959966
0.191304	0.07609439136653366
0.195652	0.07284279957064173
0.2	0.0692996065215291
0.204545	0.0727867875661634
0.209091	0.07881190022229193
0.213636	0.07812019378074804
0.218182	0.07784396840364578
0.222727	0.07469801957576083
0.227273	0.07548351577893615
0.231818	0.07163595215748511
0.236364	0.07471273395893466
0.240909	0.07819308607741085
0.245455	0.07725241693691684
0.25	0.07783354825670648
0.254545	0.07408269475659411
0.259091	0.07488850199900723
0.263636	0.07778028334389671
0.268182	0.07985935701056134
0.272727	0.08285999249232294
0.277273	0.08814370204129403
0.281818	0.09534031848038939
0.286364	0.09658102557871318
0.290909	0.09180124781346621
0.293939	0.1308970366134726
0.29697	0.1228234666478878
0.3	0.1003344135392358
0.303448	0.09598243377109468
0.30731	0.09064060987299719
0.311724	0.1028800933364795
0.316628	0.09373198355245878
0.321533	0.09685458554898167
0.326437	0.0951212105949189
0.331341	0.09895995370979685
0.335918	0.08975614338235395
0.340496	0.08237515012105999
0.345073	0.0909408131494487
0.34965	0.08636117354444131
0.354227	0.08425704082487416
0.358805	0.08645943239949216
0.363382	0.08897150495491081
0.367959	0.08526023985528201
0.372536	0.08513460526344548
0.377114	0.08499614951239387
0.381691	0.07875866924776997
0.386268	0.07764355728789026
0.390845	0.07307690030278607
0.395423	0.07391164713340601
0.4	0.07592243400555986
0.404762	0.07466678325626128
0.409524	0.0789462980069698
0.414286	0.08337754230843533
0.419048	0.07698369999878447
0.42381	0.07610811601917182
0.428571	0.07746531444000707
0.433333	0.08148842414280279
0.438095	0.07680369168540438
0.442857	0.07677343253504586
0.447619	0.07738392136049529
0.452381	0.07663064974589358
0.457143	0.07479230102793384
0.461905	0.07878045097021075
0.466667	0.079747774013831
0.471429	0.08214397474869183
0.47619	0.07940389060686637
0.480952	0.08170512500444287
0.485714	0.07750166871186259
0.490476	0.08005834204716934
0.495238	0.07884751813768213
0.5	0.07674965386206847
0.504762	0.07924412501422153
0.509524	0.08000228988832631
0.514286	0.07786565806724649
0.519048	0.0767444562880908
0.52381	0.07307043244284987
0.528571	0.07383579575293524
0.533333	0.07698577849324281
0.538095	0.07671079742796265
0.542857	0.07507070948121158
0.547619	0.07366634840335545
0.552381	0.0783900541717308
0.557143	0.07775369409876173
0.561905	0.08160458327975602
0.566667	0.07851692907958625
0.571429	0.08319667238857417
0.57619	0.08676978122981692
0.580952	0.08569261705622987
0.585714	0.08710277493574313
0.589286	0.1150757739458248
0.591964	0.1056008227145071
0.593973	0.1068630193986909
0.595982	0.06805923477029582
0.597991	0.07176036492166531
0.6	0.06923947637664299
0.602041	0.06582627353408096
0.603621	0.0892013790279278
0.605059	0.06297373717511094
0.606455	0.04620767048440069
0.607964	0.05788259939421637
0.609608	0.05822077371621044
0.611416	0.05927049328054329
0.613429	0.06683232050612302
0.615593	0.05831718257432023
0.617757	0.05878313611515253
0.620042	0.0598838227174461
0.622621	0.06907632020105192
0.625385	0.06376741371548418
0.628369	0.06378391543129673
0.631484	0.0651954009089922
0.634598	0.06643492027763984
0.637713	0.06797504542062333
0.640991	0.06399686225244325
0.644462	0.06645881923296293
0.648429	0.07315642705440674
0.652727	0.07303836286134294
0.657454	0.07648179054615201
0.662181	0.07398940685165761
0.666909	0.07481345118020098
0.671636	0.07448107311637681
0.676363	0.07809407953144358
0.681091	0.07838514006233825
0.685818	0.07821838950818076
0.690545	0.08049972190020405
0.695273	0.07670003648548007
0.7	0.072890629386948
0.704762	0.07491242559885729
0.709524	0.07458935234653256
0.714286	0.07512764674994536
0.719048	0.07298841470425226
0.72381	0.07254731974610304
0.728571	0.07353804511503878
0.733333	0.07037870313154321
0.738095	0.07120741159114873
0.742857	0.0709148477779083
0.747619	0.0739247647363897
0.751984	0.08245067377043422
0.755985	0.08514746916228885
0.760387	0.08106786383034209
0.765339	0.08141979222086713
0.77029	0.07891837376289466
0.775242	0.07828908937860471
0.780193	0.07566036381370658
0.784155	0.1017186795838231
0.788116	0.06659004898996607
0.792077	0.06374356111864039
0.796039	0.06390297184583552
0.8	0.0638793108537815
0.804348	0.06941148514500589
0.80913	0.07496973035423188
0.813913	0.07802110913785028
0.818696	0.07464998185485376
0.823478	0.07280362533233684
0.828261	0.07561042599523644
0.833043	0.08339203444048229
0.837826	0.08728782143728298
0.842609	0.07948833594764924
0.847391	0.08531988708523539
0.852174	0.0778004064905115
0.856957	0.08014045029878351
0.861739	0.08098942846702739
0.866522	0.08341242758849494
0.871304	0.08152328881310868
0.876087	0.08170126164050998
0.88087	0.08603787894162893
0.885652	0.08417282040425277
0.889239	0.1365382996990648
0.892826	0.08724561190277891
0.896413	0.07800867376148922
0.9	0.07527056851586005
0.904	0.08702639012710117
0.908571	0.09024755259393129
0.913383	0.09490990657685035
0.918195	0.09484761784347827
0.923008	0.09322509676437561
0.92782	0.08196244366489787
0.932632	0.0776849289327232
0.937444	0.07213316188292451
0.942256	0.07130939788913269
0.947068	0.07358180275997779
0.95188	0.0729838307284081
0.956692	0.06587095594415443
0.961504	0.0746664820421028
0.966316	0.0715333481984133
0.971128	0.07074352276343557
0.97594	0.0723063676390599
0.980752	0.07745563706766573
0.985564	0.07154634165146541
0.990376	0.07397198747294087
0.995188	0.0718113277693373
1	0.0753146339198663
1.00476	0.07519810330213164
1.00952	0.06620186628798189
1.01429	0.06784098986349235
1.01905	0.06563406256365689
1.02381	0.0693816705147461
1.02857	0.06713593034116357
1.03333	0.06791926060948181
1.0381	0.06724352125423447
1.04286	0.06850333159683109
1.04725	0.08686498057064897
1.05077	0.1214415132768968
1.05405	0.08620847492031546
1.05759	0.07012213750824195
1.06144	0.07095907237162519
1.06573	0.07543977522446485
1.07062	0.08296777627504219
1.07552	0.06725732534577647
1.08041	0.06590094937304528
1.08531	0.06118828864900919
1.09021	0.05956182966800239
1.0951	0.05758890210473702
1.1	0.05817917837876393
1.10476	0.06889440375398553
1.10952	0.06701828082312707
1.11429	0.06472774456877267
1.11905	0.06355203537978275
1.12381	0.06873144036217493
1.12857	0.06863561988844503
1.13333	0.0665706750694945
1.1381	0.06823177050120148
1.14286	0.0624121297162086
1.14762	0.06143107199974985
1.15238	0.05816574162201083
1.15714	0.06029250247984567
1.1619	0.06251262173572703
1.16667	0.05943662432394893
1.17143	0.06066983797536224
1.17619	0.05587991390574285
1.18095	0.05425586176723478
1.18571	0.05407461989697158
1.19048	0.05029524066475188
1.19524	0.05013951141667356
1.2	0.04538623268803715
1.20476	0.04911555082405866
1.20952	0.04427852618039432
1.21429	0.04376925508375795
1.21905	0.04577271012960424
1.22381	0.04321237832106254
1.22857	0.03948206042988195
1.23333	0.03852039459718062
1.2381	0.0383145524183032
1.24286	0.03743110661824332
1.24762	0.03598162797665828
1.25238	0.03836844775439525
1.25714	0.03994646027387449
1.2619	0.03743428524002589
1.26667	0.03875063540144377
1.27143	0.03917479779396989
1.27619	0.04059463540091993
1.28095	0.04300551632908461
1.28571	0.09455624891807334
1.29048	0.08082230709906749
1.29524	0.0778663823254717
1.3	0.07916916585412588
1.30476	0.07458892375109165
1.30952	0.07536553792994356
1.31429	0.07150213376162015
1.31905	0.06498290011104756
1.32381	0.0592023988354909
1.32857	0.05618144400598808
1.33333	0.05279946580262413
1.3381	0.0498164322974774
1.34286	0.04848190359443155
1.34762	0.04849457334826471
1.35238	0.1098161816297286
1.35714	0.07386287454167519
1.35966	0.2210701753762705
1.36277	0.1112811150067527
1.36615	0.07255922495687778
1.36991	0.07147987095057806
1.37421	0.07710980090593769
1.37937	0.08554602192350043
1.38453	0.07432741601993907
1.38968	0.05877367657119876
1.39484	0.06181476696579941
1.39742	0.2500783418100588
1.4	0.04407277910818883
1.40294	0.07646383053264826
1.40629	0.07475813120126949
1.41004	0.06991763828374273
1.41432	0.07190990847340967
1.41908	0.06245408639061454
1.42384	0.051507379496712
1.4286	0.06600703810316973
1.43336	0.05864511919306557
1.43753	0.08375583624887023
1.4412	0.08343586240373327
1.4443	0.1120924098399068
1.44723	0.06510662610002053
1.45033	0.05597080344313032
1.45388	0.07104694915531588
1.45772	0.05234047542842992
1.46195	0.05901302263954356
1.46671	0.0606689195723641
1.47146	0.05599286659873541
1.47622	0.05418743344406646
1.48098	0.05248441054862309
1.48573	0.05167938882442031
1.49049	0.04612127058924644
1.49524	0.04482076765137238
1.5	0.04709488236904912
1.50476	0.04086445765818364
1.50952	0.04162026952970519
1.51429	0.03924261901148864
1.51905	0.03976463108541482
1.52381	0.0373144351070501
1.52857	0.03829895295382345
1.53333	0.03745583346977373
1.5381	0.03683213123690802
1.54286	0.03609298081507627
1.54762	0.03630853189572275
1.55238	0.0378907661073827
1.55714	0.03588416337251173
1.5619	0.03651978480256449
1.56667	0.03828519004705747
1.57143	0.04352923008446765
1.57619	0.04010409771755817
1.58095	0.04421300481474282
1.58571	0.04660034318120694
1.59048	0.118917586012696
1.59524	0.09368424071535471
1.6	0.07358601792399004
1.60476	0.07284303689911155
1.60952	0.07002203462632334
1.61429	0.06437107805786531
1.61905	0.06038896904382812
1.62381	0.05045131013305778
1.62857	0.05210753333787634
1.63333	0.04439801379352553
1.6381	0.04363983828112009
1.64222	0.07180888676521202
1.64635	0.03915620392371767
1.65082	0.05135925469547909
1.65574	0.0553191942226326
1.66066	0.09226374017997387
1.66557	0.05710039298569407
1.67049	0.050720313266588
1.67541	0.05485487301340666
1.68033	0.05001976303472038
1.68426	0.1013646356498827
1.6882	0.04342018177898305
1.69213	0.05571975035054736
1.69607	0.04702779237064141
1.7	0.04408104044437215
1.70385	0.04359613609700992
1.70803	0.05722050107349451
1.71263	0.06831654532396272
1.71722	0.04719862412298479
1.72182	0.05005707710061296
1.72642	0.05135153031004271
1.73102	0.04551151014610968
1.73562	0.04842101347159985
1.74022	0.04509102562225106
1.7452	0.04705820931816776
1.75018	0.04623945625142142
1.75516	0.04254463894276745
1.76014	0.04829481480377376
1.76513	0.0445009364906447
1.77011	0.04811465981250118
1.77509	0.04590953775515378
1.78007	0.03964865794390083
1.78505	0.04176913905613356
1.79004	0.04147002414180646
1.79502	0.04065015168256143
1.8	0.04068351078812161
1.80385	0.1270452964516563
1.80769	0.02637363178569063
1.81209	0.0653800587930745
1.81671	0.03419885966787696
1.82134	0.02912217645644485
1.82597	0.02842598006161361
1.8306	0.02833636734487898
1.83522	0.03038322458538503
1.83985	0.03131783896568673
1.84448	0.02905719492775437
1.8491	0.03016656991671804
1.85373	0.02887021686063062
1.85836	0.02999634062860551
1.86298	0.0311521409361038
1.86761	0.03045680625913884
1.87224	0.03392013657274871
1.87687	0.03412592590711483
1.88149	0.03379601121393291
1.88612	0.03696374788531041
1.89075	0.04138206207160417
1.89537	0.0448366791200276
1.9	0.0420912155721388
1.905	0.03179265624508501
1.91	0.08964022448625913
1.915	0.08764103656547687
1.92	0.0676107527254491
1.925	0.06186170671080375
1.93	0.05750947375589168
1.935	0.04903920192791537
1.93964	0.05888880279727262
1.94395	0.0538914765911051
1.94827	0.034996768571499
1.95224	0.05485765286671417
1.95622	0.04343410311443719
1.95987	0.06478482346838742
1.96322	0.05993809652437724
1.96689	0.0519239408325994
1.97057	0.03882442255385993
1.97478	0.06362934604554608
1.97898	0.05763741807001089
1.98424	0.09957317019353883
1.98949	0.04032120246084332
1.99475	0.03869017257061876
2	0.05809113984521946
2.005	0.05616526419392014
2.01	0.05059298765809456
2.015	0.0402567830803495
2.01972	0.05279870845712144
2.02444	0.03376042664866884
2.02917	0.03375614790556018
2.03389	0.03433035989700947
2.03861	0.03109526839905731
2.04333	0.04533272690820576
2.04806	0.04921581150544532
2.05278	0.04059282429485123
2.0575	0.03650907510808819
2.06222	0.03486847764349101
2.06694	0.03576231740840656
2.07167	0.03611036314059937
2.07639	0.0557091710425901
2.07976	0.1681798370699672
2.08313	0.02787869526878651
2.08735	0.08942721391616372
2.09157	0.03031253179653383
2.09578	0.03069794407954077
2.1	0.02893430109277263
2.10476	0.04423780143847266
2.10952	0.03424835007386173
2.11429	0.03423391646888294
2.11905	0.05032124072480142
2.12381	0.04431909147059841
2.12857	0.05086456380998824
2.13214	0.1828585051807542
2.13403	0.3050643399622718
2.13623	0.08014229080566126
2.13868	0.05957072139070755
2.14147	0.07917332349389788
2.14455	0.07371478715549033
2.14781	0.07291177510053728
2.15107	0.09153374332605345
2.15457	0.09747569985973437
2.1576	0.1074648951311127
2.16062	0.04365004024675895
2.16391	0.0751555014746321
2.16751	0.05682140197318127
2.17158	0.117153596105543
2.17513	0.1436802948468765
2.17789	0.2291422204580979
2.18066	0.09117807580137781
2.18388	0.0680840741011048
2.18791	0.142954859981686
2.19194	0.1869919849890666
2.19597	0.2158487384594422
2.2	0.3280046204036447
2.20286	0.292895118061852
2.20497	0.2762015292418251
2.20664	0.2840990729964825
2.20777	0.3422606579316926
2.20861	0.3486292443191751
2.20912	0.3989106503005815
2.20949	0.3754872965591191
2.20972	0.401779063468276
2.20988	0.3640562649071946
2.20999	0.3915486911055566
2.21006	0.3555332151330695
2.21011	0.3835804497095258
2.21015	0.350972926675083
2.21017	0.3791466176215296
2.21018	0.3473969035125239
2.21019	0.3746693374776598
2.2102	0.3429246521897806
2.21021	0.3684906887462493
2.21021	0.3368310896471216
2.21021	0.3535573003623366
2.21022	0.3371748420166167
2.21022	0.3614983974185436
2.21022	0.3446811846635658
2.21022	0.3157446076930821
2.21022	0.3083635344793152
2.21022	0.3134276381048408
2.21022	0.4050731776173851
2.21022	0.3419167667833229
2.21022	0.191165254380469
2.21022	0.1909756825588985
2.21022	0.1502433578634557
2.21022	0.1771072899778973
2.21022	0.3338956379113289
2.21022	0.2579080866318225
2.21022	0.1826366558325775
2.21022	0.1691636904003085
2.21022	0.1356584240598553
2.21022	0.1541641631255816
2.21022	0.1634767506370043
2.21022	0.1784843725865267
2.21022	0.2482304218134379
2.21022	0.2584400545899381
2.21022	0.2263138346998094
2.21022	0.2770572295289165
2.21022	0.2515296733971933
2.21022	0.2794579248760164
2.21022	0.2348182519115724
2.21022	0.2582783606133515
2.21022	0.4048047200634446
2.21022	0.3468272819817337
2.21022	0.482283620600048
2.21022	0.4815017876558503
2.21022	0.4795387891183334
2.21022	0.4792176838407085
2.21022	0.4761196525975628
2.21022	0.4742511480349232
2.21022	0.4731445147984286
2.21022	0.4724151175025522
2.21022	0.4721161815368686
2.21022	0.4719441424865081
2.21022	0.4718405784316711
2.21022	0.4718334923199293
2.21022	0.4718525944891065
2.21022	0.4718781157200487
2.21022	0.4719006373130575
2.21022	0.4719204954875815
2.21022	0.4719374338414739
2.21022	0.4719465238318039
2.21022	0.4719552598145258
2.21022	0.471961147363502
2.21022	0.4719651299950103
2.21022	0.4719679046014422
2.21022	0.4719696961692671
2.21022	0.4719709440370434
2.21022	0.4719717346044755
2.21022	0.4719722924870791
2.21022	0.4719726452795942
2.21022	0.4719729011909053
2.21022	0.4719730647773958
2.21022	0.4719731874831626
2.21022	0.4719732670092606
2.21022	0.4719733284105365
2.21022	0.471973368432969
2.21022	0.4719733999657466
2.21022	0.4719734203035334
2.21022	0.4719734366073222
2.21022	0.4719734467711435
2.21022	0.4719734551629828
2.21022	0.4719734600300374
2.21022	0.4719734643418603
2.21022	0.4719734665059738
2.21022	0.4719734687459654
2.21022	0.471973469573553
2.21022	0.4719734707997574
2.21022	0.4719734709876208
2.21022	0.4719734717344907
2.21022	0.4719734716271666
2.21022	0.471973472152926
2.21022	0.4719734719144714
2.21022	0.4719734723391389
2.21022	0.4719734720448541
2.21022	0.4719734724223095
2.21022	0.4719734721058276
2.21022	0.4719734724597339
2.21022	0.4719734721357629
2.21022	0.4719734724772218
2.21022	0.4719734721506449
2.21022	0.4719734724849791
2.21022	0.4719734721589345
2.21022	0.4719734724880418
2.21022	0.471973472163893
2.21022	0.4719734724888269
2.21022	0.4719734721671399
