0.00434783	9.049059922473506e-09
0.00869565	6.16988326391194e-09
0.0130435	8.875647688993262e-09
0.0173913	9.930216437327696e-09
0.0217391	9.108365392397932e-09
0.026087	7.335387596292637e-09
0.0304348	7.759675508993978e-09
0.0347826	7.753397267378046e-09
0.0391304	5.283113288427707e-09
0.0434783	7.924348520523582e-09
0.0478261	7.412320225902464e-09
0.0521739	4.845008048520304e-09
0.0565217	9.102753665292692e-09
0.0608696	9.783374579525296e-09
0.0652174	7.87050086394434e-09
0.0695652	6.267119328535276e-09
0.073913	6.73703193461294e-09
0.0782609	6.871234561879861e-09
0.0826087	6.748191828503383e-09
0.0869565	8.412214350598191e-09
0.0913043	6.985818014447728e-09
0.0956522	6.017896973704149e-09
0.1	8.959601336413537e-09
0.104348	8.296147819416167e-09
0.108696	7.772204010171407e-09
0.113043	7.995798920085043e-09
0.117391	8.343447245810228e-09
0.121739	7.60177347448953e-09
0.126087	6.508293270062713e-09
0.130435	4.375955208919908e-09
0.134783	9.675574234807893e-09
0.13913	6.781591682980597e-09
0.143478	9.907447009953111e-09
0.147826	7.349701592211716e-09
0.152174	6.5045816920701e-09
0.156522	6.891885268877925e-09
0.16087	6.384081430035626e-09
0.165217	4.354000708949211e-09
0.169565	5.078574100255178e-09
0.173913	4.404731488307249e-09
0.178261	6.098548933012027e-09
0.182609	6.549446050335628e-09
0.186957	6.567865585741335e-09
0.191304	9.662180276467255e-09
0.195652	7.888848510059128e-09
0.2	6.40246358021384e-09
0.204545	7.8390677666168e-09
0.209091	6.416160094745892e-09
0.213636	7.753795853285751e-09
0.218182	6.919405262099097e-09
0.222727	5.467309473072429e-09
0.227273	6.639950809704402e-09
0.231818	6.588711527558551e-09
0.236364	4.882950104832064e-09
0.240909	7.314614025551447e-09
0.245455	8.152723329077451e-09
0.25	7.238641581034022e-09
0.254545	7.06220958234929e-09
0.259091	6.33206224868826e-09
0.263636	8.170310468317569e-09
0.268182	4.614474331000118e-09
0.272727	5.773256480056592e-09
0.277273	9.361878513244195e-09
0.281818	7.012170373891142e-09
0.286364	4.552084224301763e-09
0.290909	8.409180523307848e-09
0.293939	6.443969970546961e-09
0.29697	5.745683963714669e-09
0.3	5.621790893156949e-09
0.303448	4.379604578468225e-09
0.30731	9.420187188048641e-09
0.311724	9.412033823855083e-09
0.316628	6.237690766087439e-09
0.321533	5.5581795685578e-09
0.326437	5.975778738993387e-09
0.331341	9.421391127566429e-09
0.335918	5.603098364034757e-09
0.340496	4.627617318086649e-09
0.345073	5.956592934542711e-09
0.34965	9.047746612975515e-09
0.354227	4.702538231647987e-09
0.358805	4.602148826518802e-09
0.363382	6.497014634732249e-09
0.367959	7.241618804553124e-09
0.372536	4.27777556180931e-09
0.377114	5.043922228786211e-09
0.381691	9.074855389574578e-09
0.386268	5.313501585854373e-09
0.390845	5.670226576919177e-09
0.395423	8.640536628738699e-09
0.4	7.293940310642009e-09
0.404762	5.975124955230272e-09
0.409524	6.589036516427763e-09
0.414286	8.469896238565864e-09
0.419048	7.52785165755292e-09
0.42381	6.331042421620282e-09
0.428571	6.50494532710346e-09
0.433333	7.587350885371421e-09
0.438095	6.256460226803127e-09
0.442857	5.1590976712825e-09
0.447619	4.2023390613757e-09
0.452381	5.247341931001454e-09
0.457143	6.215405456844829e-09
0.461905	6.618518000355689e-09
0.466667	5.631189598310069e-09
0.471429	8.065723922251376e-09
0.47619	6.75475863400497e-09
0.480952	8.00384832667448e-09
0.485714	5.862889154276023e-09
0.490476	6.13406353765281e-09
0.495238	4.910537625848686e-09
0.5	4.7346813991225e-09
0.504762	5.526225446939837e-09
0.509524	4.297620329798845e-09
0.514286	5.85774590962744e-09
0.519048	5.027685884455385e-09
0.52381	4.936768961551602e-09
0.528571	4.471933220054893e-09
0.533333	7.368368643907856e-09
0.538095	7.088949009066058e-09
0.542857	5.905046214413481e-09
0.547619	5.991653507266343e-09
0.552381	7.508570325311323e-09
0.557143	6.019287227244359e-09
0.561905	4.210056556856278e-09
0.566667	8.001280638919748e-09
0.571429	9.813032069768908e-09
0.57619	5.795631747396325e-09
0.580952	5.737384253124853e-09
0.585714	5.310751465966199e-09
0.589286	6.70259460350442e-09
0.591964	6.32091240376716e-09
0.593973	4.567037244293933e-09
0.595982	4.529919497161836e-09
0.597991	4.864101864378837e-09
0.6	8.991494299995354e-09
0.602041	7.570786965046951e-09
0.603621	4.236343662493443e-09
0.605059	6.369163112164625e-09
0.606455	5.887281133864318e-09
0.607964	6.419942753512697e-09
0.609608	4.267009387484691e-09
0.611416	7.055732987478863e-09
0.613429	6.006270894050209e-09
0.615593	8.327170808157432e-09
0.617757	5.838676702419974e-09
0.620042	6.173555244439064e-09
0.622621	4.609428409519695e-09
0.625385	6.452679971365009e-09
0.628369	8.970355611260419e-09
0.631484	9.809051939869451e-09
0.634598	9.369661365071131e-09
0.637713	8.928857155744465e-09
0.640991	7.489948780459481e-09
0.644462	4.633462320760008e-09
0.648429	4.416747011600827e-09
0.652727	9.148770364258829e-09
0.657454	4.978261701732159e-09
0.662181	7.30343951954944e-09
0.666909	6.932771939077022e-09
0.671636	6.767911146736647e-09
0.676363	7.227067213110008e-09
0.681091	8.276512144223435e-09
0.685818	7.185026509316742e-09
0.690545	8.066548084100062e-09
0.695273	5.372444072016644e-09
0.7	5.975309962121545e-09
0.704762	6.25076933262852e-09
0.709524	7.376994492400094e-09
0.714286	6.837234522175613e-09
0.719048	6.176144624905875e-09
0.72381	5.601357562632104e-09
0.728571	7.957324754401013e-09
0.733333	6.651954567311042e-09
0.738095	8.677169883511323e-09
0.742857	8.019515602075283e-09
0.747619	6.845379159157187e-09
0.751984	5.12993763665813e-09
0.755985	7.48876772079819e-09
0.760387	7.711806371510063e-09
0.765339	8.84335778612783e-09
0.77029	7.132569975952706e-09
0.775242	6.514372923103625e-09
0.780193	8.761095021624354e-09
0.784155	4.755681471591373e-09
0.788116	8.087979361119831e-09
0.792077	5.227087176398739e-09
0.796039	5.741051492244422e-09
0.8	7.684007298457889e-09
0.804348	6.568460264203503e-09
0.80913	7.897528971489158e-09
0.813913	5.281858237604205e-09
0.818696	5.026399399479904e-09
0.823478	6.629087396208875e-09
0.828261	4.697342691524347e-09
0.833043	8.567504000984087e-09
0.837826	9.972234415477595e-09
0.842609	5.390990648480924e-09
0.847391	5.042541829504285e-09
0.852174	6.776139353414147e-09
0.856957	6.675071128148732e-09
0.861739	9.595362301434491e-09
0.866522	7.919414844157816e-09
0.871304	5.45061807538925e-09
0.876087	4.23332685452486e-09
0.88087	8.214869728252955e-09
0.885652	4.8350374172935e-09
0.889239	4.517737084192297e-09
0.892826	7.247128458165462e-09
0.896413	4.822265418544144e-09
0.9	8.111755855072205e-09
0.904	5.400661714706325e-09
0.908571	4.232413185049129e-09
0.913383	8.715653949797433e-09
0.918195	8.493694778232402e-09
0.923008	8.455120378624989e-09
0.92782	4.882991509734415e-09
0.932632	9.864114777223178e-09
0.937444	5.484640801614896e-09
0.942256	9.476647775612247e-09
0.947068	4.420881907125559e-09
0.95188	8.455491244586424e-09
0.956692	4.291174429281017e-09
0.961504	6.807470877718776e-09
0.966316	4.967924987302617e-09
0.971128	6.525097778985052e-09
0.97594	6.527443328784059e-09
0.980752	8.039735450404771e-09
0.985564	5.86446464147517e-09
0.990376	7.391450629722415e-09
0.995188	5.750439476892201e-09
1	7.420609587684568e-09
1.00476	9.039125821675544e-09
1.00952	8.800585416890906e-09
1.01429	4.320368282276787e-09
1.01905	5.799202537124197e-09
1.02381	8.392424355937993e-09
1.02857	5.287461376264876e-09
1.03333	7.250268049025603e-09
1.0381	8.560054790262461e-09
1.04286	5.832798733456672e-09
1.04725	7.509525498865221e-09
1.05077	5.104230363968606e-09
1.05405	4.484831829037895e-09
1.05759	8.195346483074284e-09
1.06144	4.920504103993834e-09
1.06573	6.480219690931565e-09
1.07062	8.944775733581157e-09
1.07552	9.589259067060087e-09
1.08041	5.448951360285183e-09
1.08531	6.094968173137539e-09
1.09021	7.039818360463495e-09
1.0951	4.337080298101655e-09
1.1	5.623972675739445e-09
1.10476	8.22440295219321e-09
1.10952	8.625580447786498e-09
1.11429	8.562431211373959e-09
1.11905	9.694092940580914e-09
1.12381	6.572867863474342e-09
1.12857	9.347058379905253e-09
1.13333	9.687704970984765e-09
1.1381	9.476632283086007e-09
1.14286	7.503993033471622e-09
1.14762	6.439339602925542e-09
1.15238	4.834579817539582e-09
1.15714	9.826054871366661e-09
1.1619	8.497136240620971e-09
1.16667	8.636306505711572e-09
1.17143	9.136709678688191e-09
1.17619	9.557149749810347e-09
1.18095	8.201361856406688e-09
1.18571	8.919713661692782e-09
1.19048	7.551579552865358e-09
1.19524	6.891981107486807e-09
1.2	7.988738837972079e-09
1.20476	6.055256771825806e-09
1.20952	5.005378991202136e-09
1.21429	6.925942112391509e-09
1.21905	6.889704651066653e-09
1.22381	5.34243618589532e-09
1.22857	5.572530086430243e-09
1.23333	4.672462991719101e-09
1.2381	7.319952675363002e-09
1.24286	9.788283952557189e-09
1.24762	9.799335363715595e-09
1.25238	8.174185993530413e-09
1.25714	5.062441076001303e-09
1.2619	4.905566217573634e-09
1.26667	9.899199945713426e-09
1.27143	4.482728007877978e-09
1.27619	4.569094094197423e-09
1.28095	8.970428093866358e-09
1.28571	7.922149338548763e-09
1.29048	6.69442787815008e-09
1.29524	5.20550791588184e-09
1.3	7.205666990621605e-09
1.30476	5.704068898433825e-09
1.30952	6.481663475104175e-09
1.31429	5.929996541596517e-09
1.31905	5.654461243199978e-09
1.32381	4.825274894917391e-09
1.32857	8.475516591363833e-09
1.33333	6.555920112707167e-09
1.3381	5.783419830952997e-09
1.34286	7.780819134786783e-09
1.34762	6.337944063091198e-09
1.35238	7.911822923909523e-09
1.35714	5.008341488820485e-09
1.35966	8.715754777844329e-09
1.36277	5.942307001833205e-09
1.36615	4.319263693526434e-09
1.36991	5.893977435348937e-09
1.37421	4.143081377781087e-09
1.37937	6.775396885382507e-09
1.38453	5.626470921649408e-09
1.38968	7.515245910062985e-09
1.39484	6.274817117223232e-09
1.39742	8.090293130020495e-09
1.4	6.077913548623925e-09
1.40294	5.45988380576461e-09
1.40629	5.355147621080278e-09
1.41004	5.376734535444374e-09
1.41432	5.659601936401548e-09
1.41908	5.824478933406241e-09
1.42384	4.295001177199785e-09
1.4286	7.222006543894002e-09
1.43336	7.410690113849325e-09
1.43753	7.384167658320248e-09
1.4412	8.204032576555194e-09
1.4443	6.131327377766476e-09
1.44723	7.541724756082097e-09
1.45033	8.54743830877645e-09
1.45388	4.751571065088531e-09
1.45772	7.688035030770165e-09
1.46195	6.327636925870923e-09
1.46671	4.512168742075775e-09
1.47146	4.678154367448521e-09
1.47622	4.987337214057873e-09
1.48098	8.910632285068253e-09
1.48573	9.958556557605727e-09
1.49049	7.042990378909544e-09
1.49524	7.820722494682321e-09
1.5	8.232261807167035e-09
1.50476	8.41371783276197e-09
1.50952	4.991719061719578e-09
1.51429	5.104145669674494e-09
1.51905	5.575628545338637e-09
1.52381	9.427559648272158e-09
1.52857	9.798046201693365e-09
1.53333	4.44064063157957e-09
1.5381	6.249555631275848e-09
1.54286	5.749408354250799e-09
1.54762	5.934751027627032e-09
1.55238	5.755835483558059e-09
1.55714	9.320477727486727e-09
1.5619	4.749142323319412e-09
1.56667	4.65761002821534e-09
1.57143	5.32116542685404e-09
1.57619	5.572569170749006e-09
1.58095	8.419606918362332e-09
1.58571	5.056413548639461e-09
1.59048	4.730091747245995e-09
1.59524	7.618922782026701e-09
1.6	5.876647781386997e-09
1.60476	8.000822999341799e-09
1.60952	7.771478728680015e-09
1.61429	5.519638345262368e-09
1.61905	6.074439159149878e-09
1.62381	6.060573865567741e-09
1.62857	8.151877737372288e-09
1.63333	6.104631950144556e-09
1.6381	6.938557360094121e-09
1.64222	5.506550754033525e-09
1.64635	9.940869763021457e-09
1.65082	5.52388959157658e-09
1.65574	4.997862305131582e-09
1.66066	4.405032100435013e-09
1.66557	8.996959869886182e-09
1.67049	5.067415226592644e-09
1.67541	4.737605602008497e-09
1.68033	5.082521048136443e-09
1.68426	4.96560080527321e-09
1.6882	6.01034060100944e-09
1.69213	5.359073160533471e-09
1.69607	7.873297970379438e-09
1.7	9.178258492386025e-09
1.70385	5.297882137627142e-09
1.70803	9.814560060073325e-09
1.71263	9.274747011397641e-09
1.71722	7.341127947911956e-09
1.72182	7.842896450460072e-09
1.72642	6.615785655008666e-09
1.73102	4.70834054960055e-09
1.73562	6.717571864865505e-09
1.74022	7.619513007559781e-09
1.7452	5.347278815009702e-09
1.75018	7.300756571870605e-09
1.75516	5.656330305050061e-09
1.76014	5.557894375935544e-09
1.76513	4.158220976009071e-09
1.77011	7.092099244472142e-09
1.77509	4.319642992898377e-09
1.78007	9.094641475602752e-09
1.78505	4.222203152850625e-09
1.79004	9.505815246590069e-09
1.79502	7.837149713984986e-09
1.8	9.655515702300957e-09
1.80385	6.474516206742698e-09
1.80769	5.476952002127422e-09
1.81209	6.54245046943203e-09
1.81671	5.331513571077211e-09
1.82134	8.378905255008622e-09
1.82597	7.124818807967446e-09
1.8306	6.4201367870112e-09
1.83522	8.655093732615681e-09
1.83985	8.581880421664759e-09
1.84448	9.318941685310998e-09
1.8491	4.412021350904755e-09
1.85373	5.121517324593789e-09
1.85836	5.592855545967573e-09
1.86298	6.864204282233924e-09
1.86761	9.274460994751139e-09
1.87224	4.640931618262136e-09
1.87687	5.685912965620724e-09
1.88149	5.438197473080923e-09
1.88612	7.012969344333545e-09
1.89075	4.635276942584368e-09
1.89537	7.653110884596854e-09
1.9	5.557743212943364e-09
1.905	6.63784304911085e-09
1.91	6.507387253299308e-09
1.915	6.293006041663384e-09
1.92	5.992301223351016e-09
1.925	7.934554931528735e-09
1.93	5.195533342435475e-09
1.935	6.26393322609504e-09
1.93964	9.490189913772031e-09
1.94395	4.179413967475726e-09
1.94827	4.471619581562879e-09
1.95224	9.616808774814231e-09
1.95622	7.077174067930571e-09
1.95987	6.847601174037446e-09
1.96322	4.728119988851943e-09
1.96689	5.31027321449176e-09
1.97057	6.262929946248793e-09
1.97478	5.30039083503326e-09
1.97898	8.834358430432598e-09
1.98424	6.516448573465853e-09
1.98949	7.769416608224007e-09
1.99475	6.276716503869937e-09
2	6.921727962709241e-09
2.005	8.02862028376489e-09
2.01	7.562646977025554e-09
2.015	4.507509363404237e-09
2.01972	9.457999420706548e-09
2.02444	6.024439891914104e-09
2.02917	7.338175273266301e-09
2.03389	8.135658651146974e-09
2.03861	4.230405431082344e-09
2.04333	7.480846932866392e-09
2.04806	7.034489516618731e-09
2.05278	8.543036940713366e-09
2.0575	4.342531228075611e-09
2.06222	8.334742396204739e-09
2.06694	7.520489867090753e-09
2.07167	9.031422662153288e-09
2.07639	5.707257704667295e-09
2.07976	4.528974974819997e-09
2.08313	4.474493237556122e-09
2.08735	5.812426406634661e-09
2.09157	9.858060790895905e-09
2.09578	4.906707353004711e-09
2.1	8.02764169691964e-09
2.10476	7.111489920280713e-09
2.10952	4.8334775762786e-09
2.11429	5.190874972369715e-09
2.11905	8.405681985786237e-09
2.12381	8.793321842445211e-09
2.12857	4.408109892152231e-09
2.13214	9.834076536454196e-09
2.13403	7.431139883644365e-09
2.13623	7.87642552006684e-09
2.13868	4.186528161644746e-09
2.14147	4.311594378848259e-09
2.14455	6.01670727614872e-09
2.14781	7.430883684225078e-09
2.15107	9.64844296728975e-09
2.15457	6.398570393023513e-09
2.1576	6.232355698301406e-09
2.16062	6.517746150124799e-09
2.16391	7.315178839305949e-09
2.16751	8.855967251373254e-09
2.17158	9.635854509540035e-09
2.17513	4.578279973324103e-09
2.17789	9.615881741903438e-09
2.18066	8.403293874472283e-09
2.18388	7.467173538679171e-09
2.18791	4.937921057178438e-09
2.19194	6.949460511564716e-09
2.19597	9.100868129548441e-09
2.2	5.261719048670696e-09
2.20286	7.439584248136833e-09
2.20497	5.572482776115074e-09
2.20664	9.813075702606189e-09
2.20777	7.122813094581343e-09
2.20861	6.214158179183845e-09
2.20912	7.800527528940985e-09
2.20949	6.01154904900833e-09
2.20972	8.030370762462941e-09
2.20988	5.797071873100459e-09
2.20999	7.763177563084476e-09
2.21006	5.576527123205846e-09
2.21011	7.467387340345997e-09
2.21015	5.439047243310871e-09
2.21017	7.282353248862227e-09
2.21018	5.2915976720445e-09
2.21019	7.056591073157497e-09
2.2102	5.199584438803641e-09
2.21021	6.843923590022245e-09
2.21021	5.090720454983686e-09
2.21021	6.775619298627434e-09
2.21022	4.811818401839141e-09
2.21022	6.2505819330094e-09
2.21022	4.378611627797239e-09
2.21022	5.59428572918523e-09
2.21022	8.274543252957322e-09
2.21022	5.447116561355774e-09
2.21022	6.483890434961647e-09
2.21022	4.422283748119852e-09
2.21022	4.488341150269751e-09
2.21022	5.826781624595402e-09
2.21022	4.512767260687758e-09
2.21022	5.339405588117328e-09
2.21022	9.624214994558882e-09
2.21022	6.798883293630769e-09
2.21022	9.391107367454194e-09
2.21022	6.298481551806747e-09
2.21022	4.389496268540043e-09
2.21022	5.199090235830533e-09
2.21022	5.3460737549515e-09
2.21022	4.74187324693927e-09
2.21022	5.774042145592727e-09
2.21022	7.48541322102034e-09
2.21022	4.526986809338109e-09
2.21022	8.541579325852196e-09
2.21022	4.305685145577657e-09
2.21022	9.478896295422571e-09
2.21022	6.435856258092817e-09
2.21022	6.532609357213925e-09
2.21022	7.173742379238906e-09
2.21022	4.347376952661573e-09
2.21022	5.54660337844007e-09
2.21022	5.163643516497925e-09
2.21022	5.367864560527185e-09
2.21022	5.245556328161687e-09
2.21022	5.226179013602394e-09
2.21022	5.246391751091856e-09
2.21022	5.252588724562431e-09
2.21022	5.25047840533138e-09
2.21022	5.258337470829704e-09
2.21022	5.265266788936383e-09
2.21022	5.272078697875772e-09
2.21022	5.275354928479529e-09
2.21022	5.279092156872992e-09
2.21022	5.280731524101793e-09
2.21022	5.282472519996333e-09
2.21022	5.283114542356286e-09
2.21022	5.284646512960177e-09
2.21022	5.284783452567745e-09
2.21022	5.285023100991241e-09
2.21022	5.285081124601132e-09
2.21022	5.28523807293046e-09
2.21022	5.285257443666933e-09
2.21022	5.285337276857552e-09
2.21022	5.285346998924082e-09
2.21022	5.2853909157552e-09
2.21022	5.285397157514057e-09
2.21022	5.285421825776688e-09
2.21022	5.285425621536655e-09
2.21022	5.285439241828548e-09
2.21022	5.285441134639479e-09
2.21022	5.285448414362543e-09
2.21022	5.285449108347389e-09
2.21022	5.285452861994431e-09
2.21022	5.285452948242463e-09
2.21022	5.285454825511957e-09
2.21022	5.285454695713327e-09
2.21022	5.285455665393124e-09
2.21022	5.285455374031012e-09
2.21022	5.285455929617479e-09
2.21022	5.285455719789578e-09
2.21022	5.285455942764847e-09
2.21022	5.285455821833423e-09
2.21022	5.285456051417399e-09
2.21022	5.28545587852667e-09
2.21022	5.285456014319128e-09
2.21022	5.285455936487434e-09
2.21022	5.285455970719875e-09
2.21022	5.285455974810198e-09
2.21022	5.285456093493773e-09
2.21022	5.285455941645366e-09
2.21022	5.285455978775103e-09
2.21022	5.285455917062768e-09
2.21022	5.285456102691827e-09
2.21022	5.285455885689513e-09
2.21022	5.285456032681875e-09
2.21022	5.285455959508821e-09
2.21022	5.285456033869198e-09
2.21022	5.285455931505258e-09
2.21022	5.285456053567703e-09
2.21022	5.285455929221663e-09
2.21022	5.285456107936559e-09
2.21022	5.28545593204874e-09
2.21022	5.285456005657618e-09
