0.00434783	22
0.00869565	20
0.0130435	15
0.0173913	14
0.0217391	14
0.026087	14
0.0304348	14
0.0347826	14
0.0391304	14
0.0434783	14
0.0478261	14
0.0521739	15
0.0565217	14
0.0608696	14
0.0652174	14
0.0695652	14
0.073913	14
0.0782609	14
0.0826087	14
0.0869565	14
0.0913043	14
0.0956522	14
0.1	14
0.104348	14
0.108696	14
0.113043	14
0.117391	14
0.121739	14
0.126087	14
0.130435	15
0.134783	14
0.13913	14
0.143478	14
0.147826	14
0.152174	14
0.156522	14
0.16087	14
0.165217	15
0.169565	14
0.173913	15
0.178261	14
0.182609	14
0.186957	14
0.191304	14
0.195652	14
0.2	14
0.204545	14
0.209091	14
0.213636	14
0.218182	14
0.222727	14
0.227273	14
0.231818	14
0.236364	14
0.240909	14
0.245455	14
0.25	14
0.254545	14
0.259091	14
0.263636	14
0.268182	15
0.272727	15
0.277273	14
0.281818	15
0.286364	16
0.290909	15
0.293939	16
0.29697	17
0.3	16
0.303448	16
0.30731	15
0.311724	15
0.316628	15
0.321533	15
0.326437	15
0.331341	14
0.335918	15
0.340496	15
0.345073	15
0.34965	14
0.354227	15
0.358805	15
0.363382	14
0.367959	14
0.372536	15
0.377114	15
0.381691	14
0.386268	14
0.390845	14
0.395423	13
0.4	14
0.404762	14
0.409524	14
0.414286	14
0.419048	14
0.42381	14
0.428571	14
0.433333	14
0.438095	14
0.442857	14
0.447619	14
0.452381	14
0.457143	14
0.461905	14
0.466667	14
0.471429	14
0.47619	14
0.480952	14
0.485714	14
0.490476	14
0.495238	14
0.5	14
0.504762	14
0.509524	14
0.514286	14
0.519048	14
0.52381	14
0.528571	14
0.533333	14
0.538095	14
0.542857	14
0.547619	14
0.552381	14
0.557143	14
0.561905	15
0.566667	14
0.571429	14
0.57619	15
0.580952	15
0.585714	16
0.589286	16
0.591964	16
0.593973	16
0.595982	16
0.597991	16
0.6	15
0.602041	15
0.603621	16
0.605059	15
0.606455	15
0.607964	14
0.609608	15
0.611416	14
0.613429	15
0.615593	14
0.617757	15
0.620042	15
0.622621	15
0.625385	14
0.628369	14
0.631484	14
0.634598	14
0.637713	14
0.640991	14
0.644462	15
0.648429	14
0.652727	14
0.657454	14
0.662181	14
0.666909	14
0.671636	14
0.676363	14
0.681091	14
0.685818	14
0.690545	14
0.695273	14
0.7	14
0.704762	14
0.709524	14
0.714286	14
0.719048	14
0.72381	14
0.728571	14
0.733333	14
0.738095	14
0.742857	14
0.747619	14
0.751984	15
0.755985	16
0.760387	15
0.765339	15
0.77029	15
0.775242	15
0.780193	14
0.784155	15
0.788116	14
0.792077	14
0.796039	14
0.8	14
0.804348	14
0.80913	14
0.813913	15
0.818696	15
0.823478	14
0.828261	15
0.833043	15
0.837826	15
0.842609	15
0.847391	15
0.852174	15
0.856957	15
0.861739	14
0.866522	14
0.871304	15
0.876087	15
0.88087	15
0.885652	15
0.889239	16
0.892826	16
0.896413	15
0.9	15
0.904	15
0.908571	15
0.913383	15
0.918195	15
0.923008	15
0.92782	15
0.932632	14
0.937444	15
0.942256	14
0.947068	15
0.95188	14
0.956692	14
0.961504	14
0.966316	14
0.971128	14
0.97594	14
0.980752	14
0.985564	14
0.990376	14
0.995188	14
1	14
1.00476	14
1.00952	14
1.01429	14
1.01905	14
1.02381	14
1.02857	14
1.03333	14
1.0381	14
1.04286	15
1.04725	15
1.05077	16
1.05405	16
1.05759	15
1.06144	15
1.06573	15
1.07062	15
1.07552	14
1.08041	15
1.08531	14
1.09021	14
1.0951	14
1.1	14
1.10476	14
1.10952	15
1.11429	14
1.11905	14
1.12381	15
1.12857	14
1.13333	14
1.1381	14
1.14286	14
1.14762	14
1.15238	14
1.15714	14
1.1619	13
1.16667	13
1.17143	13
1.17619	13
1.18095	13
1.18571	13
1.19048	13
1.19524	13
1.2	13
1.20476	13
1.20952	13
1.21429	13
1.21905	13
1.22381	13
1.22857	13
1.23333	13
1.2381	12
1.24286	12
1.24762	12
1.25238	13
1.25714	13
1.2619	13
1.26667	12
1.27143	13
1.27619	13
1.28095	12
1.28571	13
1.29048	13
1.29524	13
1.3	13
1.30476	13
1.30952	13
1.31429	13
1.31905	13
1.32381	13
1.32857	13
1.33333	13
1.3381	13
1.34286	13
1.34762	13
1.35238	14
1.35714	15
1.35966	16
1.36277	16
1.36615	15
1.36991	14
1.37421	14
1.37937	14
1.38453	14
1.38968	14
1.39484	14
1.39742	15
1.4	14
1.40294	14
1.40629	14
1.41004	14
1.41432	14
1.41908	14
1.42384	14
1.4286	14
1.43336	14
1.43753	14
1.4412	14
1.4443	15
1.44723	15
1.45033	14
1.45388	15
1.45772	14
1.46195	15
1.46671	14
1.47146	14
1.47622	14
1.48098	13
1.48573	13
1.49049	13
1.49524	13
1.5	13
1.50476	13
1.50952	13
1.51429	13
1.51905	13
1.52381	13
1.52857	13
1.53333	14
1.5381	13
1.54286	13
1.54762	13
1.55238	13
1.55714	12
1.5619	13
1.56667	13
1.57143	13
1.57619	13
1.58095	12
1.58571	13
1.59048	14
1.59524	13
1.6	13
1.60476	13
1.60952	13
1.61429	13
1.61905	13
1.62381	13
1.62857	13
1.63333	13
1.6381	13
1.64222	14
1.64635	13
1.65082	13
1.65574	13
1.66066	14
1.66557	13
1.67049	14
1.67541	15
1.68033	14
1.68426	15
1.6882	14
1.69213	14
1.69607	14
1.7	14
1.70385	14
1.70803	13
1.71263	13
1.71722	13
1.72182	13
1.72642	13
1.73102	13
1.73562	13
1.74022	13
1.7452	13
1.75018	13
1.75516	13
1.76014	13
1.76513	13
1.77011	13
1.77509	13
1.78007	12
1.78505	13
1.79004	12
1.79502	12
1.8	12
1.80385	14
1.80769	13
1.81209	13
1.81671	13
1.82134	12
1.82597	12
1.8306	12
1.83522	12
1.83985	12
1.84448	12
1.8491	13
1.85373	13
1.85836	13
1.86298	13
1.86761	13
1.87224	13
1.87687	13
1.88149	13
1.88612	13
1.89075	14
1.89537	13
1.9	13
1.905	13
1.91	13
1.915	13
1.92	13
1.925	13
1.93	13
1.935	13
1.93964	13
1.94395	14
1.94827	13
1.95224	13
1.95622	14
1.95987	14
1.96322	14
1.96689	14
1.97057	13
1.97478	14
1.97898	13
1.98424	14
1.98949	13
1.99475	13
2	13
2.005	13
2.01	12
2.015	13
2.01972	13
2.02444	12
2.02917	12
2.03389	12
2.03861	13
2.04333	12
2.04806	12
2.05278	12
2.0575	13
2.06222	12
2.06694	12
2.07167	12
2.07639	13
2.07976	15
2.08313	13
2.08735	14
2.09157	12
2.09578	13
2.1	12
2.10476	13
2.10952	13
2.11429	13
2.11905	12
2.12381	12
2.12857	13
2.13214	14
2.13403	15
2.13623	14
2.13868	14
2.14147	14
2.14455	14
2.14781	13
2.15107	13
2.15457	14
2.1576	14
2.16062	13
2.16391	13
2.16751	12
2.17158	14
2.17513	14
2.17789	14
2.18066	12
2.18388	13
2.18791	14
2.19194	15
2.19597	13
2.2	15
2.20286	14
2.20497	15
2.20664	14
2.20777	15
2.20861	15
2.20912	15
2.20949	15
2.20972	15
2.20988	15
2.20999	15
2.21006	15
2.21011	15
2.21015	15
2.21017	15
2.21018	15
2.21019	15
2.2102	15
2.21021	15
2.21021	15
2.21021	15
2.21022	15
2.21022	15
2.21022	15
2.21022	15
2.21022	14
2.21022	15
2.21022	15
2.21022	15
2.21022	15
2.21022	14
2.21022	14
2.21022	14
2.21022	14
2.21022	13
2.21022	13
2.21022	14
2.21022	14
2.21022	14
2.21022	14
2.21022	14
2.21022	15
2.21022	13
2.21022	14
2.21022	14
2.21022	16
2.21022	15
2.21022	15
2.21022	15
2.21022	16
2.21022	16
2.21022	16
2.21022	16
2.21022	16
2.21022	16
2.21022	16
2.21022	16
2.21022	16
2.21022	16
2.21022	16
2.21022	16
2.21022	16
2.21022	16
2.21022	16
2.21022	16
2.21022	16
2.21022	16
2.21022	16
2.21022	16
2.21022	16
2.21022	16
2.21022	16
2.21022	16
2.21022	16
2.21022	16
2.21022	16
2.21022	16
2.21022	16
2.21022	16
2.21022	16
2.21022	16
2.21022	16
2.21022	16
2.21022	16
2.21022	16
2.21022	16
2.21022	16
2.21022	16
2.21022	16
2.21022	16
2.21022	16
2.21022	16
2.21022	16
2.21022	16
2.21022	16
2.21022	16
2.21022	16
2.21022	16
2.21022	16
2.21022	16
2.21022	16
2.21022	16
2.21022	16
2.21022	16
2.21022	16
2.21022	16
2.21022	16
2.21022	16
2.21022	16
2.21022	16
2.21022	16
2.21022	16
2.21022	16
2.21022	16
