0.00434783	0.00434783
0.00869565	0.00869565
0.0130435	0.0130435
0.0173913	0.0173913
0.0217391	0.0217391
0.026087	0.026087
0.0304348	0.0304348
0.0347826	0.0347826
0.0391304	0.0391304
0.0434783	0.0434783
0.0478261	0.0478261
0.0521739	0.0521739
0.0565217	0.0565217
0.0608696	0.0608696
0.0652174	0.0652174
0.0695652	0.0695652
0.073913	0.073913
0.0782609	0.0782609
0.0826087	0.0826087
0.0869565	0.0869565
0.0913043	0.0913043
0.0956522	0.0956522
0.1	0.1
0.104348	0.104348
0.108696	0.108696
0.113043	0.113043
0.117391	0.117391
0.121739	0.121739
0.126087	0.126087
0.130435	0.130435
0.134783	0.134783
0.13913	0.13913
0.143478	0.143478
0.147826	0.147826
0.152174	0.152174
0.156522	0.156522
0.16087	0.16087
0.165217	0.165217
0.169565	0.169565
0.173913	0.173913
0.178261	0.178261
0.182609	0.182609
0.186957	0.186957
0.191304	0.191304
0.195652	0.195652
0.2	0.2
0.204545	0.204545
0.209091	0.209091
0.213636	0.213636
0.218182	0.218182
0.222727	0.222727
0.227273	0.227273
0.231818	0.231818
0.236364	0.236364
0.240909	0.240909
0.245455	0.245455
0.25	0.25
0.254545	0.254545
0.259091	0.259091
0.263636	0.263636
0.268182	0.268182
0.272727	0.272727
0.277273	0.277273
0.281818	0.281818
0.286364	0.286364
0.290909	0.290909
0.293939	0.293939
0.29697	0.29697
0.3	0.3
0.303448	0.303448
0.30731	0.30731
0.311724	0.311724
0.316628	0.316628
0.321533	0.321533
0.326437	0.326437
0.331341	0.331341
0.335918	0.335918
0.340496	0.340496
0.345073	0.345073
0.34965	0.34965
0.354227	0.354227
0.358805	0.358805
0.363382	0.363382
0.367959	0.367959
0.372536	0.372536
0.377114	0.377114
0.381691	0.381691
0.386268	0.386268
0.390845	0.390845
0.395423	0.395423
0.4	0.4
0.404762	0.404762
0.409524	0.409524
0.414286	0.414286
0.419048	0.419048
0.42381	0.42381
0.428571	0.428571
0.433333	0.433333
0.438095	0.438095
0.442857	0.442857
0.447619	0.447619
0.452381	0.452381
0.457143	0.457143
0.461905	0.461905
0.466667	0.466667
0.471429	0.471429
0.47619	0.47619
0.480952	0.480952
0.485714	0.485714
0.490476	0.490476
0.495238	0.495238
0.5	0.5
0.504762	0.504762
0.509524	0.509524
0.514286	0.514286
0.519048	0.519048
0.52381	0.52381
0.528571	0.528571
0.533333	0.533333
0.538095	0.538095
0.542857	0.542857
0.547619	0.547619
0.552381	0.552381
0.557143	0.557143
0.561905	0.561905
0.566667	0.566667
0.571429	0.571429
0.57619	0.57619
0.580952	0.580952
0.585714	0.585714
0.589286	0.589286
0.591964	0.591964
0.593973	0.593973
0.595982	0.595982
0.597991	0.597991
0.6	0.6
0.602041	0.602041
0.603621	0.603621
0.605059	0.605059
0.606455	0.606455
0.607964	0.607964
0.609608	0.609608
0.611416	0.611416
0.613429	0.613429
0.615593	0.615593
0.617757	0.617757
0.620042	0.620042
0.622621	0.622621
0.625385	0.625385
0.628369	0.628369
0.631484	0.631484
0.634598	0.634598
0.637713	0.637713
0.640991	0.640991
0.644462	0.644462
0.648429	0.648429
0.652727	0.652727
0.657454	0.657454
0.662181	0.662181
0.666909	0.666909
0.671636	0.671636
0.676363	0.676363
0.681091	0.681091
0.685818	0.685818
0.690545	0.690545
0.695273	0.695273
0.7	0.7
0.704762	0.704762
0.709524	0.709524
0.714286	0.714286
0.719048	0.719048
0.72381	0.72381
0.728571	0.728571
0.733333	0.733333
0.738095	0.738095
0.742857	0.742857
0.747619	0.747619
0.751984	0.751984
0.755985	0.755985
0.760387	0.760387
0.765339	0.765339
0.77029	0.77029
0.775242	0.775242
0.780193	0.780193
0.784155	0.784155
0.788116	0.788116
0.792077	0.792077
0.796039	0.796039
0.8	0.8
0.804348	0.804348
0.80913	0.80913
0.813913	0.813913
0.818696	0.818696
0.823478	0.823478
0.828261	0.828261
0.833043	0.833043
0.837826	0.837826
0.842609	0.842609
0.847391	0.847391
0.852174	0.852174
0.856957	0.856957
0.861739	0.861739
0.866522	0.866522
0.871304	0.871304
0.876087	0.876087
0.88087	0.88087
0.885652	0.885652
0.889239	0.889239
0.892826	0.892826
0.896413	0.896413
0.9	0.9
0.904	0.904
0.908571	0.908571
0.913383	0.913383
0.918195	0.918195
0.923008	0.923008
0.92782	0.92782
0.932632	0.932632
0.937444	0.937444
0.942256	0.942256
0.947068	0.947068
0.95188	0.95188
0.956692	0.956692
0.961504	0.961504
0.966316	0.966316
0.971128	0.971128
0.97594	0.97594
0.980752	0.980752
0.985564	0.985564
0.990376	0.990376
0.995188	0.995188
1	1
1.00476	1.00476
1.00952	1.00952
1.01429	1.01429
1.01905	1.01905
1.02381	1.02381
1.02857	1.02857
1.03333	1.03333
1.0381	1.0381
1.04286	1.04286
1.04725	1.04725
1.05077	1.05077
1.05405	1.05405
1.05759	1.05759
1.06144	1.06144
1.06573	1.06573
1.07062	1.07062
1.07552	1.07552
1.08041	1.08041
1.08531	1.08531
1.09021	1.09021
1.0951	1.0951
1.1	1.1
1.10476	1.10476
1.10952	1.10952
1.11429	1.11429
1.11905	1.11905
1.12381	1.12381
1.12857	1.12857
1.13333	1.13333
1.1381	1.1381
1.14286	1.14286
1.14762	1.14762
1.15238	1.15238
1.15714	1.15714
1.1619	1.1619
1.16667	1.16667
1.17143	1.17143
1.17619	1.17619
1.18095	1.18095
1.18571	1.18571
1.19048	1.19048
1.19524	1.19524
1.2	1.2
1.20476	1.20476
1.20952	1.20952
1.21429	1.21429
1.21905	1.21905
1.22381	1.22381
1.22857	1.22857
1.23333	1.23333
1.2381	1.2381
1.24286	1.24286
1.24762	1.24762
1.25238	1.25238
1.25714	1.25714
1.2619	1.2619
1.26667	1.26667
1.27143	1.27143
1.27619	1.27619
1.28095	1.28095
1.28571	1.28571
1.29048	1.29048
1.29524	1.29524
1.3	1.3
1.30476	1.30476
1.30952	1.30952
1.31429	1.31429
1.31905	1.31905
1.32381	1.32381
1.32857	1.32857
1.33333	1.33333
1.3381	1.3381
1.34286	1.34286
1.34762	1.34762
1.35238	1.35238
1.35714	1.35714
1.35966	1.35966
1.36277	1.36277
1.36615	1.36615
1.36991	1.36991
1.37421	1.37421
1.37937	1.37937
1.38453	1.38453
1.38968	1.38968
1.39484	1.39484
1.39742	1.39742
1.4	1.4
1.40294	1.40294
1.40629	1.40629
1.41004	1.41004
1.41432	1.41432
1.41908	1.41908
1.42384	1.42384
1.4286	1.4286
1.43336	1.43336
1.43753	1.43753
1.4412	1.4412
1.4443	1.4443
1.44723	1.44723
1.45033	1.45033
1.45388	1.45388
1.45772	1.45772
1.46195	1.46195
1.46671	1.46671
1.47146	1.47146
1.47622	1.47622
1.48098	1.48098
1.48573	1.48573
1.49049	1.49049
1.49524	1.49524
1.5	1.5
1.50476	1.50476
1.50952	1.50952
1.51429	1.51429
1.51905	1.51905
1.52381	1.52381
1.52857	1.52857
1.53333	1.53333
1.5381	1.5381
1.54286	1.54286
1.54762	1.54762
1.55238	1.55238
1.55714	1.55714
1.5619	1.5619
1.56667	1.56667
1.57143	1.57143
1.57619	1.57619
1.58095	1.58095
1.58571	1.58571
1.59048	1.59048
1.59524	1.59524
1.6	1.6
1.60476	1.60476
1.60952	1.60952
1.61429	1.61429
1.61905	1.61905
1.62381	1.62381
1.62857	1.62857
1.63333	1.63333
1.6381	1.6381
1.64222	1.64222
1.64635	1.64635
1.65082	1.65082
1.65574	1.65574
1.66066	1.66066
1.66557	1.66557
1.67049	1.67049
1.67541	1.67541
1.68033	1.68033
1.68426	1.68426
1.6882	1.6882
1.69213	1.69213
1.69607	1.69607
1.7	1.7
1.70385	1.70385
1.70803	1.70803
1.71263	1.71263
1.71722	1.71722
1.72182	1.72182
1.72642	1.72642
1.73102	1.73102
1.73562	1.73562
1.74022	1.74022
1.7452	1.7452
1.75018	1.75018
1.75516	1.75516
1.76014	1.76014
1.76513	1.76513
1.77011	1.77011
1.77509	1.77509
1.78007	1.78007
1.78505	1.78505
1.79004	1.79004
1.79502	1.79502
1.8	1.8
1.80385	1.80385
1.80769	1.80769
1.81209	1.81209
1.81671	1.81671
1.82134	1.82134
1.82597	1.82597
1.8306	1.8306
1.83522	1.83522
1.83985	1.83985
1.84448	1.84448
1.8491	1.8491
1.85373	1.85373
1.85836	1.85836
1.86298	1.86298
1.86761	1.86761
1.87224	1.87224
1.87687	1.87687
1.88149	1.88149
1.88612	1.88612
1.89075	1.89075
1.89537	1.89537
1.9	1.9
1.905	1.905
1.91	1.91
1.915	1.915
1.92	1.92
1.925	1.925
1.93	1.93
1.935	1.935
1.93964	1.93964
1.94395	1.94395
1.94827	1.94827
1.95224	1.95224
1.95622	1.95622
1.95987	1.95987
1.96322	1.96322
1.96689	1.96689
1.97057	1.97057
1.97478	1.97478
1.97898	1.97898
1.98424	1.98424
1.98949	1.98949
1.99475	1.99475
2	2
2.005	2.005
2.01	2.01
2.015	2.015
2.01972	2.01972
2.02444	2.02444
2.02917	2.02917
2.03389	2.03389
2.03861	2.03861
2.04333	2.04333
2.04806	2.04806
2.05278	2.05278
2.0575	2.0575
2.06222	2.06222
2.06694	2.06694
2.07167	2.07167
2.07639	2.07639
2.07976	2.07976
2.08313	2.08313
2.08735	2.08735
2.09157	2.09157
2.09578	2.09578
2.1	2.1
2.10476	2.10476
2.10952	2.10952
2.11429	2.11429
2.11905	2.11905
2.12381	2.12381
2.12857	2.12857
2.13214	2.13214
2.13403	2.13403
2.13623	2.13623
2.13868	2.13868
2.14147	2.14147
2.14455	2.14455
2.14781	2.14781
2.15107	2.15107
2.15457	2.15457
2.1576	2.1576
2.16062	2.16062
2.16391	2.16391
2.16751	2.16751
2.17158	2.17158
2.17513	2.17513
2.17789	2.17789
2.18066	2.18066
2.18388	2.18388
2.18791	2.18791
2.19194	2.19194
2.19597	2.19597
2.2	2.2
2.20286	2.20286
2.20497	2.20497
2.20664	2.20664
2.20777	2.20777
2.20861	2.20861
2.20912	2.20912
2.20949	2.20949
2.20972	2.20972
2.20988	2.20988
2.20999	2.20999
2.21006	2.21006
2.21011	2.21011
2.21015	2.21015
2.21017	2.21017
2.21018	2.21018
2.21019	2.21019
2.2102	2.2102
2.21021	2.21021
2.21021	2.21021
2.21021	2.21021
2.21022	2.21022
2.21022	2.21022
2.21022	2.21022
2.21022	2.21022
2.21022	2.21022
2.21022	2.21022
2.21022	2.21022
2.21022	2.21022
2.21022	2.21022
2.21022	2.21022
2.21022	2.21022
2.21022	2.21022
2.21022	2.21022
2.21022	2.21022
2.21022	2.21022
2.21022	2.21022
2.21022	2.21022
2.21022	2.21022
2.21022	2.21022
2.21022	2.21022
2.21022	2.21022
2.21022	2.21022
2.21022	2.21022
2.21022	2.21022
2.21022	2.21022
2.21022	2.21022
2.21022	2.21022
2.21022	2.21022
2.21022	2.21022
2.21022	2.21022
2.21022	2.21022
2.21022	2.21022
2.21022	2.21022
2.21022	2.21022
2.21022	2.21022
2.21022	2.21022
2.21022	2.21022
2.21022	2.21022
2.21022	2.21022
2.21022	2.21022
2.21022	2.21022
2.21022	2.21022
2.21022	2.21022
2.21022	2.21022
2.21022	2.21022
2.21022	2.21022
2.21022	2.21022
2.21022	2.21022
2.21022	2.21022
2.21022	2.21022
2.21022	2.21022
2.21022	2.21022
2.21022	2.21022
2.21022	2.21022
2.21022	2.21022
2.21022	2.21022
2.21022	2.21022
2.21022	2.21022
2.21022	2.21022
2.21022	2.21022
2.21022	2.21022
2.21022	2.21022
2.21022	2.21022
2.21022	2.21022
2.21022	2.21022
2.21022	2.21022
2.21022	2.21022
2.21022	2.21022
2.21022	2.21022
2.21022	2.21022
2.21022	2.21022
2.21022	2.21022
2.21022	2.21022
2.21022	2.21022
2.21022	2.21022
2.21022	2.21022
2.21022	2.21022
2.21022	2.21022
2.21022	2.21022
2.21022	2.21022
2.21022	2.21022
2.21022	2.21022
2.21022	2.21022
2.21022	2.21022
2.21022	2.21022
2.21022	2.21022
2.21022	2.21022
2.21022	2.21022
2.21022	2.21022
2.21022	2.21022
2.21022	2.21022
2.21022	2.21022
2.21022	2.21022
2.21022	2.21022
