# Moment                
# CofR                  : (0.0000000000000000e+00 0.0000000000000000e+00 0.0000000000000000e+00)
#
# Time                  	(total_x total_y total_z)	(pressure_x pressure_y pressure_z)	(viscous_x viscous_y viscous_z)
0.00025641              	(0.0000000000000000e+00 0.0000000000000000e+00 0.0000000000000000e+00)	(0.0000000000000000e+00 0.0000000000000000e+00 0.0000000000000000e+00)	(0.0000000000000000e+00 0.0000000000000000e+00 0.0000000000000000e+00)
0.000512821             	(0.0000000000000000e+00 0.0000000000000000e+00 0.0000000000000000e+00)	(0.0000000000000000e+00 0.0000000000000000e+00 0.0000000000000000e+00)	(0.0000000000000000e+00 0.0000000000000000e+00 0.0000000000000000e+00)
0.000769231             	(0.0000000000000000e+00 0.0000000000000000e+00 0.0000000000000000e+00)	(0.0000000000000000e+00 0.0000000000000000e+00 0.0000000000000000e+00)	(0.0000000000000000e+00 0.0000000000000000e+00 0.0000000000000000e+00)
0.00102564              	(0.0000000000000000e+00 0.0000000000000000e+00 0.0000000000000000e+00)	(0.0000000000000000e+00 0.0000000000000000e+00 0.0000000000000000e+00)	(0.0000000000000000e+00 0.0000000000000000e+00 0.0000000000000000e+00)
0.00128205              	(0.0000000000000000e+00 0.0000000000000000e+00 0.0000000000000000e+00)	(0.0000000000000000e+00 0.0000000000000000e+00 0.0000000000000000e+00)	(0.0000000000000000e+00 0.0000000000000000e+00 0.0000000000000000e+00)
0.00153846              	(0.0000000000000000e+00 0.0000000000000000e+00 0.0000000000000000e+00)	(0.0000000000000000e+00 0.0000000000000000e+00 0.0000000000000000e+00)	(0.0000000000000000e+00 0.0000000000000000e+00 0.0000000000000000e+00)
0.00179487              	(0.0000000000000000e+00 0.0000000000000000e+00 0.0000000000000000e+00)	(0.0000000000000000e+00 0.0000000000000000e+00 0.0000000000000000e+00)	(0.0000000000000000e+00 0.0000000000000000e+00 0.0000000000000000e+00)
0.00205128              	(0.0000000000000000e+00 0.0000000000000000e+00 0.0000000000000000e+00)	(0.0000000000000000e+00 0.0000000000000000e+00 0.0000000000000000e+00)	(0.0000000000000000e+00 0.0000000000000000e+00 0.0000000000000000e+00)
0.00230769              	(0.0000000000000000e+00 0.0000000000000000e+00 0.0000000000000000e+00)	(0.0000000000000000e+00 0.0000000000000000e+00 0.0000000000000000e+00)	(0.0000000000000000e+00 0.0000000000000000e+00 0.0000000000000000e+00)
0.0025641               	(0.0000000000000000e+00 0.0000000000000000e+00 0.0000000000000000e+00)	(0.0000000000000000e+00 0.0000000000000000e+00 0.0000000000000000e+00)	(0.0000000000000000e+00 0.0000000000000000e+00 0.0000000000000000e+00)
0.00282051              	(0.0000000000000000e+00 0.0000000000000000e+00 0.0000000000000000e+00)	(0.0000000000000000e+00 0.0000000000000000e+00 0.0000000000000000e+00)	(0.0000000000000000e+00 0.0000000000000000e+00 0.0000000000000000e+00)
0.00307692              	(0.0000000000000000e+00 0.0000000000000000e+00 0.0000000000000000e+00)	(0.0000000000000000e+00 0.0000000000000000e+00 0.0000000000000000e+00)	(0.0000000000000000e+00 0.0000000000000000e+00 0.0000000000000000e+00)
0.00333333              	(0.0000000000000000e+00 0.0000000000000000e+00 0.0000000000000000e+00)	(0.0000000000000000e+00 0.0000000000000000e+00 0.0000000000000000e+00)	(0.0000000000000000e+00 0.0000000000000000e+00 0.0000000000000000e+00)
0.00358974              	(0.0000000000000000e+00 0.0000000000000000e+00 0.0000000000000000e+00)	(0.0000000000000000e+00 0.0000000000000000e+00 0.0000000000000000e+00)	(0.0000000000000000e+00 0.0000000000000000e+00 0.0000000000000000e+00)
0.00384615              	(0.0000000000000000e+00 0.0000000000000000e+00 0.0000000000000000e+00)	(0.0000000000000000e+00 0.0000000000000000e+00 0.0000000000000000e+00)	(0.0000000000000000e+00 0.0000000000000000e+00 0.0000000000000000e+00)
0.00410256              	(0.0000000000000000e+00 0.0000000000000000e+00 0.0000000000000000e+00)	(0.0000000000000000e+00 0.0000000000000000e+00 0.0000000000000000e+00)	(0.0000000000000000e+00 0.0000000000000000e+00 0.0000000000000000e+00)
0.00435897              	(0.0000000000000000e+00 0.0000000000000000e+00 0.0000000000000000e+00)	(0.0000000000000000e+00 0.0000000000000000e+00 0.0000000000000000e+00)	(0.0000000000000000e+00 0.0000000000000000e+00 0.0000000000000000e+00)
0.00461538              	(0.0000000000000000e+00 0.0000000000000000e+00 0.0000000000000000e+00)	(0.0000000000000000e+00 0.0000000000000000e+00 0.0000000000000000e+00)	(0.0000000000000000e+00 0.0000000000000000e+00 0.0000000000000000e+00)
0.00487179              	(0.0000000000000000e+00 0.0000000000000000e+00 0.0000000000000000e+00)	(0.0000000000000000e+00 0.0000000000000000e+00 0.0000000000000000e+00)	(0.0000000000000000e+00 0.0000000000000000e+00 0.0000000000000000e+00)
0.00512821              	(0.0000000000000000e+00 0.0000000000000000e+00 0.0000000000000000e+00)	(0.0000000000000000e+00 0.0000000000000000e+00 0.0000000000000000e+00)	(0.0000000000000000e+00 0.0000000000000000e+00 0.0000000000000000e+00)
0.00538462              	(0.0000000000000000e+00 0.0000000000000000e+00 0.0000000000000000e+00)	(0.0000000000000000e+00 0.0000000000000000e+00 0.0000000000000000e+00)	(0.0000000000000000e+00 0.0000000000000000e+00 0.0000000000000000e+00)
0.00564103              	(0.0000000000000000e+00 0.0000000000000000e+00 0.0000000000000000e+00)	(0.0000000000000000e+00 0.0000000000000000e+00 0.0000000000000000e+00)	(0.0000000000000000e+00 0.0000000000000000e+00 0.0000000000000000e+00)
0.00589744              	(0.0000000000000000e+00 0.0000000000000000e+00 0.0000000000000000e+00)	(0.0000000000000000e+00 0.0000000000000000e+00 0.0000000000000000e+00)	(0.0000000000000000e+00 0.0000000000000000e+00 0.0000000000000000e+00)
0.00615385              	(0.0000000000000000e+00 0.0000000000000000e+00 0.0000000000000000e+00)	(0.0000000000000000e+00 0.0000000000000000e+00 0.0000000000000000e+00)	(0.0000000000000000e+00 0.0000000000000000e+00 0.0000000000000000e+00)
0.00641026              	(0.0000000000000000e+00 0.0000000000000000e+00 0.0000000000000000e+00)	(0.0000000000000000e+00 0.0000000000000000e+00 0.0000000000000000e+00)	(0.0000000000000000e+00 0.0000000000000000e+00 0.0000000000000000e+00)
0.00666667              	(0.0000000000000000e+00 0.0000000000000000e+00 0.0000000000000000e+00)	(0.0000000000000000e+00 0.0000000000000000e+00 0.0000000000000000e+00)	(0.0000000000000000e+00 0.0000000000000000e+00 0.0000000000000000e+00)
0.00692308              	(0.0000000000000000e+00 0.0000000000000000e+00 0.0000000000000000e+00)	(0.0000000000000000e+00 0.0000000000000000e+00 0.0000000000000000e+00)	(0.0000000000000000e+00 0.0000000000000000e+00 0.0000000000000000e+00)
0.00717949              	(0.0000000000000000e+00 0.0000000000000000e+00 0.0000000000000000e+00)	(0.0000000000000000e+00 0.0000000000000000e+00 0.0000000000000000e+00)	(0.0000000000000000e+00 0.0000000000000000e+00 0.0000000000000000e+00)
0.0074359               	(0.0000000000000000e+00 0.0000000000000000e+00 0.0000000000000000e+00)	(0.0000000000000000e+00 0.0000000000000000e+00 0.0000000000000000e+00)	(0.0000000000000000e+00 0.0000000000000000e+00 0.0000000000000000e+00)
0.00769231              	(0.0000000000000000e+00 0.0000000000000000e+00 0.0000000000000000e+00)	(0.0000000000000000e+00 0.0000000000000000e+00 0.0000000000000000e+00)	(0.0000000000000000e+00 0.0000000000000000e+00 0.0000000000000000e+00)
0.00794872              	(0.0000000000000000e+00 0.0000000000000000e+00 0.0000000000000000e+00)	(0.0000000000000000e+00 0.0000000000000000e+00 0.0000000000000000e+00)	(0.0000000000000000e+00 0.0000000000000000e+00 0.0000000000000000e+00)
0.00820513              	(0.0000000000000000e+00 0.0000000000000000e+00 0.0000000000000000e+00)	(0.0000000000000000e+00 0.0000000000000000e+00 0.0000000000000000e+00)	(0.0000000000000000e+00 0.0000000000000000e+00 0.0000000000000000e+00)
0.00846154              	(0.0000000000000000e+00 0.0000000000000000e+00 0.0000000000000000e+00)	(0.0000000000000000e+00 0.0000000000000000e+00 0.0000000000000000e+00)	(0.0000000000000000e+00 0.0000000000000000e+00 0.0000000000000000e+00)
0.00871795              	(0.0000000000000000e+00 0.0000000000000000e+00 0.0000000000000000e+00)	(0.0000000000000000e+00 0.0000000000000000e+00 0.0000000000000000e+00)	(0.0000000000000000e+00 0.0000000000000000e+00 0.0000000000000000e+00)
0.00897436              	(0.0000000000000000e+00 0.0000000000000000e+00 0.0000000000000000e+00)	(0.0000000000000000e+00 0.0000000000000000e+00 0.0000000000000000e+00)	(0.0000000000000000e+00 0.0000000000000000e+00 0.0000000000000000e+00)
0.00923077              	(0.0000000000000000e+00 0.0000000000000000e+00 0.0000000000000000e+00)	(0.0000000000000000e+00 0.0000000000000000e+00 0.0000000000000000e+00)	(0.0000000000000000e+00 0.0000000000000000e+00 0.0000000000000000e+00)
0.00948718              	(0.0000000000000000e+00 0.0000000000000000e+00 0.0000000000000000e+00)	(0.0000000000000000e+00 0.0000000000000000e+00 0.0000000000000000e+00)	(0.0000000000000000e+00 0.0000000000000000e+00 0.0000000000000000e+00)
0.00974359              	(0.0000000000000000e+00 0.0000000000000000e+00 0.0000000000000000e+00)	(0.0000000000000000e+00 0.0000000000000000e+00 0.0000000000000000e+00)	(0.0000000000000000e+00 0.0000000000000000e+00 0.0000000000000000e+00)
0.01                    	(0.0000000000000000e+00 0.0000000000000000e+00 0.0000000000000000e+00)	(0.0000000000000000e+00 0.0000000000000000e+00 0.0000000000000000e+00)	(0.0000000000000000e+00 0.0000000000000000e+00 0.0000000000000000e+00)
0.0102564               	(0.0000000000000000e+00 0.0000000000000000e+00 0.0000000000000000e+00)	(0.0000000000000000e+00 0.0000000000000000e+00 0.0000000000000000e+00)	(0.0000000000000000e+00 0.0000000000000000e+00 0.0000000000000000e+00)
0.0105128               	(0.0000000000000000e+00 0.0000000000000000e+00 0.0000000000000000e+00)	(0.0000000000000000e+00 0.0000000000000000e+00 0.0000000000000000e+00)	(0.0000000000000000e+00 0.0000000000000000e+00 0.0000000000000000e+00)
0.0107692               	(0.0000000000000000e+00 0.0000000000000000e+00 0.0000000000000000e+00)	(0.0000000000000000e+00 0.0000000000000000e+00 0.0000000000000000e+00)	(0.0000000000000000e+00 0.0000000000000000e+00 0.0000000000000000e+00)
0.0110256               	(0.0000000000000000e+00 0.0000000000000000e+00 0.0000000000000000e+00)	(0.0000000000000000e+00 0.0000000000000000e+00 0.0000000000000000e+00)	(0.0000000000000000e+00 0.0000000000000000e+00 0.0000000000000000e+00)
0.0112821               	(0.0000000000000000e+00 0.0000000000000000e+00 0.0000000000000000e+00)	(0.0000000000000000e+00 0.0000000000000000e+00 0.0000000000000000e+00)	(0.0000000000000000e+00 0.0000000000000000e+00 0.0000000000000000e+00)
0.0115385               	(0.0000000000000000e+00 0.0000000000000000e+00 0.0000000000000000e+00)	(0.0000000000000000e+00 0.0000000000000000e+00 0.0000000000000000e+00)	(0.0000000000000000e+00 0.0000000000000000e+00 0.0000000000000000e+00)
0.0117949               	(0.0000000000000000e+00 0.0000000000000000e+00 0.0000000000000000e+00)	(0.0000000000000000e+00 0.0000000000000000e+00 0.0000000000000000e+00)	(0.0000000000000000e+00 0.0000000000000000e+00 0.0000000000000000e+00)
0.0120513               	(0.0000000000000000e+00 0.0000000000000000e+00 0.0000000000000000e+00)	(0.0000000000000000e+00 0.0000000000000000e+00 0.0000000000000000e+00)	(0.0000000000000000e+00 0.0000000000000000e+00 0.0000000000000000e+00)
0.0123077               	(0.0000000000000000e+00 0.0000000000000000e+00 0.0000000000000000e+00)	(0.0000000000000000e+00 0.0000000000000000e+00 0.0000000000000000e+00)	(0.0000000000000000e+00 0.0000000000000000e+00 0.0000000000000000e+00)
0.0125641               	(0.0000000000000000e+00 0.0000000000000000e+00 0.0000000000000000e+00)	(0.0000000000000000e+00 0.0000000000000000e+00 0.0000000000000000e+00)	(0.0000000000000000e+00 0.0000000000000000e+00 0.0000000000000000e+00)
0.0128205               	(0.0000000000000000e+00 0.0000000000000000e+00 0.0000000000000000e+00)	(0.0000000000000000e+00 0.0000000000000000e+00 0.0000000000000000e+00)	(0.0000000000000000e+00 0.0000000000000000e+00 0.0000000000000000e+00)
0.0130769               	(0.0000000000000000e+00 0.0000000000000000e+00 0.0000000000000000e+00)	(0.0000000000000000e+00 0.0000000000000000e+00 0.0000000000000000e+00)	(0.0000000000000000e+00 0.0000000000000000e+00 0.0000000000000000e+00)
0.0133333               	(0.0000000000000000e+00 0.0000000000000000e+00 0.0000000000000000e+00)	(0.0000000000000000e+00 0.0000000000000000e+00 0.0000000000000000e+00)	(0.0000000000000000e+00 0.0000000000000000e+00 0.0000000000000000e+00)
0.0135897               	(0.0000000000000000e+00 0.0000000000000000e+00 0.0000000000000000e+00)	(0.0000000000000000e+00 0.0000000000000000e+00 0.0000000000000000e+00)	(0.0000000000000000e+00 0.0000000000000000e+00 0.0000000000000000e+00)
0.0138462               	(0.0000000000000000e+00 0.0000000000000000e+00 0.0000000000000000e+00)	(0.0000000000000000e+00 0.0000000000000000e+00 0.0000000000000000e+00)	(0.0000000000000000e+00 0.0000000000000000e+00 0.0000000000000000e+00)
0.0141026               	(0.0000000000000000e+00 0.0000000000000000e+00 0.0000000000000000e+00)	(0.0000000000000000e+00 0.0000000000000000e+00 0.0000000000000000e+00)	(0.0000000000000000e+00 0.0000000000000000e+00 0.0000000000000000e+00)
0.014359                	(0.0000000000000000e+00 0.0000000000000000e+00 0.0000000000000000e+00)	(0.0000000000000000e+00 0.0000000000000000e+00 0.0000000000000000e+00)	(0.0000000000000000e+00 0.0000000000000000e+00 0.0000000000000000e+00)
0.0146154               	(0.0000000000000000e+00 0.0000000000000000e+00 0.0000000000000000e+00)	(0.0000000000000000e+00 0.0000000000000000e+00 0.0000000000000000e+00)	(0.0000000000000000e+00 0.0000000000000000e+00 0.0000000000000000e+00)
0.0148718               	(0.0000000000000000e+00 0.0000000000000000e+00 0.0000000000000000e+00)	(0.0000000000000000e+00 0.0000000000000000e+00 0.0000000000000000e+00)	(0.0000000000000000e+00 0.0000000000000000e+00 0.0000000000000000e+00)
0.0151282               	(0.0000000000000000e+00 0.0000000000000000e+00 0.0000000000000000e+00)	(0.0000000000000000e+00 0.0000000000000000e+00 0.0000000000000000e+00)	(0.0000000000000000e+00 0.0000000000000000e+00 0.0000000000000000e+00)
0.0153846               	(0.0000000000000000e+00 0.0000000000000000e+00 0.0000000000000000e+00)	(0.0000000000000000e+00 0.0000000000000000e+00 0.0000000000000000e+00)	(0.0000000000000000e+00 0.0000000000000000e+00 0.0000000000000000e+00)
0.015641                	(0.0000000000000000e+00 0.0000000000000000e+00 0.0000000000000000e+00)	(0.0000000000000000e+00 0.0000000000000000e+00 0.0000000000000000e+00)	(0.0000000000000000e+00 0.0000000000000000e+00 0.0000000000000000e+00)
0.0158974               	(0.0000000000000000e+00 0.0000000000000000e+00 0.0000000000000000e+00)	(0.0000000000000000e+00 0.0000000000000000e+00 0.0000000000000000e+00)	(0.0000000000000000e+00 0.0000000000000000e+00 0.0000000000000000e+00)
0.0161538               	(0.0000000000000000e+00 0.0000000000000000e+00 0.0000000000000000e+00)	(0.0000000000000000e+00 0.0000000000000000e+00 0.0000000000000000e+00)	(0.0000000000000000e+00 0.0000000000000000e+00 0.0000000000000000e+00)
0.0164103               	(0.0000000000000000e+00 0.0000000000000000e+00 0.0000000000000000e+00)	(0.0000000000000000e+00 0.0000000000000000e+00 0.0000000000000000e+00)	(0.0000000000000000e+00 0.0000000000000000e+00 0.0000000000000000e+00)
0.0166667               	(0.0000000000000000e+00 0.0000000000000000e+00 0.0000000000000000e+00)	(0.0000000000000000e+00 0.0000000000000000e+00 0.0000000000000000e+00)	(0.0000000000000000e+00 0.0000000000000000e+00 0.0000000000000000e+00)
0.0169231               	(0.0000000000000000e+00 0.0000000000000000e+00 0.0000000000000000e+00)	(0.0000000000000000e+00 0.0000000000000000e+00 0.0000000000000000e+00)	(0.0000000000000000e+00 0.0000000000000000e+00 0.0000000000000000e+00)
0.0171795               	(0.0000000000000000e+00 0.0000000000000000e+00 0.0000000000000000e+00)	(0.0000000000000000e+00 0.0000000000000000e+00 0.0000000000000000e+00)	(0.0000000000000000e+00 0.0000000000000000e+00 0.0000000000000000e+00)
0.0174359               	(0.0000000000000000e+00 0.0000000000000000e+00 0.0000000000000000e+00)	(0.0000000000000000e+00 0.0000000000000000e+00 0.0000000000000000e+00)	(0.0000000000000000e+00 0.0000000000000000e+00 0.0000000000000000e+00)
0.0176923               	(0.0000000000000000e+00 0.0000000000000000e+00 0.0000000000000000e+00)	(0.0000000000000000e+00 0.0000000000000000e+00 0.0000000000000000e+00)	(0.0000000000000000e+00 0.0000000000000000e+00 0.0000000000000000e+00)
0.0179487               	(0.0000000000000000e+00 0.0000000000000000e+00 0.0000000000000000e+00)	(0.0000000000000000e+00 0.0000000000000000e+00 0.0000000000000000e+00)	(0.0000000000000000e+00 0.0000000000000000e+00 0.0000000000000000e+00)
0.0182051               	(0.0000000000000000e+00 0.0000000000000000e+00 0.0000000000000000e+00)	(0.0000000000000000e+00 0.0000000000000000e+00 0.0000000000000000e+00)	(0.0000000000000000e+00 0.0000000000000000e+00 0.0000000000000000e+00)
0.0184615               	(0.0000000000000000e+00 0.0000000000000000e+00 0.0000000000000000e+00)	(0.0000000000000000e+00 0.0000000000000000e+00 0.0000000000000000e+00)	(0.0000000000000000e+00 0.0000000000000000e+00 0.0000000000000000e+00)
0.0187179               	(0.0000000000000000e+00 0.0000000000000000e+00 0.0000000000000000e+00)	(0.0000000000000000e+00 0.0000000000000000e+00 0.0000000000000000e+00)	(0.0000000000000000e+00 0.0000000000000000e+00 0.0000000000000000e+00)
0.0189744               	(0.0000000000000000e+00 0.0000000000000000e+00 0.0000000000000000e+00)	(0.0000000000000000e+00 0.0000000000000000e+00 0.0000000000000000e+00)	(0.0000000000000000e+00 0.0000000000000000e+00 0.0000000000000000e+00)
0.0192308               	(0.0000000000000000e+00 0.0000000000000000e+00 0.0000000000000000e+00)	(0.0000000000000000e+00 0.0000000000000000e+00 0.0000000000000000e+00)	(0.0000000000000000e+00 0.0000000000000000e+00 0.0000000000000000e+00)
0.0194872               	(0.0000000000000000e+00 0.0000000000000000e+00 0.0000000000000000e+00)	(0.0000000000000000e+00 0.0000000000000000e+00 0.0000000000000000e+00)	(0.0000000000000000e+00 0.0000000000000000e+00 0.0000000000000000e+00)
0.0197436               	(0.0000000000000000e+00 0.0000000000000000e+00 0.0000000000000000e+00)	(0.0000000000000000e+00 0.0000000000000000e+00 0.0000000000000000e+00)	(0.0000000000000000e+00 0.0000000000000000e+00 0.0000000000000000e+00)
0.02                    	(0.0000000000000000e+00 0.0000000000000000e+00 0.0000000000000000e+00)	(0.0000000000000000e+00 0.0000000000000000e+00 0.0000000000000000e+00)	(0.0000000000000000e+00 0.0000000000000000e+00 0.0000000000000000e+00)
0.0202564               	(0.0000000000000000e+00 0.0000000000000000e+00 0.0000000000000000e+00)	(0.0000000000000000e+00 0.0000000000000000e+00 0.0000000000000000e+00)	(0.0000000000000000e+00 0.0000000000000000e+00 0.0000000000000000e+00)
0.0205128               	(0.0000000000000000e+00 0.0000000000000000e+00 0.0000000000000000e+00)	(0.0000000000000000e+00 0.0000000000000000e+00 0.0000000000000000e+00)	(0.0000000000000000e+00 0.0000000000000000e+00 0.0000000000000000e+00)
0.0207692               	(0.0000000000000000e+00 0.0000000000000000e+00 0.0000000000000000e+00)	(0.0000000000000000e+00 0.0000000000000000e+00 0.0000000000000000e+00)	(0.0000000000000000e+00 0.0000000000000000e+00 0.0000000000000000e+00)
0.0210256               	(0.0000000000000000e+00 0.0000000000000000e+00 0.0000000000000000e+00)	(0.0000000000000000e+00 0.0000000000000000e+00 0.0000000000000000e+00)	(0.0000000000000000e+00 0.0000000000000000e+00 0.0000000000000000e+00)
0.0212821               	(0.0000000000000000e+00 0.0000000000000000e+00 0.0000000000000000e+00)	(0.0000000000000000e+00 0.0000000000000000e+00 0.0000000000000000e+00)	(0.0000000000000000e+00 0.0000000000000000e+00 0.0000000000000000e+00)
0.0215385               	(0.0000000000000000e+00 0.0000000000000000e+00 0.0000000000000000e+00)	(0.0000000000000000e+00 0.0000000000000000e+00 0.0000000000000000e+00)	(0.0000000000000000e+00 0.0000000000000000e+00 0.0000000000000000e+00)
0.0217949               	(0.0000000000000000e+00 0.0000000000000000e+00 0.0000000000000000e+00)	(0.0000000000000000e+00 0.0000000000000000e+00 0.0000000000000000e+00)	(0.0000000000000000e+00 0.0000000000000000e+00 0.0000000000000000e+00)
0.0220513               	(0.0000000000000000e+00 0.0000000000000000e+00 0.0000000000000000e+00)	(0.0000000000000000e+00 0.0000000000000000e+00 0.0000000000000000e+00)	(0.0000000000000000e+00 0.0000000000000000e+00 0.0000000000000000e+00)
0.0223077               	(0.0000000000000000e+00 0.0000000000000000e+00 0.0000000000000000e+00)	(0.0000000000000000e+00 0.0000000000000000e+00 0.0000000000000000e+00)	(0.0000000000000000e+00 0.0000000000000000e+00 0.0000000000000000e+00)
0.0225641               	(0.0000000000000000e+00 0.0000000000000000e+00 0.0000000000000000e+00)	(0.0000000000000000e+00 0.0000000000000000e+00 0.0000000000000000e+00)	(0.0000000000000000e+00 0.0000000000000000e+00 0.0000000000000000e+00)
0.0228205               	(0.0000000000000000e+00 0.0000000000000000e+00 0.0000000000000000e+00)	(0.0000000000000000e+00 0.0000000000000000e+00 0.0000000000000000e+00)	(0.0000000000000000e+00 0.0000000000000000e+00 0.0000000000000000e+00)
0.0230769               	(0.0000000000000000e+00 0.0000000000000000e+00 0.0000000000000000e+00)	(0.0000000000000000e+00 0.0000000000000000e+00 0.0000000000000000e+00)	(0.0000000000000000e+00 0.0000000000000000e+00 0.0000000000000000e+00)
0.0233333               	(0.0000000000000000e+00 0.0000000000000000e+00 0.0000000000000000e+00)	(0.0000000000000000e+00 0.0000000000000000e+00 0.0000000000000000e+00)	(0.0000000000000000e+00 0.0000000000000000e+00 0.0000000000000000e+00)
0.0235897               	(0.0000000000000000e+00 0.0000000000000000e+00 0.0000000000000000e+00)	(0.0000000000000000e+00 0.0000000000000000e+00 0.0000000000000000e+00)	(0.0000000000000000e+00 0.0000000000000000e+00 0.0000000000000000e+00)
0.0238462               	(0.0000000000000000e+00 0.0000000000000000e+00 0.0000000000000000e+00)	(0.0000000000000000e+00 0.0000000000000000e+00 0.0000000000000000e+00)	(0.0000000000000000e+00 0.0000000000000000e+00 0.0000000000000000e+00)
0.0241026               	(0.0000000000000000e+00 0.0000000000000000e+00 0.0000000000000000e+00)	(0.0000000000000000e+00 0.0000000000000000e+00 0.0000000000000000e+00)	(0.0000000000000000e+00 0.0000000000000000e+00 0.0000000000000000e+00)
0.024359                	(0.0000000000000000e+00 0.0000000000000000e+00 0.0000000000000000e+00)	(0.0000000000000000e+00 0.0000000000000000e+00 0.0000000000000000e+00)	(0.0000000000000000e+00 0.0000000000000000e+00 0.0000000000000000e+00)
0.0246154               	(0.0000000000000000e+00 0.0000000000000000e+00 0.0000000000000000e+00)	(0.0000000000000000e+00 0.0000000000000000e+00 0.0000000000000000e+00)	(0.0000000000000000e+00 0.0000000000000000e+00 0.0000000000000000e+00)
0.0248718               	(0.0000000000000000e+00 0.0000000000000000e+00 0.0000000000000000e+00)	(0.0000000000000000e+00 0.0000000000000000e+00 0.0000000000000000e+00)	(0.0000000000000000e+00 0.0000000000000000e+00 0.0000000000000000e+00)
0.0251282               	(0.0000000000000000e+00 0.0000000000000000e+00 0.0000000000000000e+00)	(0.0000000000000000e+00 0.0000000000000000e+00 0.0000000000000000e+00)	(0.0000000000000000e+00 0.0000000000000000e+00 0.0000000000000000e+00)
0.0253846               	(0.0000000000000000e+00 0.0000000000000000e+00 0.0000000000000000e+00)	(0.0000000000000000e+00 0.0000000000000000e+00 0.0000000000000000e+00)	(0.0000000000000000e+00 0.0000000000000000e+00 0.0000000000000000e+00)
0.025641                	(0.0000000000000000e+00 0.0000000000000000e+00 0.0000000000000000e+00)	(0.0000000000000000e+00 0.0000000000000000e+00 0.0000000000000000e+00)	(0.0000000000000000e+00 0.0000000000000000e+00 0.0000000000000000e+00)
0.0258974               	(0.0000000000000000e+00 0.0000000000000000e+00 0.0000000000000000e+00)	(0.0000000000000000e+00 0.0000000000000000e+00 0.0000000000000000e+00)	(0.0000000000000000e+00 0.0000000000000000e+00 0.0000000000000000e+00)
0.0261538               	(0.0000000000000000e+00 0.0000000000000000e+00 0.0000000000000000e+00)	(0.0000000000000000e+00 0.0000000000000000e+00 0.0000000000000000e+00)	(0.0000000000000000e+00 0.0000000000000000e+00 0.0000000000000000e+00)
0.0264103               	(0.0000000000000000e+00 0.0000000000000000e+00 0.0000000000000000e+00)	(0.0000000000000000e+00 0.0000000000000000e+00 0.0000000000000000e+00)	(0.0000000000000000e+00 0.0000000000000000e+00 0.0000000000000000e+00)
0.0266667               	(0.0000000000000000e+00 0.0000000000000000e+00 0.0000000000000000e+00)	(0.0000000000000000e+00 0.0000000000000000e+00 0.0000000000000000e+00)	(0.0000000000000000e+00 0.0000000000000000e+00 0.0000000000000000e+00)
0.0269231               	(0.0000000000000000e+00 0.0000000000000000e+00 0.0000000000000000e+00)	(0.0000000000000000e+00 0.0000000000000000e+00 0.0000000000000000e+00)	(0.0000000000000000e+00 0.0000000000000000e+00 0.0000000000000000e+00)
0.0271795               	(0.0000000000000000e+00 0.0000000000000000e+00 0.0000000000000000e+00)	(0.0000000000000000e+00 0.0000000000000000e+00 0.0000000000000000e+00)	(0.0000000000000000e+00 0.0000000000000000e+00 0.0000000000000000e+00)
0.0274359               	(0.0000000000000000e+00 0.0000000000000000e+00 0.0000000000000000e+00)	(0.0000000000000000e+00 0.0000000000000000e+00 0.0000000000000000e+00)	(0.0000000000000000e+00 0.0000000000000000e+00 0.0000000000000000e+00)
0.0276923               	(0.0000000000000000e+00 0.0000000000000000e+00 0.0000000000000000e+00)	(0.0000000000000000e+00 0.0000000000000000e+00 0.0000000000000000e+00)	(0.0000000000000000e+00 0.0000000000000000e+00 0.0000000000000000e+00)
0.0279487               	(0.0000000000000000e+00 0.0000000000000000e+00 0.0000000000000000e+00)	(0.0000000000000000e+00 0.0000000000000000e+00 0.0000000000000000e+00)	(0.0000000000000000e+00 0.0000000000000000e+00 0.0000000000000000e+00)
0.0282051               	(0.0000000000000000e+00 0.0000000000000000e+00 0.0000000000000000e+00)	(0.0000000000000000e+00 0.0000000000000000e+00 0.0000000000000000e+00)	(0.0000000000000000e+00 0.0000000000000000e+00 0.0000000000000000e+00)
0.0284615               	(0.0000000000000000e+00 0.0000000000000000e+00 0.0000000000000000e+00)	(0.0000000000000000e+00 0.0000000000000000e+00 0.0000000000000000e+00)	(0.0000000000000000e+00 0.0000000000000000e+00 0.0000000000000000e+00)
0.0287179               	(0.0000000000000000e+00 0.0000000000000000e+00 0.0000000000000000e+00)	(0.0000000000000000e+00 0.0000000000000000e+00 0.0000000000000000e+00)	(0.0000000000000000e+00 0.0000000000000000e+00 0.0000000000000000e+00)
0.0289744               	(0.0000000000000000e+00 0.0000000000000000e+00 0.0000000000000000e+00)	(0.0000000000000000e+00 0.0000000000000000e+00 0.0000000000000000e+00)	(0.0000000000000000e+00 0.0000000000000000e+00 0.0000000000000000e+00)
0.0292308               	(0.0000000000000000e+00 0.0000000000000000e+00 0.0000000000000000e+00)	(0.0000000000000000e+00 0.0000000000000000e+00 0.0000000000000000e+00)	(0.0000000000000000e+00 0.0000000000000000e+00 0.0000000000000000e+00)
0.0294872               	(0.0000000000000000e+00 0.0000000000000000e+00 0.0000000000000000e+00)	(0.0000000000000000e+00 0.0000000000000000e+00 0.0000000000000000e+00)	(0.0000000000000000e+00 0.0000000000000000e+00 0.0000000000000000e+00)
0.0297436               	(0.0000000000000000e+00 0.0000000000000000e+00 0.0000000000000000e+00)	(0.0000000000000000e+00 0.0000000000000000e+00 0.0000000000000000e+00)	(0.0000000000000000e+00 0.0000000000000000e+00 0.0000000000000000e+00)
0.03                    	(0.0000000000000000e+00 0.0000000000000000e+00 0.0000000000000000e+00)	(0.0000000000000000e+00 0.0000000000000000e+00 0.0000000000000000e+00)	(0.0000000000000000e+00 0.0000000000000000e+00 0.0000000000000000e+00)
0.0302564               	(0.0000000000000000e+00 0.0000000000000000e+00 0.0000000000000000e+00)	(0.0000000000000000e+00 0.0000000000000000e+00 0.0000000000000000e+00)	(0.0000000000000000e+00 0.0000000000000000e+00 0.0000000000000000e+00)
0.0305128               	(0.0000000000000000e+00 0.0000000000000000e+00 0.0000000000000000e+00)	(0.0000000000000000e+00 0.0000000000000000e+00 0.0000000000000000e+00)	(0.0000000000000000e+00 0.0000000000000000e+00 0.0000000000000000e+00)
0.0307692               	(0.0000000000000000e+00 0.0000000000000000e+00 0.0000000000000000e+00)	(0.0000000000000000e+00 0.0000000000000000e+00 0.0000000000000000e+00)	(0.0000000000000000e+00 0.0000000000000000e+00 0.0000000000000000e+00)
0.0310256               	(0.0000000000000000e+00 0.0000000000000000e+00 0.0000000000000000e+00)	(0.0000000000000000e+00 0.0000000000000000e+00 0.0000000000000000e+00)	(0.0000000000000000e+00 0.0000000000000000e+00 0.0000000000000000e+00)
0.0312821               	(0.0000000000000000e+00 0.0000000000000000e+00 0.0000000000000000e+00)	(0.0000000000000000e+00 0.0000000000000000e+00 0.0000000000000000e+00)	(0.0000000000000000e+00 0.0000000000000000e+00 0.0000000000000000e+00)
0.0315385               	(0.0000000000000000e+00 0.0000000000000000e+00 0.0000000000000000e+00)	(0.0000000000000000e+00 0.0000000000000000e+00 0.0000000000000000e+00)	(0.0000000000000000e+00 0.0000000000000000e+00 0.0000000000000000e+00)
0.0317949               	(0.0000000000000000e+00 0.0000000000000000e+00 0.0000000000000000e+00)	(0.0000000000000000e+00 0.0000000000000000e+00 0.0000000000000000e+00)	(0.0000000000000000e+00 0.0000000000000000e+00 0.0000000000000000e+00)
0.0320513               	(0.0000000000000000e+00 0.0000000000000000e+00 0.0000000000000000e+00)	(0.0000000000000000e+00 0.0000000000000000e+00 0.0000000000000000e+00)	(0.0000000000000000e+00 0.0000000000000000e+00 0.0000000000000000e+00)
0.0323077               	(0.0000000000000000e+00 0.0000000000000000e+00 0.0000000000000000e+00)	(0.0000000000000000e+00 0.0000000000000000e+00 0.0000000000000000e+00)	(0.0000000000000000e+00 0.0000000000000000e+00 0.0000000000000000e+00)
0.0325641               	(0.0000000000000000e+00 0.0000000000000000e+00 0.0000000000000000e+00)	(0.0000000000000000e+00 0.0000000000000000e+00 0.0000000000000000e+00)	(0.0000000000000000e+00 0.0000000000000000e+00 0.0000000000000000e+00)
0.0328205               	(0.0000000000000000e+00 0.0000000000000000e+00 0.0000000000000000e+00)	(0.0000000000000000e+00 0.0000000000000000e+00 0.0000000000000000e+00)	(0.0000000000000000e+00 0.0000000000000000e+00 0.0000000000000000e+00)
0.0330769               	(0.0000000000000000e+00 0.0000000000000000e+00 0.0000000000000000e+00)	(0.0000000000000000e+00 0.0000000000000000e+00 0.0000000000000000e+00)	(0.0000000000000000e+00 0.0000000000000000e+00 0.0000000000000000e+00)
0.0333333               	(0.0000000000000000e+00 0.0000000000000000e+00 0.0000000000000000e+00)	(0.0000000000000000e+00 0.0000000000000000e+00 0.0000000000000000e+00)	(0.0000000000000000e+00 0.0000000000000000e+00 0.0000000000000000e+00)
0.0335897               	(0.0000000000000000e+00 0.0000000000000000e+00 0.0000000000000000e+00)	(0.0000000000000000e+00 0.0000000000000000e+00 0.0000000000000000e+00)	(0.0000000000000000e+00 0.0000000000000000e+00 0.0000000000000000e+00)
0.0338462               	(0.0000000000000000e+00 0.0000000000000000e+00 0.0000000000000000e+00)	(0.0000000000000000e+00 0.0000000000000000e+00 0.0000000000000000e+00)	(0.0000000000000000e+00 0.0000000000000000e+00 0.0000000000000000e+00)
0.0341026               	(0.0000000000000000e+00 0.0000000000000000e+00 0.0000000000000000e+00)	(0.0000000000000000e+00 0.0000000000000000e+00 0.0000000000000000e+00)	(0.0000000000000000e+00 0.0000000000000000e+00 0.0000000000000000e+00)
0.034359                	(0.0000000000000000e+00 0.0000000000000000e+00 0.0000000000000000e+00)	(0.0000000000000000e+00 0.0000000000000000e+00 0.0000000000000000e+00)	(0.0000000000000000e+00 0.0000000000000000e+00 0.0000000000000000e+00)
0.0346154               	(0.0000000000000000e+00 0.0000000000000000e+00 0.0000000000000000e+00)	(0.0000000000000000e+00 0.0000000000000000e+00 0.0000000000000000e+00)	(0.0000000000000000e+00 0.0000000000000000e+00 0.0000000000000000e+00)
0.0348718               	(0.0000000000000000e+00 0.0000000000000000e+00 0.0000000000000000e+00)	(0.0000000000000000e+00 0.0000000000000000e+00 0.0000000000000000e+00)	(0.0000000000000000e+00 0.0000000000000000e+00 0.0000000000000000e+00)
0.0351282               	(0.0000000000000000e+00 0.0000000000000000e+00 0.0000000000000000e+00)	(0.0000000000000000e+00 0.0000000000000000e+00 0.0000000000000000e+00)	(0.0000000000000000e+00 0.0000000000000000e+00 0.0000000000000000e+00)
0.0353846               	(0.0000000000000000e+00 0.0000000000000000e+00 0.0000000000000000e+00)	(0.0000000000000000e+00 0.0000000000000000e+00 0.0000000000000000e+00)	(0.0000000000000000e+00 0.0000000000000000e+00 0.0000000000000000e+00)
0.035641                	(0.0000000000000000e+00 0.0000000000000000e+00 0.0000000000000000e+00)	(0.0000000000000000e+00 0.0000000000000000e+00 0.0000000000000000e+00)	(0.0000000000000000e+00 0.0000000000000000e+00 0.0000000000000000e+00)
0.0358974               	(0.0000000000000000e+00 0.0000000000000000e+00 0.0000000000000000e+00)	(0.0000000000000000e+00 0.0000000000000000e+00 0.0000000000000000e+00)	(0.0000000000000000e+00 0.0000000000000000e+00 0.0000000000000000e+00)
0.0361538               	(0.0000000000000000e+00 0.0000000000000000e+00 0.0000000000000000e+00)	(0.0000000000000000e+00 0.0000000000000000e+00 0.0000000000000000e+00)	(0.0000000000000000e+00 0.0000000000000000e+00 0.0000000000000000e+00)
0.0364103               	(0.0000000000000000e+00 0.0000000000000000e+00 0.0000000000000000e+00)	(0.0000000000000000e+00 0.0000000000000000e+00 0.0000000000000000e+00)	(0.0000000000000000e+00 0.0000000000000000e+00 0.0000000000000000e+00)
0.0366667               	(0.0000000000000000e+00 0.0000000000000000e+00 0.0000000000000000e+00)	(0.0000000000000000e+00 0.0000000000000000e+00 0.0000000000000000e+00)	(0.0000000000000000e+00 0.0000000000000000e+00 0.0000000000000000e+00)
0.0369231               	(0.0000000000000000e+00 0.0000000000000000e+00 0.0000000000000000e+00)	(0.0000000000000000e+00 0.0000000000000000e+00 0.0000000000000000e+00)	(0.0000000000000000e+00 0.0000000000000000e+00 0.0000000000000000e+00)
0.0371795               	(0.0000000000000000e+00 0.0000000000000000e+00 0.0000000000000000e+00)	(0.0000000000000000e+00 0.0000000000000000e+00 0.0000000000000000e+00)	(0.0000000000000000e+00 0.0000000000000000e+00 0.0000000000000000e+00)
0.0374359               	(0.0000000000000000e+00 0.0000000000000000e+00 0.0000000000000000e+00)	(0.0000000000000000e+00 0.0000000000000000e+00 0.0000000000000000e+00)	(0.0000000000000000e+00 0.0000000000000000e+00 0.0000000000000000e+00)
0.0376923               	(0.0000000000000000e+00 0.0000000000000000e+00 0.0000000000000000e+00)	(0.0000000000000000e+00 0.0000000000000000e+00 0.0000000000000000e+00)	(0.0000000000000000e+00 0.0000000000000000e+00 0.0000000000000000e+00)
0.0379487               	(0.0000000000000000e+00 0.0000000000000000e+00 0.0000000000000000e+00)	(0.0000000000000000e+00 0.0000000000000000e+00 0.0000000000000000e+00)	(0.0000000000000000e+00 0.0000000000000000e+00 0.0000000000000000e+00)
0.0382051               	(0.0000000000000000e+00 0.0000000000000000e+00 0.0000000000000000e+00)	(0.0000000000000000e+00 0.0000000000000000e+00 0.0000000000000000e+00)	(0.0000000000000000e+00 0.0000000000000000e+00 0.0000000000000000e+00)
0.0384615               	(0.0000000000000000e+00 0.0000000000000000e+00 0.0000000000000000e+00)	(0.0000000000000000e+00 0.0000000000000000e+00 0.0000000000000000e+00)	(0.0000000000000000e+00 0.0000000000000000e+00 0.0000000000000000e+00)
0.0387179               	(0.0000000000000000e+00 0.0000000000000000e+00 0.0000000000000000e+00)	(0.0000000000000000e+00 0.0000000000000000e+00 0.0000000000000000e+00)	(0.0000000000000000e+00 0.0000000000000000e+00 0.0000000000000000e+00)
0.0389744               	(0.0000000000000000e+00 0.0000000000000000e+00 0.0000000000000000e+00)	(0.0000000000000000e+00 0.0000000000000000e+00 0.0000000000000000e+00)	(0.0000000000000000e+00 0.0000000000000000e+00 0.0000000000000000e+00)
0.0392308               	(0.0000000000000000e+00 0.0000000000000000e+00 0.0000000000000000e+00)	(0.0000000000000000e+00 0.0000000000000000e+00 0.0000000000000000e+00)	(0.0000000000000000e+00 0.0000000000000000e+00 0.0000000000000000e+00)
0.0394872               	(0.0000000000000000e+00 0.0000000000000000e+00 0.0000000000000000e+00)	(0.0000000000000000e+00 0.0000000000000000e+00 0.0000000000000000e+00)	(0.0000000000000000e+00 0.0000000000000000e+00 0.0000000000000000e+00)
0.0397436               	(0.0000000000000000e+00 0.0000000000000000e+00 0.0000000000000000e+00)	(0.0000000000000000e+00 0.0000000000000000e+00 0.0000000000000000e+00)	(0.0000000000000000e+00 0.0000000000000000e+00 0.0000000000000000e+00)
0.04                    	(0.0000000000000000e+00 0.0000000000000000e+00 0.0000000000000000e+00)	(0.0000000000000000e+00 0.0000000000000000e+00 0.0000000000000000e+00)	(0.0000000000000000e+00 0.0000000000000000e+00 0.0000000000000000e+00)
0.0402564               	(0.0000000000000000e+00 0.0000000000000000e+00 0.0000000000000000e+00)	(0.0000000000000000e+00 0.0000000000000000e+00 0.0000000000000000e+00)	(0.0000000000000000e+00 0.0000000000000000e+00 0.0000000000000000e+00)
0.0405128               	(0.0000000000000000e+00 0.0000000000000000e+00 0.0000000000000000e+00)	(0.0000000000000000e+00 0.0000000000000000e+00 0.0000000000000000e+00)	(0.0000000000000000e+00 0.0000000000000000e+00 0.0000000000000000e+00)
0.0407692               	(0.0000000000000000e+00 0.0000000000000000e+00 0.0000000000000000e+00)	(0.0000000000000000e+00 0.0000000000000000e+00 0.0000000000000000e+00)	(0.0000000000000000e+00 0.0000000000000000e+00 0.0000000000000000e+00)
0.0410256               	(0.0000000000000000e+00 0.0000000000000000e+00 0.0000000000000000e+00)	(0.0000000000000000e+00 0.0000000000000000e+00 0.0000000000000000e+00)	(0.0000000000000000e+00 0.0000000000000000e+00 0.0000000000000000e+00)
0.0412821               	(0.0000000000000000e+00 0.0000000000000000e+00 0.0000000000000000e+00)	(0.0000000000000000e+00 0.0000000000000000e+00 0.0000000000000000e+00)	(0.0000000000000000e+00 0.0000000000000000e+00 0.0000000000000000e+00)
0.0415385               	(0.0000000000000000e+00 0.0000000000000000e+00 0.0000000000000000e+00)	(0.0000000000000000e+00 0.0000000000000000e+00 0.0000000000000000e+00)	(0.0000000000000000e+00 0.0000000000000000e+00 0.0000000000000000e+00)
0.0417949               	(0.0000000000000000e+00 0.0000000000000000e+00 0.0000000000000000e+00)	(0.0000000000000000e+00 0.0000000000000000e+00 0.0000000000000000e+00)	(0.0000000000000000e+00 0.0000000000000000e+00 0.0000000000000000e+00)
0.0420513               	(0.0000000000000000e+00 0.0000000000000000e+00 0.0000000000000000e+00)	(0.0000000000000000e+00 0.0000000000000000e+00 0.0000000000000000e+00)	(0.0000000000000000e+00 0.0000000000000000e+00 0.0000000000000000e+00)
0.0423077               	(0.0000000000000000e+00 0.0000000000000000e+00 0.0000000000000000e+00)	(0.0000000000000000e+00 0.0000000000000000e+00 0.0000000000000000e+00)	(0.0000000000000000e+00 0.0000000000000000e+00 0.0000000000000000e+00)
0.0425641               	(0.0000000000000000e+00 0.0000000000000000e+00 0.0000000000000000e+00)	(0.0000000000000000e+00 0.0000000000000000e+00 0.0000000000000000e+00)	(0.0000000000000000e+00 0.0000000000000000e+00 0.0000000000000000e+00)
0.0428205               	(0.0000000000000000e+00 0.0000000000000000e+00 0.0000000000000000e+00)	(0.0000000000000000e+00 0.0000000000000000e+00 0.0000000000000000e+00)	(0.0000000000000000e+00 0.0000000000000000e+00 0.0000000000000000e+00)
0.0430769               	(0.0000000000000000e+00 0.0000000000000000e+00 0.0000000000000000e+00)	(0.0000000000000000e+00 0.0000000000000000e+00 0.0000000000000000e+00)	(0.0000000000000000e+00 0.0000000000000000e+00 0.0000000000000000e+00)
0.0433333               	(0.0000000000000000e+00 0.0000000000000000e+00 0.0000000000000000e+00)	(0.0000000000000000e+00 0.0000000000000000e+00 0.0000000000000000e+00)	(0.0000000000000000e+00 0.0000000000000000e+00 0.0000000000000000e+00)
0.0435897               	(0.0000000000000000e+00 0.0000000000000000e+00 0.0000000000000000e+00)	(0.0000000000000000e+00 0.0000000000000000e+00 0.0000000000000000e+00)	(0.0000000000000000e+00 0.0000000000000000e+00 0.0000000000000000e+00)
0.0438462               	(0.0000000000000000e+00 0.0000000000000000e+00 0.0000000000000000e+00)	(0.0000000000000000e+00 0.0000000000000000e+00 0.0000000000000000e+00)	(0.0000000000000000e+00 0.0000000000000000e+00 0.0000000000000000e+00)
0.0441026               	(0.0000000000000000e+00 0.0000000000000000e+00 0.0000000000000000e+00)	(0.0000000000000000e+00 0.0000000000000000e+00 0.0000000000000000e+00)	(0.0000000000000000e+00 0.0000000000000000e+00 0.0000000000000000e+00)
0.044359                	(0.0000000000000000e+00 0.0000000000000000e+00 0.0000000000000000e+00)	(0.0000000000000000e+00 0.0000000000000000e+00 0.0000000000000000e+00)	(0.0000000000000000e+00 0.0000000000000000e+00 0.0000000000000000e+00)
0.0446154               	(0.0000000000000000e+00 0.0000000000000000e+00 0.0000000000000000e+00)	(0.0000000000000000e+00 0.0000000000000000e+00 0.0000000000000000e+00)	(0.0000000000000000e+00 0.0000000000000000e+00 0.0000000000000000e+00)
0.0448718               	(0.0000000000000000e+00 0.0000000000000000e+00 0.0000000000000000e+00)	(0.0000000000000000e+00 0.0000000000000000e+00 0.0000000000000000e+00)	(0.0000000000000000e+00 0.0000000000000000e+00 0.0000000000000000e+00)
0.0451282               	(0.0000000000000000e+00 0.0000000000000000e+00 0.0000000000000000e+00)	(0.0000000000000000e+00 0.0000000000000000e+00 0.0000000000000000e+00)	(0.0000000000000000e+00 0.0000000000000000e+00 0.0000000000000000e+00)
0.0453846               	(0.0000000000000000e+00 0.0000000000000000e+00 0.0000000000000000e+00)	(0.0000000000000000e+00 0.0000000000000000e+00 0.0000000000000000e+00)	(0.0000000000000000e+00 0.0000000000000000e+00 0.0000000000000000e+00)
0.045641                	(0.0000000000000000e+00 0.0000000000000000e+00 0.0000000000000000e+00)	(0.0000000000000000e+00 0.0000000000000000e+00 0.0000000000000000e+00)	(0.0000000000000000e+00 0.0000000000000000e+00 0.0000000000000000e+00)
0.0458974               	(0.0000000000000000e+00 0.0000000000000000e+00 0.0000000000000000e+00)	(0.0000000000000000e+00 0.0000000000000000e+00 0.0000000000000000e+00)	(0.0000000000000000e+00 0.0000000000000000e+00 0.0000000000000000e+00)
0.0461538               	(0.0000000000000000e+00 0.0000000000000000e+00 0.0000000000000000e+00)	(0.0000000000000000e+00 0.0000000000000000e+00 0.0000000000000000e+00)	(0.0000000000000000e+00 0.0000000000000000e+00 0.0000000000000000e+00)
0.0464103               	(0.0000000000000000e+00 0.0000000000000000e+00 0.0000000000000000e+00)	(0.0000000000000000e+00 0.0000000000000000e+00 0.0000000000000000e+00)	(0.0000000000000000e+00 0.0000000000000000e+00 0.0000000000000000e+00)
0.0466667               	(0.0000000000000000e+00 0.0000000000000000e+00 0.0000000000000000e+00)	(0.0000000000000000e+00 0.0000000000000000e+00 0.0000000000000000e+00)	(0.0000000000000000e+00 0.0000000000000000e+00 0.0000000000000000e+00)
0.0469231               	(0.0000000000000000e+00 0.0000000000000000e+00 0.0000000000000000e+00)	(0.0000000000000000e+00 0.0000000000000000e+00 0.0000000000000000e+00)	(0.0000000000000000e+00 0.0000000000000000e+00 0.0000000000000000e+00)
0.0471795               	(0.0000000000000000e+00 0.0000000000000000e+00 0.0000000000000000e+00)	(0.0000000000000000e+00 0.0000000000000000e+00 0.0000000000000000e+00)	(0.0000000000000000e+00 0.0000000000000000e+00 0.0000000000000000e+00)
0.0474359               	(0.0000000000000000e+00 0.0000000000000000e+00 0.0000000000000000e+00)	(0.0000000000000000e+00 0.0000000000000000e+00 0.0000000000000000e+00)	(0.0000000000000000e+00 0.0000000000000000e+00 0.0000000000000000e+00)
0.0476923               	(0.0000000000000000e+00 0.0000000000000000e+00 0.0000000000000000e+00)	(0.0000000000000000e+00 0.0000000000000000e+00 0.0000000000000000e+00)	(0.0000000000000000e+00 0.0000000000000000e+00 0.0000000000000000e+00)
0.0479487               	(0.0000000000000000e+00 0.0000000000000000e+00 0.0000000000000000e+00)	(0.0000000000000000e+00 0.0000000000000000e+00 0.0000000000000000e+00)	(0.0000000000000000e+00 0.0000000000000000e+00 0.0000000000000000e+00)
0.0482051               	(0.0000000000000000e+00 0.0000000000000000e+00 0.0000000000000000e+00)	(0.0000000000000000e+00 0.0000000000000000e+00 0.0000000000000000e+00)	(0.0000000000000000e+00 0.0000000000000000e+00 0.0000000000000000e+00)
0.0484615               	(0.0000000000000000e+00 0.0000000000000000e+00 0.0000000000000000e+00)	(0.0000000000000000e+00 0.0000000000000000e+00 0.0000000000000000e+00)	(0.0000000000000000e+00 0.0000000000000000e+00 0.0000000000000000e+00)
0.0487179               	(0.0000000000000000e+00 0.0000000000000000e+00 0.0000000000000000e+00)	(0.0000000000000000e+00 0.0000000000000000e+00 0.0000000000000000e+00)	(0.0000000000000000e+00 0.0000000000000000e+00 0.0000000000000000e+00)
0.0489744               	(0.0000000000000000e+00 0.0000000000000000e+00 0.0000000000000000e+00)	(0.0000000000000000e+00 0.0000000000000000e+00 0.0000000000000000e+00)	(0.0000000000000000e+00 0.0000000000000000e+00 0.0000000000000000e+00)
0.0492308               	(0.0000000000000000e+00 0.0000000000000000e+00 0.0000000000000000e+00)	(0.0000000000000000e+00 0.0000000000000000e+00 0.0000000000000000e+00)	(0.0000000000000000e+00 0.0000000000000000e+00 0.0000000000000000e+00)
0.0494872               	(0.0000000000000000e+00 0.0000000000000000e+00 0.0000000000000000e+00)	(0.0000000000000000e+00 0.0000000000000000e+00 0.0000000000000000e+00)	(0.0000000000000000e+00 0.0000000000000000e+00 0.0000000000000000e+00)
0.0497436               	(0.0000000000000000e+00 0.0000000000000000e+00 0.0000000000000000e+00)	(0.0000000000000000e+00 0.0000000000000000e+00 0.0000000000000000e+00)	(0.0000000000000000e+00 0.0000000000000000e+00 0.0000000000000000e+00)
0.05                    	(0.0000000000000000e+00 0.0000000000000000e+00 0.0000000000000000e+00)	(0.0000000000000000e+00 0.0000000000000000e+00 0.0000000000000000e+00)	(0.0000000000000000e+00 0.0000000000000000e+00 0.0000000000000000e+00)
0.0502564               	(0.0000000000000000e+00 0.0000000000000000e+00 0.0000000000000000e+00)	(0.0000000000000000e+00 0.0000000000000000e+00 0.0000000000000000e+00)	(0.0000000000000000e+00 0.0000000000000000e+00 0.0000000000000000e+00)
0.0505128               	(0.0000000000000000e+00 0.0000000000000000e+00 0.0000000000000000e+00)	(0.0000000000000000e+00 0.0000000000000000e+00 0.0000000000000000e+00)	(0.0000000000000000e+00 0.0000000000000000e+00 0.0000000000000000e+00)
0.0507692               	(0.0000000000000000e+00 0.0000000000000000e+00 0.0000000000000000e+00)	(0.0000000000000000e+00 0.0000000000000000e+00 0.0000000000000000e+00)	(0.0000000000000000e+00 0.0000000000000000e+00 0.0000000000000000e+00)
0.0510256               	(0.0000000000000000e+00 0.0000000000000000e+00 0.0000000000000000e+00)	(0.0000000000000000e+00 0.0000000000000000e+00 0.0000000000000000e+00)	(0.0000000000000000e+00 0.0000000000000000e+00 0.0000000000000000e+00)
0.0512821               	(0.0000000000000000e+00 0.0000000000000000e+00 0.0000000000000000e+00)	(0.0000000000000000e+00 0.0000000000000000e+00 0.0000000000000000e+00)	(0.0000000000000000e+00 0.0000000000000000e+00 0.0000000000000000e+00)
0.0515385               	(0.0000000000000000e+00 0.0000000000000000e+00 0.0000000000000000e+00)	(0.0000000000000000e+00 0.0000000000000000e+00 0.0000000000000000e+00)	(0.0000000000000000e+00 0.0000000000000000e+00 0.0000000000000000e+00)
0.0517949               	(0.0000000000000000e+00 0.0000000000000000e+00 0.0000000000000000e+00)	(0.0000000000000000e+00 0.0000000000000000e+00 0.0000000000000000e+00)	(0.0000000000000000e+00 0.0000000000000000e+00 0.0000000000000000e+00)
0.0520513               	(0.0000000000000000e+00 0.0000000000000000e+00 0.0000000000000000e+00)	(0.0000000000000000e+00 0.0000000000000000e+00 0.0000000000000000e+00)	(0.0000000000000000e+00 0.0000000000000000e+00 0.0000000000000000e+00)
0.0523077               	(0.0000000000000000e+00 0.0000000000000000e+00 0.0000000000000000e+00)	(0.0000000000000000e+00 0.0000000000000000e+00 0.0000000000000000e+00)	(0.0000000000000000e+00 0.0000000000000000e+00 0.0000000000000000e+00)
0.0525641               	(0.0000000000000000e+00 0.0000000000000000e+00 0.0000000000000000e+00)	(0.0000000000000000e+00 0.0000000000000000e+00 0.0000000000000000e+00)	(0.0000000000000000e+00 0.0000000000000000e+00 0.0000000000000000e+00)
0.0528205               	(0.0000000000000000e+00 0.0000000000000000e+00 0.0000000000000000e+00)	(0.0000000000000000e+00 0.0000000000000000e+00 0.0000000000000000e+00)	(0.0000000000000000e+00 0.0000000000000000e+00 0.0000000000000000e+00)
0.0530769               	(0.0000000000000000e+00 0.0000000000000000e+00 0.0000000000000000e+00)	(0.0000000000000000e+00 0.0000000000000000e+00 0.0000000000000000e+00)	(0.0000000000000000e+00 0.0000000000000000e+00 0.0000000000000000e+00)
0.0533333               	(0.0000000000000000e+00 0.0000000000000000e+00 0.0000000000000000e+00)	(0.0000000000000000e+00 0.0000000000000000e+00 0.0000000000000000e+00)	(0.0000000000000000e+00 0.0000000000000000e+00 0.0000000000000000e+00)
0.0535897               	(0.0000000000000000e+00 0.0000000000000000e+00 0.0000000000000000e+00)	(0.0000000000000000e+00 0.0000000000000000e+00 0.0000000000000000e+00)	(0.0000000000000000e+00 0.0000000000000000e+00 0.0000000000000000e+00)
0.0538462               	(0.0000000000000000e+00 0.0000000000000000e+00 0.0000000000000000e+00)	(0.0000000000000000e+00 0.0000000000000000e+00 0.0000000000000000e+00)	(0.0000000000000000e+00 0.0000000000000000e+00 0.0000000000000000e+00)
0.0541026               	(0.0000000000000000e+00 0.0000000000000000e+00 0.0000000000000000e+00)	(0.0000000000000000e+00 0.0000000000000000e+00 0.0000000000000000e+00)	(0.0000000000000000e+00 0.0000000000000000e+00 0.0000000000000000e+00)
0.054359                	(0.0000000000000000e+00 0.0000000000000000e+00 0.0000000000000000e+00)	(0.0000000000000000e+00 0.0000000000000000e+00 0.0000000000000000e+00)	(0.0000000000000000e+00 0.0000000000000000e+00 0.0000000000000000e+00)
0.0546154               	(0.0000000000000000e+00 0.0000000000000000e+00 0.0000000000000000e+00)	(0.0000000000000000e+00 0.0000000000000000e+00 0.0000000000000000e+00)	(0.0000000000000000e+00 0.0000000000000000e+00 0.0000000000000000e+00)
0.0548718               	(0.0000000000000000e+00 0.0000000000000000e+00 0.0000000000000000e+00)	(0.0000000000000000e+00 0.0000000000000000e+00 0.0000000000000000e+00)	(0.0000000000000000e+00 0.0000000000000000e+00 0.0000000000000000e+00)
0.0551282               	(0.0000000000000000e+00 0.0000000000000000e+00 0.0000000000000000e+00)	(0.0000000000000000e+00 0.0000000000000000e+00 0.0000000000000000e+00)	(0.0000000000000000e+00 0.0000000000000000e+00 0.0000000000000000e+00)
0.0553846               	(0.0000000000000000e+00 0.0000000000000000e+00 0.0000000000000000e+00)	(0.0000000000000000e+00 0.0000000000000000e+00 0.0000000000000000e+00)	(0.0000000000000000e+00 0.0000000000000000e+00 0.0000000000000000e+00)
0.055641                	(0.0000000000000000e+00 0.0000000000000000e+00 0.0000000000000000e+00)	(0.0000000000000000e+00 0.0000000000000000e+00 0.0000000000000000e+00)	(0.0000000000000000e+00 0.0000000000000000e+00 0.0000000000000000e+00)
0.0558974               	(0.0000000000000000e+00 0.0000000000000000e+00 0.0000000000000000e+00)	(0.0000000000000000e+00 0.0000000000000000e+00 0.0000000000000000e+00)	(0.0000000000000000e+00 0.0000000000000000e+00 0.0000000000000000e+00)
0.0561538               	(0.0000000000000000e+00 0.0000000000000000e+00 0.0000000000000000e+00)	(0.0000000000000000e+00 0.0000000000000000e+00 0.0000000000000000e+00)	(0.0000000000000000e+00 0.0000000000000000e+00 0.0000000000000000e+00)
0.0564103               	(0.0000000000000000e+00 0.0000000000000000e+00 0.0000000000000000e+00)	(0.0000000000000000e+00 0.0000000000000000e+00 0.0000000000000000e+00)	(0.0000000000000000e+00 0.0000000000000000e+00 0.0000000000000000e+00)
0.0566667               	(0.0000000000000000e+00 0.0000000000000000e+00 0.0000000000000000e+00)	(0.0000000000000000e+00 0.0000000000000000e+00 0.0000000000000000e+00)	(0.0000000000000000e+00 0.0000000000000000e+00 0.0000000000000000e+00)
0.0569231               	(0.0000000000000000e+00 0.0000000000000000e+00 0.0000000000000000e+00)	(0.0000000000000000e+00 0.0000000000000000e+00 0.0000000000000000e+00)	(0.0000000000000000e+00 0.0000000000000000e+00 0.0000000000000000e+00)
0.0571795               	(0.0000000000000000e+00 0.0000000000000000e+00 0.0000000000000000e+00)	(0.0000000000000000e+00 0.0000000000000000e+00 0.0000000000000000e+00)	(0.0000000000000000e+00 0.0000000000000000e+00 0.0000000000000000e+00)
0.0574359               	(0.0000000000000000e+00 0.0000000000000000e+00 0.0000000000000000e+00)	(0.0000000000000000e+00 0.0000000000000000e+00 0.0000000000000000e+00)	(0.0000000000000000e+00 0.0000000000000000e+00 0.0000000000000000e+00)
0.0576923               	(0.0000000000000000e+00 0.0000000000000000e+00 0.0000000000000000e+00)	(0.0000000000000000e+00 0.0000000000000000e+00 0.0000000000000000e+00)	(0.0000000000000000e+00 0.0000000000000000e+00 0.0000000000000000e+00)
0.0579487               	(0.0000000000000000e+00 0.0000000000000000e+00 0.0000000000000000e+00)	(0.0000000000000000e+00 0.0000000000000000e+00 0.0000000000000000e+00)	(0.0000000000000000e+00 0.0000000000000000e+00 0.0000000000000000e+00)
0.0582051               	(0.0000000000000000e+00 0.0000000000000000e+00 0.0000000000000000e+00)	(0.0000000000000000e+00 0.0000000000000000e+00 0.0000000000000000e+00)	(0.0000000000000000e+00 0.0000000000000000e+00 0.0000000000000000e+00)
0.0584615               	(0.0000000000000000e+00 0.0000000000000000e+00 0.0000000000000000e+00)	(0.0000000000000000e+00 0.0000000000000000e+00 0.0000000000000000e+00)	(0.0000000000000000e+00 0.0000000000000000e+00 0.0000000000000000e+00)
0.0587179               	(0.0000000000000000e+00 0.0000000000000000e+00 0.0000000000000000e+00)	(0.0000000000000000e+00 0.0000000000000000e+00 0.0000000000000000e+00)	(0.0000000000000000e+00 0.0000000000000000e+00 0.0000000000000000e+00)
0.0589744               	(0.0000000000000000e+00 0.0000000000000000e+00 0.0000000000000000e+00)	(0.0000000000000000e+00 0.0000000000000000e+00 0.0000000000000000e+00)	(0.0000000000000000e+00 0.0000000000000000e+00 0.0000000000000000e+00)
0.0592308               	(0.0000000000000000e+00 0.0000000000000000e+00 0.0000000000000000e+00)	(0.0000000000000000e+00 0.0000000000000000e+00 0.0000000000000000e+00)	(0.0000000000000000e+00 0.0000000000000000e+00 0.0000000000000000e+00)
0.0594872               	(0.0000000000000000e+00 0.0000000000000000e+00 0.0000000000000000e+00)	(0.0000000000000000e+00 0.0000000000000000e+00 0.0000000000000000e+00)	(0.0000000000000000e+00 0.0000000000000000e+00 0.0000000000000000e+00)
0.0597436               	(0.0000000000000000e+00 0.0000000000000000e+00 0.0000000000000000e+00)	(0.0000000000000000e+00 0.0000000000000000e+00 0.0000000000000000e+00)	(0.0000000000000000e+00 0.0000000000000000e+00 0.0000000000000000e+00)
0.06                    	(0.0000000000000000e+00 0.0000000000000000e+00 0.0000000000000000e+00)	(0.0000000000000000e+00 0.0000000000000000e+00 0.0000000000000000e+00)	(0.0000000000000000e+00 0.0000000000000000e+00 0.0000000000000000e+00)
0.0602564               	(0.0000000000000000e+00 0.0000000000000000e+00 0.0000000000000000e+00)	(0.0000000000000000e+00 0.0000000000000000e+00 0.0000000000000000e+00)	(0.0000000000000000e+00 0.0000000000000000e+00 0.0000000000000000e+00)
0.0605128               	(0.0000000000000000e+00 0.0000000000000000e+00 0.0000000000000000e+00)	(0.0000000000000000e+00 0.0000000000000000e+00 0.0000000000000000e+00)	(0.0000000000000000e+00 0.0000000000000000e+00 0.0000000000000000e+00)
0.0607692               	(0.0000000000000000e+00 0.0000000000000000e+00 0.0000000000000000e+00)	(0.0000000000000000e+00 0.0000000000000000e+00 0.0000000000000000e+00)	(0.0000000000000000e+00 0.0000000000000000e+00 0.0000000000000000e+00)
0.0610256               	(0.0000000000000000e+00 0.0000000000000000e+00 0.0000000000000000e+00)	(0.0000000000000000e+00 0.0000000000000000e+00 0.0000000000000000e+00)	(0.0000000000000000e+00 0.0000000000000000e+00 0.0000000000000000e+00)
0.0612821               	(0.0000000000000000e+00 0.0000000000000000e+00 0.0000000000000000e+00)	(0.0000000000000000e+00 0.0000000000000000e+00 0.0000000000000000e+00)	(0.0000000000000000e+00 0.0000000000000000e+00 0.0000000000000000e+00)
0.0615385               	(0.0000000000000000e+00 0.0000000000000000e+00 0.0000000000000000e+00)	(0.0000000000000000e+00 0.0000000000000000e+00 0.0000000000000000e+00)	(0.0000000000000000e+00 0.0000000000000000e+00 0.0000000000000000e+00)
0.0617949               	(0.0000000000000000e+00 0.0000000000000000e+00 0.0000000000000000e+00)	(0.0000000000000000e+00 0.0000000000000000e+00 0.0000000000000000e+00)	(0.0000000000000000e+00 0.0000000000000000e+00 0.0000000000000000e+00)
0.0620513               	(0.0000000000000000e+00 0.0000000000000000e+00 0.0000000000000000e+00)	(0.0000000000000000e+00 0.0000000000000000e+00 0.0000000000000000e+00)	(0.0000000000000000e+00 0.0000000000000000e+00 0.0000000000000000e+00)
0.0623077               	(0.0000000000000000e+00 0.0000000000000000e+00 0.0000000000000000e+00)	(0.0000000000000000e+00 0.0000000000000000e+00 0.0000000000000000e+00)	(0.0000000000000000e+00 0.0000000000000000e+00 0.0000000000000000e+00)
0.0625641               	(0.0000000000000000e+00 0.0000000000000000e+00 0.0000000000000000e+00)	(0.0000000000000000e+00 0.0000000000000000e+00 0.0000000000000000e+00)	(0.0000000000000000e+00 0.0000000000000000e+00 0.0000000000000000e+00)
0.0628205               	(0.0000000000000000e+00 0.0000000000000000e+00 0.0000000000000000e+00)	(0.0000000000000000e+00 0.0000000000000000e+00 0.0000000000000000e+00)	(0.0000000000000000e+00 0.0000000000000000e+00 0.0000000000000000e+00)
0.0630769               	(0.0000000000000000e+00 0.0000000000000000e+00 0.0000000000000000e+00)	(0.0000000000000000e+00 0.0000000000000000e+00 0.0000000000000000e+00)	(0.0000000000000000e+00 0.0000000000000000e+00 0.0000000000000000e+00)
0.0633333               	(0.0000000000000000e+00 0.0000000000000000e+00 0.0000000000000000e+00)	(0.0000000000000000e+00 0.0000000000000000e+00 0.0000000000000000e+00)	(0.0000000000000000e+00 0.0000000000000000e+00 0.0000000000000000e+00)
0.0635897               	(0.0000000000000000e+00 0.0000000000000000e+00 0.0000000000000000e+00)	(0.0000000000000000e+00 0.0000000000000000e+00 0.0000000000000000e+00)	(0.0000000000000000e+00 0.0000000000000000e+00 0.0000000000000000e+00)
0.0638462               	(0.0000000000000000e+00 0.0000000000000000e+00 0.0000000000000000e+00)	(0.0000000000000000e+00 0.0000000000000000e+00 0.0000000000000000e+00)	(0.0000000000000000e+00 0.0000000000000000e+00 0.0000000000000000e+00)
0.0641026               	(0.0000000000000000e+00 0.0000000000000000e+00 0.0000000000000000e+00)	(0.0000000000000000e+00 0.0000000000000000e+00 0.0000000000000000e+00)	(0.0000000000000000e+00 0.0000000000000000e+00 0.0000000000000000e+00)
0.064359                	(0.0000000000000000e+00 0.0000000000000000e+00 0.0000000000000000e+00)	(0.0000000000000000e+00 0.0000000000000000e+00 0.0000000000000000e+00)	(0.0000000000000000e+00 0.0000000000000000e+00 0.0000000000000000e+00)
0.0646154               	(0.0000000000000000e+00 0.0000000000000000e+00 0.0000000000000000e+00)	(0.0000000000000000e+00 0.0000000000000000e+00 0.0000000000000000e+00)	(0.0000000000000000e+00 0.0000000000000000e+00 0.0000000000000000e+00)
0.0648718               	(0.0000000000000000e+00 0.0000000000000000e+00 0.0000000000000000e+00)	(0.0000000000000000e+00 0.0000000000000000e+00 0.0000000000000000e+00)	(0.0000000000000000e+00 0.0000000000000000e+00 0.0000000000000000e+00)
0.0651282               	(0.0000000000000000e+00 0.0000000000000000e+00 0.0000000000000000e+00)	(0.0000000000000000e+00 0.0000000000000000e+00 0.0000000000000000e+00)	(0.0000000000000000e+00 0.0000000000000000e+00 0.0000000000000000e+00)
0.0653846               	(0.0000000000000000e+00 0.0000000000000000e+00 0.0000000000000000e+00)	(0.0000000000000000e+00 0.0000000000000000e+00 0.0000000000000000e+00)	(0.0000000000000000e+00 0.0000000000000000e+00 0.0000000000000000e+00)
0.065641                	(0.0000000000000000e+00 0.0000000000000000e+00 0.0000000000000000e+00)	(0.0000000000000000e+00 0.0000000000000000e+00 0.0000000000000000e+00)	(0.0000000000000000e+00 0.0000000000000000e+00 0.0000000000000000e+00)
0.0658974               	(0.0000000000000000e+00 0.0000000000000000e+00 0.0000000000000000e+00)	(0.0000000000000000e+00 0.0000000000000000e+00 0.0000000000000000e+00)	(0.0000000000000000e+00 0.0000000000000000e+00 0.0000000000000000e+00)
0.0661538               	(0.0000000000000000e+00 0.0000000000000000e+00 0.0000000000000000e+00)	(0.0000000000000000e+00 0.0000000000000000e+00 0.0000000000000000e+00)	(0.0000000000000000e+00 0.0000000000000000e+00 0.0000000000000000e+00)
0.0664103               	(0.0000000000000000e+00 0.0000000000000000e+00 0.0000000000000000e+00)	(0.0000000000000000e+00 0.0000000000000000e+00 0.0000000000000000e+00)	(0.0000000000000000e+00 0.0000000000000000e+00 0.0000000000000000e+00)
0.0666667               	(0.0000000000000000e+00 0.0000000000000000e+00 0.0000000000000000e+00)	(0.0000000000000000e+00 0.0000000000000000e+00 0.0000000000000000e+00)	(0.0000000000000000e+00 0.0000000000000000e+00 0.0000000000000000e+00)
0.0669231               	(0.0000000000000000e+00 0.0000000000000000e+00 0.0000000000000000e+00)	(0.0000000000000000e+00 0.0000000000000000e+00 0.0000000000000000e+00)	(0.0000000000000000e+00 0.0000000000000000e+00 0.0000000000000000e+00)
0.0671795               	(0.0000000000000000e+00 0.0000000000000000e+00 0.0000000000000000e+00)	(0.0000000000000000e+00 0.0000000000000000e+00 0.0000000000000000e+00)	(0.0000000000000000e+00 0.0000000000000000e+00 0.0000000000000000e+00)
0.0674359               	(0.0000000000000000e+00 0.0000000000000000e+00 0.0000000000000000e+00)	(0.0000000000000000e+00 0.0000000000000000e+00 0.0000000000000000e+00)	(0.0000000000000000e+00 0.0000000000000000e+00 0.0000000000000000e+00)
0.0676923               	(0.0000000000000000e+00 0.0000000000000000e+00 0.0000000000000000e+00)	(0.0000000000000000e+00 0.0000000000000000e+00 0.0000000000000000e+00)	(0.0000000000000000e+00 0.0000000000000000e+00 0.0000000000000000e+00)
0.0679487               	(0.0000000000000000e+00 0.0000000000000000e+00 0.0000000000000000e+00)	(0.0000000000000000e+00 0.0000000000000000e+00 0.0000000000000000e+00)	(0.0000000000000000e+00 0.0000000000000000e+00 0.0000000000000000e+00)
0.0682051               	(0.0000000000000000e+00 0.0000000000000000e+00 0.0000000000000000e+00)	(0.0000000000000000e+00 0.0000000000000000e+00 0.0000000000000000e+00)	(0.0000000000000000e+00 0.0000000000000000e+00 0.0000000000000000e+00)
0.0684615               	(0.0000000000000000e+00 0.0000000000000000e+00 0.0000000000000000e+00)	(0.0000000000000000e+00 0.0000000000000000e+00 0.0000000000000000e+00)	(0.0000000000000000e+00 0.0000000000000000e+00 0.0000000000000000e+00)
0.0687179               	(0.0000000000000000e+00 0.0000000000000000e+00 0.0000000000000000e+00)	(0.0000000000000000e+00 0.0000000000000000e+00 0.0000000000000000e+00)	(0.0000000000000000e+00 0.0000000000000000e+00 0.0000000000000000e+00)
0.0689744               	(0.0000000000000000e+00 0.0000000000000000e+00 0.0000000000000000e+00)	(0.0000000000000000e+00 0.0000000000000000e+00 0.0000000000000000e+00)	(0.0000000000000000e+00 0.0000000000000000e+00 0.0000000000000000e+00)
0.0692308               	(0.0000000000000000e+00 0.0000000000000000e+00 0.0000000000000000e+00)	(0.0000000000000000e+00 0.0000000000000000e+00 0.0000000000000000e+00)	(0.0000000000000000e+00 0.0000000000000000e+00 0.0000000000000000e+00)
0.0694872               	(0.0000000000000000e+00 0.0000000000000000e+00 0.0000000000000000e+00)	(0.0000000000000000e+00 0.0000000000000000e+00 0.0000000000000000e+00)	(0.0000000000000000e+00 0.0000000000000000e+00 0.0000000000000000e+00)
0.0697436               	(0.0000000000000000e+00 0.0000000000000000e+00 0.0000000000000000e+00)	(0.0000000000000000e+00 0.0000000000000000e+00 0.0000000000000000e+00)	(0.0000000000000000e+00 0.0000000000000000e+00 0.0000000000000000e+00)
0.07                    	(0.0000000000000000e+00 0.0000000000000000e+00 0.0000000000000000e+00)	(0.0000000000000000e+00 0.0000000000000000e+00 0.0000000000000000e+00)	(0.0000000000000000e+00 0.0000000000000000e+00 0.0000000000000000e+00)
0.0702564               	(0.0000000000000000e+00 0.0000000000000000e+00 0.0000000000000000e+00)	(0.0000000000000000e+00 0.0000000000000000e+00 0.0000000000000000e+00)	(0.0000000000000000e+00 0.0000000000000000e+00 0.0000000000000000e+00)
0.0705128               	(0.0000000000000000e+00 0.0000000000000000e+00 0.0000000000000000e+00)	(0.0000000000000000e+00 0.0000000000000000e+00 0.0000000000000000e+00)	(0.0000000000000000e+00 0.0000000000000000e+00 0.0000000000000000e+00)
0.0707692               	(0.0000000000000000e+00 0.0000000000000000e+00 0.0000000000000000e+00)	(0.0000000000000000e+00 0.0000000000000000e+00 0.0000000000000000e+00)	(0.0000000000000000e+00 0.0000000000000000e+00 0.0000000000000000e+00)
0.0710256               	(0.0000000000000000e+00 0.0000000000000000e+00 0.0000000000000000e+00)	(0.0000000000000000e+00 0.0000000000000000e+00 0.0000000000000000e+00)	(0.0000000000000000e+00 0.0000000000000000e+00 0.0000000000000000e+00)
0.0712821               	(0.0000000000000000e+00 0.0000000000000000e+00 0.0000000000000000e+00)	(0.0000000000000000e+00 0.0000000000000000e+00 0.0000000000000000e+00)	(0.0000000000000000e+00 0.0000000000000000e+00 0.0000000000000000e+00)
0.0715385               	(0.0000000000000000e+00 0.0000000000000000e+00 0.0000000000000000e+00)	(0.0000000000000000e+00 0.0000000000000000e+00 0.0000000000000000e+00)	(0.0000000000000000e+00 0.0000000000000000e+00 0.0000000000000000e+00)
0.0717949               	(0.0000000000000000e+00 0.0000000000000000e+00 0.0000000000000000e+00)	(0.0000000000000000e+00 0.0000000000000000e+00 0.0000000000000000e+00)	(0.0000000000000000e+00 0.0000000000000000e+00 0.0000000000000000e+00)
0.0720513               	(0.0000000000000000e+00 0.0000000000000000e+00 0.0000000000000000e+00)	(0.0000000000000000e+00 0.0000000000000000e+00 0.0000000000000000e+00)	(0.0000000000000000e+00 0.0000000000000000e+00 0.0000000000000000e+00)
0.0723077               	(0.0000000000000000e+00 0.0000000000000000e+00 0.0000000000000000e+00)	(0.0000000000000000e+00 0.0000000000000000e+00 0.0000000000000000e+00)	(0.0000000000000000e+00 0.0000000000000000e+00 0.0000000000000000e+00)
0.0725641               	(0.0000000000000000e+00 0.0000000000000000e+00 0.0000000000000000e+00)	(0.0000000000000000e+00 0.0000000000000000e+00 0.0000000000000000e+00)	(0.0000000000000000e+00 0.0000000000000000e+00 0.0000000000000000e+00)
0.0728205               	(0.0000000000000000e+00 0.0000000000000000e+00 0.0000000000000000e+00)	(0.0000000000000000e+00 0.0000000000000000e+00 0.0000000000000000e+00)	(0.0000000000000000e+00 0.0000000000000000e+00 0.0000000000000000e+00)
0.0730769               	(0.0000000000000000e+00 0.0000000000000000e+00 0.0000000000000000e+00)	(0.0000000000000000e+00 0.0000000000000000e+00 0.0000000000000000e+00)	(0.0000000000000000e+00 0.0000000000000000e+00 0.0000000000000000e+00)
0.0733333               	(0.0000000000000000e+00 0.0000000000000000e+00 0.0000000000000000e+00)	(0.0000000000000000e+00 0.0000000000000000e+00 0.0000000000000000e+00)	(0.0000000000000000e+00 0.0000000000000000e+00 0.0000000000000000e+00)
0.0735897               	(0.0000000000000000e+00 0.0000000000000000e+00 0.0000000000000000e+00)	(0.0000000000000000e+00 0.0000000000000000e+00 0.0000000000000000e+00)	(0.0000000000000000e+00 0.0000000000000000e+00 0.0000000000000000e+00)
0.0738462               	(0.0000000000000000e+00 0.0000000000000000e+00 0.0000000000000000e+00)	(0.0000000000000000e+00 0.0000000000000000e+00 0.0000000000000000e+00)	(0.0000000000000000e+00 0.0000000000000000e+00 0.0000000000000000e+00)
0.0741026               	(0.0000000000000000e+00 0.0000000000000000e+00 0.0000000000000000e+00)	(0.0000000000000000e+00 0.0000000000000000e+00 0.0000000000000000e+00)	(0.0000000000000000e+00 0.0000000000000000e+00 0.0000000000000000e+00)
0.074359                	(0.0000000000000000e+00 0.0000000000000000e+00 0.0000000000000000e+00)	(0.0000000000000000e+00 0.0000000000000000e+00 0.0000000000000000e+00)	(0.0000000000000000e+00 0.0000000000000000e+00 0.0000000000000000e+00)
0.0746154               	(0.0000000000000000e+00 0.0000000000000000e+00 0.0000000000000000e+00)	(0.0000000000000000e+00 0.0000000000000000e+00 0.0000000000000000e+00)	(0.0000000000000000e+00 0.0000000000000000e+00 0.0000000000000000e+00)
0.0748718               	(0.0000000000000000e+00 0.0000000000000000e+00 0.0000000000000000e+00)	(0.0000000000000000e+00 0.0000000000000000e+00 0.0000000000000000e+00)	(0.0000000000000000e+00 0.0000000000000000e+00 0.0000000000000000e+00)
0.0751282               	(0.0000000000000000e+00 0.0000000000000000e+00 0.0000000000000000e+00)	(0.0000000000000000e+00 0.0000000000000000e+00 0.0000000000000000e+00)	(0.0000000000000000e+00 0.0000000000000000e+00 0.0000000000000000e+00)
0.0753846               	(0.0000000000000000e+00 0.0000000000000000e+00 0.0000000000000000e+00)	(0.0000000000000000e+00 0.0000000000000000e+00 0.0000000000000000e+00)	(0.0000000000000000e+00 0.0000000000000000e+00 0.0000000000000000e+00)
0.075641                	(0.0000000000000000e+00 0.0000000000000000e+00 0.0000000000000000e+00)	(0.0000000000000000e+00 0.0000000000000000e+00 0.0000000000000000e+00)	(0.0000000000000000e+00 0.0000000000000000e+00 0.0000000000000000e+00)
0.0758974               	(0.0000000000000000e+00 0.0000000000000000e+00 0.0000000000000000e+00)	(0.0000000000000000e+00 0.0000000000000000e+00 0.0000000000000000e+00)	(0.0000000000000000e+00 0.0000000000000000e+00 0.0000000000000000e+00)
0.0761538               	(0.0000000000000000e+00 0.0000000000000000e+00 0.0000000000000000e+00)	(0.0000000000000000e+00 0.0000000000000000e+00 0.0000000000000000e+00)	(0.0000000000000000e+00 0.0000000000000000e+00 0.0000000000000000e+00)
0.0764103               	(0.0000000000000000e+00 0.0000000000000000e+00 0.0000000000000000e+00)	(0.0000000000000000e+00 0.0000000000000000e+00 0.0000000000000000e+00)	(0.0000000000000000e+00 0.0000000000000000e+00 0.0000000000000000e+00)
0.0766667               	(0.0000000000000000e+00 0.0000000000000000e+00 0.0000000000000000e+00)	(0.0000000000000000e+00 0.0000000000000000e+00 0.0000000000000000e+00)	(0.0000000000000000e+00 0.0000000000000000e+00 0.0000000000000000e+00)
0.0769231               	(0.0000000000000000e+00 0.0000000000000000e+00 0.0000000000000000e+00)	(0.0000000000000000e+00 0.0000000000000000e+00 0.0000000000000000e+00)	(0.0000000000000000e+00 0.0000000000000000e+00 0.0000000000000000e+00)
0.0771795               	(0.0000000000000000e+00 0.0000000000000000e+00 0.0000000000000000e+00)	(0.0000000000000000e+00 0.0000000000000000e+00 0.0000000000000000e+00)	(0.0000000000000000e+00 0.0000000000000000e+00 0.0000000000000000e+00)
0.0774359               	(0.0000000000000000e+00 0.0000000000000000e+00 0.0000000000000000e+00)	(0.0000000000000000e+00 0.0000000000000000e+00 0.0000000000000000e+00)	(0.0000000000000000e+00 0.0000000000000000e+00 0.0000000000000000e+00)
0.0776923               	(0.0000000000000000e+00 0.0000000000000000e+00 0.0000000000000000e+00)	(0.0000000000000000e+00 0.0000000000000000e+00 0.0000000000000000e+00)	(0.0000000000000000e+00 0.0000000000000000e+00 0.0000000000000000e+00)
0.0779487               	(0.0000000000000000e+00 0.0000000000000000e+00 0.0000000000000000e+00)	(0.0000000000000000e+00 0.0000000000000000e+00 0.0000000000000000e+00)	(0.0000000000000000e+00 0.0000000000000000e+00 0.0000000000000000e+00)
0.0782051               	(0.0000000000000000e+00 0.0000000000000000e+00 0.0000000000000000e+00)	(0.0000000000000000e+00 0.0000000000000000e+00 0.0000000000000000e+00)	(0.0000000000000000e+00 0.0000000000000000e+00 0.0000000000000000e+00)
0.0784615               	(0.0000000000000000e+00 0.0000000000000000e+00 0.0000000000000000e+00)	(0.0000000000000000e+00 0.0000000000000000e+00 0.0000000000000000e+00)	(0.0000000000000000e+00 0.0000000000000000e+00 0.0000000000000000e+00)
0.0787179               	(0.0000000000000000e+00 0.0000000000000000e+00 0.0000000000000000e+00)	(0.0000000000000000e+00 0.0000000000000000e+00 0.0000000000000000e+00)	(0.0000000000000000e+00 0.0000000000000000e+00 0.0000000000000000e+00)
0.0789744               	(0.0000000000000000e+00 0.0000000000000000e+00 0.0000000000000000e+00)	(0.0000000000000000e+00 0.0000000000000000e+00 0.0000000000000000e+00)	(0.0000000000000000e+00 0.0000000000000000e+00 0.0000000000000000e+00)
0.0792308               	(0.0000000000000000e+00 0.0000000000000000e+00 0.0000000000000000e+00)	(0.0000000000000000e+00 0.0000000000000000e+00 0.0000000000000000e+00)	(0.0000000000000000e+00 0.0000000000000000e+00 0.0000000000000000e+00)
0.0794872               	(0.0000000000000000e+00 0.0000000000000000e+00 0.0000000000000000e+00)	(0.0000000000000000e+00 0.0000000000000000e+00 0.0000000000000000e+00)	(0.0000000000000000e+00 0.0000000000000000e+00 0.0000000000000000e+00)
0.0797436               	(0.0000000000000000e+00 0.0000000000000000e+00 0.0000000000000000e+00)	(0.0000000000000000e+00 0.0000000000000000e+00 0.0000000000000000e+00)	(0.0000000000000000e+00 0.0000000000000000e+00 0.0000000000000000e+00)
0.08                    	(0.0000000000000000e+00 0.0000000000000000e+00 0.0000000000000000e+00)	(0.0000000000000000e+00 0.0000000000000000e+00 0.0000000000000000e+00)	(0.0000000000000000e+00 0.0000000000000000e+00 0.0000000000000000e+00)
0.0802564               	(0.0000000000000000e+00 0.0000000000000000e+00 0.0000000000000000e+00)	(0.0000000000000000e+00 0.0000000000000000e+00 0.0000000000000000e+00)	(0.0000000000000000e+00 0.0000000000000000e+00 0.0000000000000000e+00)
0.0805128               	(0.0000000000000000e+00 0.0000000000000000e+00 0.0000000000000000e+00)	(0.0000000000000000e+00 0.0000000000000000e+00 0.0000000000000000e+00)	(0.0000000000000000e+00 0.0000000000000000e+00 0.0000000000000000e+00)
0.0807692               	(0.0000000000000000e+00 0.0000000000000000e+00 0.0000000000000000e+00)	(0.0000000000000000e+00 0.0000000000000000e+00 0.0000000000000000e+00)	(0.0000000000000000e+00 0.0000000000000000e+00 0.0000000000000000e+00)
0.0810256               	(0.0000000000000000e+00 0.0000000000000000e+00 0.0000000000000000e+00)	(0.0000000000000000e+00 0.0000000000000000e+00 0.0000000000000000e+00)	(0.0000000000000000e+00 0.0000000000000000e+00 0.0000000000000000e+00)
0.0812821               	(0.0000000000000000e+00 0.0000000000000000e+00 0.0000000000000000e+00)	(0.0000000000000000e+00 0.0000000000000000e+00 0.0000000000000000e+00)	(0.0000000000000000e+00 0.0000000000000000e+00 0.0000000000000000e+00)
0.0815385               	(0.0000000000000000e+00 0.0000000000000000e+00 0.0000000000000000e+00)	(0.0000000000000000e+00 0.0000000000000000e+00 0.0000000000000000e+00)	(0.0000000000000000e+00 0.0000000000000000e+00 0.0000000000000000e+00)
0.0817949               	(0.0000000000000000e+00 0.0000000000000000e+00 0.0000000000000000e+00)	(0.0000000000000000e+00 0.0000000000000000e+00 0.0000000000000000e+00)	(0.0000000000000000e+00 0.0000000000000000e+00 0.0000000000000000e+00)
0.0820513               	(0.0000000000000000e+00 0.0000000000000000e+00 0.0000000000000000e+00)	(0.0000000000000000e+00 0.0000000000000000e+00 0.0000000000000000e+00)	(0.0000000000000000e+00 0.0000000000000000e+00 0.0000000000000000e+00)
0.0823077               	(0.0000000000000000e+00 0.0000000000000000e+00 0.0000000000000000e+00)	(0.0000000000000000e+00 0.0000000000000000e+00 0.0000000000000000e+00)	(0.0000000000000000e+00 0.0000000000000000e+00 0.0000000000000000e+00)
0.0825641               	(0.0000000000000000e+00 0.0000000000000000e+00 0.0000000000000000e+00)	(0.0000000000000000e+00 0.0000000000000000e+00 0.0000000000000000e+00)	(0.0000000000000000e+00 0.0000000000000000e+00 0.0000000000000000e+00)
0.0828205               	(0.0000000000000000e+00 0.0000000000000000e+00 0.0000000000000000e+00)	(0.0000000000000000e+00 0.0000000000000000e+00 0.0000000000000000e+00)	(0.0000000000000000e+00 0.0000000000000000e+00 0.0000000000000000e+00)
0.0830769               	(0.0000000000000000e+00 0.0000000000000000e+00 0.0000000000000000e+00)	(0.0000000000000000e+00 0.0000000000000000e+00 0.0000000000000000e+00)	(0.0000000000000000e+00 0.0000000000000000e+00 0.0000000000000000e+00)
0.0833333               	(0.0000000000000000e+00 0.0000000000000000e+00 0.0000000000000000e+00)	(0.0000000000000000e+00 0.0000000000000000e+00 0.0000000000000000e+00)	(0.0000000000000000e+00 0.0000000000000000e+00 0.0000000000000000e+00)
0.0835897               	(0.0000000000000000e+00 0.0000000000000000e+00 0.0000000000000000e+00)	(0.0000000000000000e+00 0.0000000000000000e+00 0.0000000000000000e+00)	(0.0000000000000000e+00 0.0000000000000000e+00 0.0000000000000000e+00)
0.0838462               	(0.0000000000000000e+00 0.0000000000000000e+00 0.0000000000000000e+00)	(0.0000000000000000e+00 0.0000000000000000e+00 0.0000000000000000e+00)	(0.0000000000000000e+00 0.0000000000000000e+00 0.0000000000000000e+00)
0.0841026               	(0.0000000000000000e+00 0.0000000000000000e+00 0.0000000000000000e+00)	(0.0000000000000000e+00 0.0000000000000000e+00 0.0000000000000000e+00)	(0.0000000000000000e+00 0.0000000000000000e+00 0.0000000000000000e+00)
0.084359                	(0.0000000000000000e+00 0.0000000000000000e+00 0.0000000000000000e+00)	(0.0000000000000000e+00 0.0000000000000000e+00 0.0000000000000000e+00)	(0.0000000000000000e+00 0.0000000000000000e+00 0.0000000000000000e+00)
0.0846154               	(0.0000000000000000e+00 0.0000000000000000e+00 0.0000000000000000e+00)	(0.0000000000000000e+00 0.0000000000000000e+00 0.0000000000000000e+00)	(0.0000000000000000e+00 0.0000000000000000e+00 0.0000000000000000e+00)
0.0848718               	(0.0000000000000000e+00 0.0000000000000000e+00 0.0000000000000000e+00)	(0.0000000000000000e+00 0.0000000000000000e+00 0.0000000000000000e+00)	(0.0000000000000000e+00 0.0000000000000000e+00 0.0000000000000000e+00)
0.0851282               	(0.0000000000000000e+00 0.0000000000000000e+00 0.0000000000000000e+00)	(0.0000000000000000e+00 0.0000000000000000e+00 0.0000000000000000e+00)	(0.0000000000000000e+00 0.0000000000000000e+00 0.0000000000000000e+00)
0.0853846               	(0.0000000000000000e+00 0.0000000000000000e+00 0.0000000000000000e+00)	(0.0000000000000000e+00 0.0000000000000000e+00 0.0000000000000000e+00)	(0.0000000000000000e+00 0.0000000000000000e+00 0.0000000000000000e+00)
0.085641                	(0.0000000000000000e+00 0.0000000000000000e+00 0.0000000000000000e+00)	(0.0000000000000000e+00 0.0000000000000000e+00 0.0000000000000000e+00)	(0.0000000000000000e+00 0.0000000000000000e+00 0.0000000000000000e+00)
0.0858974               	(0.0000000000000000e+00 0.0000000000000000e+00 0.0000000000000000e+00)	(0.0000000000000000e+00 0.0000000000000000e+00 0.0000000000000000e+00)	(0.0000000000000000e+00 0.0000000000000000e+00 0.0000000000000000e+00)
0.0861538               	(0.0000000000000000e+00 0.0000000000000000e+00 0.0000000000000000e+00)	(0.0000000000000000e+00 0.0000000000000000e+00 0.0000000000000000e+00)	(0.0000000000000000e+00 0.0000000000000000e+00 0.0000000000000000e+00)
0.0864103               	(0.0000000000000000e+00 0.0000000000000000e+00 0.0000000000000000e+00)	(0.0000000000000000e+00 0.0000000000000000e+00 0.0000000000000000e+00)	(0.0000000000000000e+00 0.0000000000000000e+00 0.0000000000000000e+00)
0.0866667               	(0.0000000000000000e+00 0.0000000000000000e+00 0.0000000000000000e+00)	(0.0000000000000000e+00 0.0000000000000000e+00 0.0000000000000000e+00)	(0.0000000000000000e+00 0.0000000000000000e+00 0.0000000000000000e+00)
0.0869231               	(0.0000000000000000e+00 0.0000000000000000e+00 0.0000000000000000e+00)	(0.0000000000000000e+00 0.0000000000000000e+00 0.0000000000000000e+00)	(0.0000000000000000e+00 0.0000000000000000e+00 0.0000000000000000e+00)
0.0871795               	(0.0000000000000000e+00 0.0000000000000000e+00 0.0000000000000000e+00)	(0.0000000000000000e+00 0.0000000000000000e+00 0.0000000000000000e+00)	(0.0000000000000000e+00 0.0000000000000000e+00 0.0000000000000000e+00)
0.0874359               	(0.0000000000000000e+00 0.0000000000000000e+00 0.0000000000000000e+00)	(0.0000000000000000e+00 0.0000000000000000e+00 0.0000000000000000e+00)	(0.0000000000000000e+00 0.0000000000000000e+00 0.0000000000000000e+00)
0.0876923               	(0.0000000000000000e+00 0.0000000000000000e+00 0.0000000000000000e+00)	(0.0000000000000000e+00 0.0000000000000000e+00 0.0000000000000000e+00)	(0.0000000000000000e+00 0.0000000000000000e+00 0.0000000000000000e+00)
0.0879487               	(0.0000000000000000e+00 0.0000000000000000e+00 0.0000000000000000e+00)	(0.0000000000000000e+00 0.0000000000000000e+00 0.0000000000000000e+00)	(0.0000000000000000e+00 0.0000000000000000e+00 0.0000000000000000e+00)
0.0882051               	(0.0000000000000000e+00 0.0000000000000000e+00 0.0000000000000000e+00)	(0.0000000000000000e+00 0.0000000000000000e+00 0.0000000000000000e+00)	(0.0000000000000000e+00 0.0000000000000000e+00 0.0000000000000000e+00)
0.0884615               	(0.0000000000000000e+00 0.0000000000000000e+00 0.0000000000000000e+00)	(0.0000000000000000e+00 0.0000000000000000e+00 0.0000000000000000e+00)	(0.0000000000000000e+00 0.0000000000000000e+00 0.0000000000000000e+00)
0.0887179               	(0.0000000000000000e+00 0.0000000000000000e+00 0.0000000000000000e+00)	(0.0000000000000000e+00 0.0000000000000000e+00 0.0000000000000000e+00)	(0.0000000000000000e+00 0.0000000000000000e+00 0.0000000000000000e+00)
0.0889744               	(0.0000000000000000e+00 0.0000000000000000e+00 0.0000000000000000e+00)	(0.0000000000000000e+00 0.0000000000000000e+00 0.0000000000000000e+00)	(0.0000000000000000e+00 0.0000000000000000e+00 0.0000000000000000e+00)
0.0892308               	(0.0000000000000000e+00 0.0000000000000000e+00 0.0000000000000000e+00)	(0.0000000000000000e+00 0.0000000000000000e+00 0.0000000000000000e+00)	(0.0000000000000000e+00 0.0000000000000000e+00 0.0000000000000000e+00)
0.0894872               	(0.0000000000000000e+00 0.0000000000000000e+00 0.0000000000000000e+00)	(0.0000000000000000e+00 0.0000000000000000e+00 0.0000000000000000e+00)	(0.0000000000000000e+00 0.0000000000000000e+00 0.0000000000000000e+00)
0.0897436               	(0.0000000000000000e+00 0.0000000000000000e+00 0.0000000000000000e+00)	(0.0000000000000000e+00 0.0000000000000000e+00 0.0000000000000000e+00)	(0.0000000000000000e+00 0.0000000000000000e+00 0.0000000000000000e+00)
0.09                    	(0.0000000000000000e+00 0.0000000000000000e+00 0.0000000000000000e+00)	(0.0000000000000000e+00 0.0000000000000000e+00 0.0000000000000000e+00)	(0.0000000000000000e+00 0.0000000000000000e+00 0.0000000000000000e+00)
0.0902564               	(0.0000000000000000e+00 0.0000000000000000e+00 0.0000000000000000e+00)	(0.0000000000000000e+00 0.0000000000000000e+00 0.0000000000000000e+00)	(0.0000000000000000e+00 0.0000000000000000e+00 0.0000000000000000e+00)
0.0905128               	(0.0000000000000000e+00 0.0000000000000000e+00 0.0000000000000000e+00)	(0.0000000000000000e+00 0.0000000000000000e+00 0.0000000000000000e+00)	(0.0000000000000000e+00 0.0000000000000000e+00 0.0000000000000000e+00)
0.0907692               	(0.0000000000000000e+00 0.0000000000000000e+00 0.0000000000000000e+00)	(0.0000000000000000e+00 0.0000000000000000e+00 0.0000000000000000e+00)	(0.0000000000000000e+00 0.0000000000000000e+00 0.0000000000000000e+00)
0.0910256               	(0.0000000000000000e+00 0.0000000000000000e+00 0.0000000000000000e+00)	(0.0000000000000000e+00 0.0000000000000000e+00 0.0000000000000000e+00)	(0.0000000000000000e+00 0.0000000000000000e+00 0.0000000000000000e+00)
0.0912821               	(0.0000000000000000e+00 0.0000000000000000e+00 0.0000000000000000e+00)	(0.0000000000000000e+00 0.0000000000000000e+00 0.0000000000000000e+00)	(0.0000000000000000e+00 0.0000000000000000e+00 0.0000000000000000e+00)
0.0915385               	(0.0000000000000000e+00 0.0000000000000000e+00 0.0000000000000000e+00)	(0.0000000000000000e+00 0.0000000000000000e+00 0.0000000000000000e+00)	(0.0000000000000000e+00 0.0000000000000000e+00 0.0000000000000000e+00)
0.0917949               	(0.0000000000000000e+00 0.0000000000000000e+00 0.0000000000000000e+00)	(0.0000000000000000e+00 0.0000000000000000e+00 0.0000000000000000e+00)	(0.0000000000000000e+00 0.0000000000000000e+00 0.0000000000000000e+00)
0.0920513               	(0.0000000000000000e+00 0.0000000000000000e+00 0.0000000000000000e+00)	(0.0000000000000000e+00 0.0000000000000000e+00 0.0000000000000000e+00)	(0.0000000000000000e+00 0.0000000000000000e+00 0.0000000000000000e+00)
0.0923077               	(0.0000000000000000e+00 0.0000000000000000e+00 0.0000000000000000e+00)	(0.0000000000000000e+00 0.0000000000000000e+00 0.0000000000000000e+00)	(0.0000000000000000e+00 0.0000000000000000e+00 0.0000000000000000e+00)
0.0925641               	(0.0000000000000000e+00 0.0000000000000000e+00 0.0000000000000000e+00)	(0.0000000000000000e+00 0.0000000000000000e+00 0.0000000000000000e+00)	(0.0000000000000000e+00 0.0000000000000000e+00 0.0000000000000000e+00)
0.0928205               	(0.0000000000000000e+00 0.0000000000000000e+00 0.0000000000000000e+00)	(0.0000000000000000e+00 0.0000000000000000e+00 0.0000000000000000e+00)	(0.0000000000000000e+00 0.0000000000000000e+00 0.0000000000000000e+00)
0.0930769               	(0.0000000000000000e+00 0.0000000000000000e+00 0.0000000000000000e+00)	(0.0000000000000000e+00 0.0000000000000000e+00 0.0000000000000000e+00)	(0.0000000000000000e+00 0.0000000000000000e+00 0.0000000000000000e+00)
0.0933333               	(0.0000000000000000e+00 0.0000000000000000e+00 0.0000000000000000e+00)	(0.0000000000000000e+00 0.0000000000000000e+00 0.0000000000000000e+00)	(0.0000000000000000e+00 0.0000000000000000e+00 0.0000000000000000e+00)
0.0935897               	(0.0000000000000000e+00 0.0000000000000000e+00 0.0000000000000000e+00)	(0.0000000000000000e+00 0.0000000000000000e+00 0.0000000000000000e+00)	(0.0000000000000000e+00 0.0000000000000000e+00 0.0000000000000000e+00)
0.0938462               	(0.0000000000000000e+00 0.0000000000000000e+00 0.0000000000000000e+00)	(0.0000000000000000e+00 0.0000000000000000e+00 0.0000000000000000e+00)	(0.0000000000000000e+00 0.0000000000000000e+00 0.0000000000000000e+00)
0.0941026               	(0.0000000000000000e+00 0.0000000000000000e+00 0.0000000000000000e+00)	(0.0000000000000000e+00 0.0000000000000000e+00 0.0000000000000000e+00)	(0.0000000000000000e+00 0.0000000000000000e+00 0.0000000000000000e+00)
0.094359                	(0.0000000000000000e+00 0.0000000000000000e+00 0.0000000000000000e+00)	(0.0000000000000000e+00 0.0000000000000000e+00 0.0000000000000000e+00)	(0.0000000000000000e+00 0.0000000000000000e+00 0.0000000000000000e+00)
0.0946154               	(0.0000000000000000e+00 0.0000000000000000e+00 0.0000000000000000e+00)	(0.0000000000000000e+00 0.0000000000000000e+00 0.0000000000000000e+00)	(0.0000000000000000e+00 0.0000000000000000e+00 0.0000000000000000e+00)
0.0948718               	(0.0000000000000000e+00 0.0000000000000000e+00 0.0000000000000000e+00)	(0.0000000000000000e+00 0.0000000000000000e+00 0.0000000000000000e+00)	(0.0000000000000000e+00 0.0000000000000000e+00 0.0000000000000000e+00)
0.0951282               	(0.0000000000000000e+00 0.0000000000000000e+00 0.0000000000000000e+00)	(0.0000000000000000e+00 0.0000000000000000e+00 0.0000000000000000e+00)	(0.0000000000000000e+00 0.0000000000000000e+00 0.0000000000000000e+00)
0.0953846               	(0.0000000000000000e+00 0.0000000000000000e+00 0.0000000000000000e+00)	(0.0000000000000000e+00 0.0000000000000000e+00 0.0000000000000000e+00)	(0.0000000000000000e+00 0.0000000000000000e+00 0.0000000000000000e+00)
0.095641                	(0.0000000000000000e+00 0.0000000000000000e+00 0.0000000000000000e+00)	(0.0000000000000000e+00 0.0000000000000000e+00 0.0000000000000000e+00)	(0.0000000000000000e+00 0.0000000000000000e+00 0.0000000000000000e+00)
0.0958974               	(0.0000000000000000e+00 0.0000000000000000e+00 0.0000000000000000e+00)	(0.0000000000000000e+00 0.0000000000000000e+00 0.0000000000000000e+00)	(0.0000000000000000e+00 0.0000000000000000e+00 0.0000000000000000e+00)
0.0961538               	(0.0000000000000000e+00 0.0000000000000000e+00 0.0000000000000000e+00)	(0.0000000000000000e+00 0.0000000000000000e+00 0.0000000000000000e+00)	(0.0000000000000000e+00 0.0000000000000000e+00 0.0000000000000000e+00)
0.0964103               	(0.0000000000000000e+00 0.0000000000000000e+00 0.0000000000000000e+00)	(0.0000000000000000e+00 0.0000000000000000e+00 0.0000000000000000e+00)	(0.0000000000000000e+00 0.0000000000000000e+00 0.0000000000000000e+00)
0.0966667               	(0.0000000000000000e+00 0.0000000000000000e+00 0.0000000000000000e+00)	(0.0000000000000000e+00 0.0000000000000000e+00 0.0000000000000000e+00)	(0.0000000000000000e+00 0.0000000000000000e+00 0.0000000000000000e+00)
0.0969231               	(0.0000000000000000e+00 0.0000000000000000e+00 0.0000000000000000e+00)	(0.0000000000000000e+00 0.0000000000000000e+00 0.0000000000000000e+00)	(0.0000000000000000e+00 0.0000000000000000e+00 0.0000000000000000e+00)
0.0971795               	(0.0000000000000000e+00 0.0000000000000000e+00 0.0000000000000000e+00)	(0.0000000000000000e+00 0.0000000000000000e+00 0.0000000000000000e+00)	(0.0000000000000000e+00 0.0000000000000000e+00 0.0000000000000000e+00)
0.0974359               	(0.0000000000000000e+00 0.0000000000000000e+00 0.0000000000000000e+00)	(0.0000000000000000e+00 0.0000000000000000e+00 0.0000000000000000e+00)	(0.0000000000000000e+00 0.0000000000000000e+00 0.0000000000000000e+00)
0.0976923               	(0.0000000000000000e+00 0.0000000000000000e+00 0.0000000000000000e+00)	(0.0000000000000000e+00 0.0000000000000000e+00 0.0000000000000000e+00)	(0.0000000000000000e+00 0.0000000000000000e+00 0.0000000000000000e+00)
0.0979487               	(0.0000000000000000e+00 0.0000000000000000e+00 0.0000000000000000e+00)	(0.0000000000000000e+00 0.0000000000000000e+00 0.0000000000000000e+00)	(0.0000000000000000e+00 0.0000000000000000e+00 0.0000000000000000e+00)
0.0982051               	(0.0000000000000000e+00 0.0000000000000000e+00 0.0000000000000000e+00)	(0.0000000000000000e+00 0.0000000000000000e+00 0.0000000000000000e+00)	(0.0000000000000000e+00 0.0000000000000000e+00 0.0000000000000000e+00)
0.0984615               	(0.0000000000000000e+00 0.0000000000000000e+00 0.0000000000000000e+00)	(0.0000000000000000e+00 0.0000000000000000e+00 0.0000000000000000e+00)	(0.0000000000000000e+00 0.0000000000000000e+00 0.0000000000000000e+00)
0.0987179               	(0.0000000000000000e+00 0.0000000000000000e+00 0.0000000000000000e+00)	(0.0000000000000000e+00 0.0000000000000000e+00 0.0000000000000000e+00)	(0.0000000000000000e+00 0.0000000000000000e+00 0.0000000000000000e+00)
0.0989744               	(0.0000000000000000e+00 0.0000000000000000e+00 0.0000000000000000e+00)	(0.0000000000000000e+00 0.0000000000000000e+00 0.0000000000000000e+00)	(0.0000000000000000e+00 0.0000000000000000e+00 0.0000000000000000e+00)
0.0992308               	(0.0000000000000000e+00 0.0000000000000000e+00 0.0000000000000000e+00)	(0.0000000000000000e+00 0.0000000000000000e+00 0.0000000000000000e+00)	(0.0000000000000000e+00 0.0000000000000000e+00 0.0000000000000000e+00)
0.0994872               	(0.0000000000000000e+00 0.0000000000000000e+00 0.0000000000000000e+00)	(0.0000000000000000e+00 0.0000000000000000e+00 0.0000000000000000e+00)	(0.0000000000000000e+00 0.0000000000000000e+00 0.0000000000000000e+00)
0.0997436               	(0.0000000000000000e+00 0.0000000000000000e+00 0.0000000000000000e+00)	(0.0000000000000000e+00 0.0000000000000000e+00 0.0000000000000000e+00)	(0.0000000000000000e+00 0.0000000000000000e+00 0.0000000000000000e+00)
0.1                     	(0.0000000000000000e+00 0.0000000000000000e+00 0.0000000000000000e+00)	(0.0000000000000000e+00 0.0000000000000000e+00 0.0000000000000000e+00)	(0.0000000000000000e+00 0.0000000000000000e+00 0.0000000000000000e+00)
