/*--------------------------------*- C++ -*----------------------------------*\
| =========                 |                                                 |
| \\      /  F ield         | OpenFOAM: The Open Source CFD Toolbox           |
|  \\    /   O peration     | Version:  v1906                                 |
|   \\  /    A nd           | Web:      www.OpenFOAM.com                      |
|    \\/     M anipulation  |                                                 |
\*---------------------------------------------------------------------------*/
FoamFile
{
    version     2.0;
    format      ascii;
    class       regIOobject;
    location    "constant/polyMesh";
    object      faceZones;
}
// * * * * * * * * * * * * * * * * * * * * * * * * * * * * * * * * * * * * * //

1
(
peak
{
    type faceZone;
faceLabels      List<label> 
3167
(
26556
14846
1635
29887
19697
8921
22382
17398
15392
12816
15408
3207
14999
14735
14323
17296
14769
5996
16027
12394
30502
19719
11748
13791
10968
22901
23104
10918
4519
17158
22263
22100
31404
12812
23194
8577
20514
9983
9970
31324
6955
6971
24798
623
19125
22190
8163
17692
9418
23799
8144
13164
9191
27523
13632
10727
17746
31298
26130
7361
30763
27083
24239
24095
16770
22798
30679
18661
29949
13503
9466
15501
13736
17226
15477
20376
18512
30397
18884
22563
22544
8927
19101
30285
29569
16147
16973
21857
30261
31001
13526
16162
25186
15657
10366
29879
30208
27339
9858
12554
8609
27608
14121
27644
6986
25242
13418
18099
30085
10333
23004
23167
22987
15579
19812
19893
14527
27333
28509
14160
25335
14469
13558
3640
10450
3969
20915
14758
23683
27318
9458
30222
26811
26777
16670
14909
29963
30265
21724
26482
7753
8282
19088
12464
17285
23813
16881
14135
21325
14727
1013
14588
10986
4538
27982
25691
28489
17481
27216
15428
8227
14578
1821
11863
15470
26187
10152
10286
22989
29976
16714
15522
27885
16995
23188
27437
26882
6208
21581
28454
27926
17131
9624
11788
14608
30197
26385
10609
15344
7091
17387
29996
16659
19565
23689
5270
16439
13337
18941
14648
20448
8667
8042
3264
23830
18794
9683
28240
25901
30373
8435
9037
24542
19224
30434
7935
13724
8476
23482
22958
21044
14107
12909
19248
25571
14882
28013
27582
13521
9655
22883
27697
14142
1830
7964
20805
24776
18942
18849
3708
16673
26379
12591
10755
24186
16769
13645
25702
13738
18530
25367
21465
13289
26582
18566
10175
24567
31555
30661
7969
30026
29481
20967
30869
12211
21238
18564
12037
11217
10069
27228
18409
10562
8581
8650
28497
23461
23665
18440
28451
15353
16996
19718
11952
10995
8014
9783
7044
2065
25140
30882
12003
22558
9820
17831
25099
10102
26227
28179
28565
25378
16246
12335
7056
9311
2028
21813
8585
16205
6877
12194
25601
9522
30498
22648
12075
28030
22683
24970
24091
18199
10238
24620
16527
19535
24574
31073
18424
28899
6650
21570
21494
23754
28069
8961
22894
14031
8462
30043
15298
30045
20818
7177
5061
26957
17384
15868
21020
29120
10531
314
9478
9233
12018
11758
8020
13190
9582
7919
25428
10546
8081
7662
13296
11730
27914
12535
27115
29460
15370
15322
7203
19608
13058
18846
6863
24646
7452
18531
7629
19791
14904
22414
12153
9841
18300
21429
12067
2173
10523
20986
11258
24536
22966
21545
22486
21376
18474
25199
6573
27796
11469
31486
25569
8972
30526
4916
1529
19279
7052
7112
15616
1089
29003
29426
15285
12228
7263
22780
8684
7369
21023
31163
31077
20847
23629
28180
19302
7698
6839
23006
17170
23729
8446
12183
6885
19994
20326
30663
28001
17371
20516
20385
24026
17089
21704
10261
19283
11015
17615
11224
6910
16773
19134
30740
29327
13003
26119
21314
10873
11570
16863
27584
28733
9126
9084
9695
9718
8267
31419
24857
17078
24457
8613
27860
17290
13308
15424
17012
11870
26576
26218
24169
20558
17305
12800
28047
26370
23370
174
24763
12190
31276
7396
24770
12145
9877
10183
26115
17126
29404
10847
23979
22434
6883
29167
21450
27948
19333
28312
23375
7123
252
21009
13907
24869
29071
26466
8846
11404
24790
25118
23282
28071
21656
31013
7910
7032
21872
10140
1773
31230
16042
9206
20192
10495
19822
17021
704
28500
15672
30923
24863
3738
24834
24831
26624
10504
10087
12860
12011
9034
20352
18157
29414
20288
23991
11270
8348
8851
18858
27354
23685
24136
24452
31460
22861
19475
24438
16025
8688
20026
14849
21214
10080
19769
23039
7068
10884
26954
15009
11364
12207
22856
24428
3808
25771
1870
6174
28520
8196
22587
18430
24874
23451
5692
12630
31282
28538
22618
13687
20276
22760
10354
20136
11464
27887
19005
5987
6021
6261
6482
6545
6232
6307
5925
6075
6305
6032
6222
5962
24809
22900
14205
2249
56810
27639
37097
56039
55913
2175
57902
55915
48418
39012
57651
55923
48349
28402
56441
61492
48416
4547
2921
2663
1459
4042
3159
4208
1341
2126
4193
2673
2094
4033
4016
4646
37
3178
2302
1191
2524
1425
4764
2937
651
4183
2320
1694
2722
3088
5614
3625
2636
2609
3357
3770
3745
149
1746
296
3867
3994
3356
3882
744
6306
5994
6323
6483
6260
6364
6485
5940
5812
5868
6132
6308
6073
5816
6038
6310
6550
6532
28784
23676
19635
28727
9575
14036
16909
6561
25966
16239
16029
25954
35046
42388
4225
17518
34625
35032
35029
32787
41781
46744
61091
27985
28398
39716
39515
51045
14734
15240
14322
23700
28374
28693
13512
10720
31390
14998
12900
39142
41370
34733
31557
25690
13810
11908
1022
3570
5575
4648
517
3572
3021
3468
4614
2421
1828
3573
4408
4410
2492
261
3182
3213
4548
5696
55
4043
4757
4702
5326
1192
5379
3160
5634
827
3112
2523
5159
5253
3589
36
30810
58300
36902
61970
26557
46521
55522
37390
40216
42869
33429
12580
26266
13173
26540
21144
21096
26199
32059
41206
41843
35146
30657
37439
33790
41591
42246
34604
25707
34626
17592
34734
33327
40451
43038
29754
35283
14386
41829
12730
34950
12983
37709
28123
16675
12355
41226
26628
11925
32795
37555
40915
40463
11111
32049
32858
35894
41363
34005
26021
12592
39049
37715
13242
1099
12760
30824
40211
3986
38299
17360
31078
4348
35418
26198
35941
37599
28974
35783
32968
41537
18628
32805
65
38793
42826
850
32935
29951
32676
31987
37432
34761
32928
38704
35421
12418
42565
34153
43051
37365
30350
39633
35273
43156
41144
685
38619
39514
37942
39803
26033
33100
35024
31093
4530
25772
38915
37331
35087
33079
38516
38881
30535
41297
38292
34752
37472
41863
38086
37604
39275
39900
29631
56140
61197
61598
56192
25781
19104
29736
5160
1594
3485
1911
3413
4892
5252
5772
2346
3782
230
5226
3644
242
5027
4279
1612
4626
3899
893
1601
4461
3706
1920
5279
4800
863
1258
5014
3841
4791
3135
2018
1664
1632
1284
2443
3766
1950
5137
15819
20507
30482
31467
10510
11003
9982
30910
29823
21193
22269
21553
6446
5991
5986
6330
6546
6484
37126
4541
59751
28542
62768
49676
61117
39671
37082
37091
36766
35880
39456
39720
8634
12542
60924
54809
59967
46031
60607
28019
45959
46170
55531
58945
5161
828
4701
4872
5697
2597
4758
2528
3181
2256
3574
211
1021
1952
3569
4612
5576
2156
4649
3688
4409
4790
2493
5093
3212
2643
56
5321
5327
4136
3113
2251
3590
3799
4647
1458
3484
970
4122
3920
1319
1554
4173
5088
983
5805
1595
292
3752
4004
4928
1592
1986
5261
3101
4622
881
1474
5808
14
4277
1119
2322
3179
2308
913
1515
1495
5010
4275
5305
2674
1614
428
333
1643
3153
4200
1304
1254
2383
2684
3934
3272
4134
2835
2179
4241
1728
5049
3129
2521
495
1198
4720
1372
3262
2532
771
407
977
5158
3584
3406
4744
2368
4065
1040
2738
4909
99
5441
5509
1356
5355
4824
3323
2838
393
461
5504
1589
3087
2724
5228
41
1044
618
4402
2750
3984
199
307
1686
3764
2507
2871
397
2940
4535
4379
5008
2848
1968
1658
608
31554
10846
15163
16422
17386
8073
6797
25787
16124
24976
16580
14995
17488
25022
20649
23043
12811
31333
17461
1567
2268
43881
28045
17459
28032
28384
17491
46569
46549
38808
27385
11202
19124
25633
54494
37034
38676
47532
8873
15456
14580
62522
56695
49354
47223
26222
58039
58425
43609
30297
62029
55347
55692
58418
28924
26097
29483
27368
46750
48354
12924
27412
59828
59691
56533
37511
55870
38209
56033
28378
43793
31335
14583
28428
62751
29463
17320
26409
26423
46934
29028
28421
38840
38201
29020
1012
39008
12143
38912
48970
39463
60672
37326
58758
59100
54812
48467
14562
28705
48176
55631
27834
26312
55645
55936
57029
48932
16560
39015
40659
40619
14474
61007
40623
58973
55785
25538
61390
40662
38708
27573
38943
49711
38941
38045
60861
61627
60829
57392
59314
48195
55663
55728
49722
49346
55685
54937
58382
20254
48146
43122
58133
59077
57023
40664
15829
42189
56356
61558
57013
56990
58377
59719
15075
61193
27452
44499
43981
53490
44549
52235
53492
51299
52515
49545
43882
46895
54867
45632
53247
45086
43630
43577
53249
44440
50143
44427
49922
51480
45100
52373
53973
53951
54496
53728
52448
50780
49835
52940
50709
51178
54987
49540
53060
44646
54076
53881
54547
48877
48316
47424
49845
49432
51749
43623
45443
51690
46325
54754
46137
52066
52088
54169
44070
54051
44634
48643
53068
53314
52003
51978
54431
53539
54683
53299
49789
50737
51055
49748
50949
46803
52706
50988
52534
46843
50155
51351
45123
48007
54487
44126
46837
54471
44813
48425
51006
54208
52315
54690
43200
48057
53036
48315
50852
47849
49086
51181
51408
53836
48448
44322
49839
45929
44665
49161
52928
52953
52568
43948
46942
52228
53415
47926
47630
48307
52847
49527
47044
52468
45095
54303
44715
52264
54469
47065
54787
48891
49222
52880
46141
48154
53111
51872
54300
52991
43850
54775
54682
43867
51699
44016
49275
54915
44223
50573
44287
53058
54691
46058
46871
54578
51262
48037
51238
54504
46330
52062
44526
44529
50579
50027
53927
50762
45388
49549
46620
54412
50786
53469
49150
51172
53534
51079
52309
49207
49755
50541
47773
52740
54791
47406
51834
52049
50895
53929
54804
54156
51366
50568
48340
50505
51820
50611
51601
50726
49582
52144
48345
54172
50947
51587
54366
49442
52964
52981
52818
53342
47414
53010
48887
45156
47577
54955
52219
54818
50224
51954
47591
45910
48027
44115
53663
43531
51276
51012
50777
45601
43786
43831
49769
49265
48382
43403
52885
44400
51536
45939
46852
53484
54852
54858
43748
52765
44790
52799
44216
45536
51627
48194
51084
43815
48043
52776
49388
54708
51158
54369
54223
50484
48392
43523
48405
43382
49717
43306
49049
49537
50327
50054
53118
53252
52972
45033
52065
49074
54788
44984
54265
51265
46479
46604
51701
53170
46444
54411
52873
43570
50526
51076
54365
50414
54854
45322
50692
52834
51884
52199
45162
54526
53508
52801
51791
54521
50732
46297
54512
54952
54516
51876
44870
47856
54672
52018
48638
49933
52942
44874
54306
6488
6363
6345
6433
6124
6278
6135
5817
6074
6120
6490
6223
46928
58672
57048
15755
55219
56223
17349
55109
56171
56781
54477
48266
61185
48874
59218
45195
51446
46983
27280
44904
1410
42735
14660
60379
29795
48898
8162
30086
26886
12673
48694
57807
32636
59211
59142
39170
29781
15391
17847
26598
12815
28330
48964
40770
46844
50154
45124
54486
15772
42104
40262
44804
47050
47000
51856
45012
38828
41945
25375
40686
1636
19731
57809
55593
39175
28481
48112
1300
46999
17598
37233
55976
58332
48230
27230
62670
61987
55022
4317
48986
15884
31192
29520
58505
37243
19072
58386
15846
1015
49439
57736
39858
62500
31508
39235
28478
14888
15274
25334
55577
15330
18427
6954
26062
7409
30677
29241
14845
31054
14710
27110
25689
29762
19998
30538
30501
56989
60227
57042
57043
30456
61756
61352
57954
57946
16977
59414
2331
59999
62043
38641
61563
58728
56400
15138
33139
54449
61994
56250
59997
56139
48697
59599
40837
42034
61831
14391
54620
42789
28023
57680
27789
29532
48884
4714
37183
57890
20016
12063
60417
12384
40644
57344
24699
57850
48919
42400
37115
2949
12059
48916
59881
47453
62398
39241
42420
49736
61778
15529
62175
56411
43172
58942
61419
15933
28406
54475
51039
54646
17530
56913
18381
56915
59345
62060
14621
8920
27051
14603
25938
12433
40583
12261
53491
40579
37227
64
5471
4883
3862
5416
2397
3571
3469
4021
5033
2931
3758
3393
1194
3449
5417
2946
2778
3020
4032
4615
4665
3982
3452
3330
5601
4617
3188
4937
3901
569
4611
3648
5367
5446
1030
4053
1386
4100
2804
2133
14532
6324
6123
5939
6086
6470
6121
6415
578
6486
6331
6533
11327
30823
10822
14757
10334
25267
13515
10339
35916
25576
38485
34421
39372
31215
37142
28535
34363
34446
40057
12681
27553
580
15549
37744
32549
37922
25974
7421
26883
29449
11918
13528
12567
30768
6381
22512
22600
6354
26220
18885
30337
8439
16319
19089
23743
21497
21542
32268
42245
33843
29146
30398
27338
6714
7014
12552
14893
7288
25336
14470
15546
8173
22744
11435
20377
26262
10263
19410
42819
32363
41722
41135
41372
31594
16649
31131
15892
37776
42381
36959
19586
30505
15513
25195
25048
25399
10242
18662
23440
18680
29950
38044
32289
34605
16750
30678
16637
16715
5807
1555
15
4020
3759
1501
4174
3919
1475
1318
5034
5418
4276
4251
4003
5087
1221
5736
4121
4207
1120
3645
3100
1340
1310
984
4192
4624
971
2321
5644
3482
4280
5806
4182
20000
5563
480
27865
19904
28928
8126
15762
17000
16975
16202
29202
14276
14224
14397
26129
15327
23038
7362
27009
5562
10717
3627
14037
22969
16908
21299
6560
9576
6554
23704
1977
26597
23698
11454
29056
30132
13653
31088
21551
25759
23805
14211
9078
24639
7138
22220
9996
28589
9686
31334
23046
13316
23449
9356
9432
9359
11137
7408
18922
15329
24764
17544
18361
25632
10198
15519
25995
12672
30087
9475
12367
9572
15491
12738
13715
30164
12714
23785
25050
9138
21622
12006
14398
14275
20425
17115
17014
8062
26508
18700
23400
25049
15512
19367
21624
21697
22289
26221
22601
5170
31323
24967
29916
26032
26872
21743
16203
20073
29292
25400
12565
25594
25466
16259
31011
8254
10463
9510
12551
26745
24847
26747
14195
14153
14169
10854
26330
16448
15603
31190
29828
25266
24914
6648
22745
8172
25288
6351
7330
27166
21304
16134
14631
13539
14655
17155
18761
14830
15715
13714
14306
10823
23079
19761
21915
11712
8125
19905
19984
11449
17661
852
14118
8019
21496
19097
28261
8038
13061
23744
16318
8315
26629
6796
29118
10223
20078
17281
13846
31487
13809
19999
30612
17838
12901
31457
7536
30516
18821
14373
20420
17751
23434
16039
31420
9131
19497
21865
20452
844
29132
19153
26191
30959
15589
26808
17512
25823
26720
17540
8230
13384
27812
8072
25810
12243
23229
26867
27679
23653
29379
27813
12588
22757
12046
30179
19132
22050
26987
8539
9761
27194
22834
23020
16428
24463
12322
10491
6948
10698
19304
21155
14286
21824
10252
25958
26442
26881
12960
26646
28954
8976
13951
20904
10631
13600
19745
8295
8193
1837
24554
16125
25676
16164
19478
18546
27705
26342
8133
13679
14968
12494
28821
25094
15200
12171
26168
7130
28637
19261
20518
11168
27853
28653
12779
15776
6979
15450
13006
20399
28827
11667
22948
16753
18647
17618
10772
14129
22019
11136
7377
18310
15735
28029
8743
20360
18577
30701
24028
6459
29710
25996
2398
6775
26440
16796
30481
7679
19666
31553
26694
28732
31005
26722
20305
25074
23648
9256
19365
7612
15587
13403
16254
9281
16501
13670
24477
24695
24001
7809
23135
10441
20922
12847
16940
25667
24055
7216
9297
25164
30758
6022
8649
24036
10040
9975
28215
20854
31558
13473
13891
14610
29380
27322
8867
13585
20444
13579
13592
9329
30833
11767
26790
21390
7726
23762
23040
26360
20371
15238
28862
13755
16787
5956
13391
27863
13484
21887
27647
11987
11532
8379
16454
11799
24221
29521
18929
11963
12600
11782
11586
23382
7990
29617
27141
15699
14184
19047
21014
10981
27602
7075
11490
13278
17723
25634
24903
29388
30188
5616
11130
12981
11605
10745
19869
21269
17190
23558
6778
11163
7320
20525
13226
25291
27232
17122
22147
29198
22450
29461
28803
6679
28961
6732
15077
12485
11500
22956
23074
19087
6929
21255
4818
14248
13340
25223
30106
18179
24342
3032
12121
6667
18558
26668
30209
15517
30207
19026
10144
30953
12421
14196
20015
15249
9229
22985
22519
10899
11659
6958
800
6612
5076
17719
19957
31009
9094
26868
12950
16227
25426
28486
12224
30442
13783
10123
24748
5190
22288
18758
9261
13256
25252
24490
8741
8791
10596
8882
6616
30473
21129
19970
18418
11320
24924
24302
5210
5083
10049
16007
27326
16423
27195
7685
14189
25169
28795
15927
19214
11543
9318
19274
15567
31550
26343
26144
28290
26102
19237
19127
22471
18690
14680
7150
28955
11651
29243
26265
23137
25073
24737
11076
29661
19657
27961
22405
15758
30237
7830
16116
16959
19167
11509
14287
20050
12946
6834
23559
23112
25273
24211
17259
16955
30944
30982
16921
9946
13613
20201
19495
26253
22898
2426
20247
29988
28221
16894
6940
23175
3699
24090
28516
22848
19765
19647
21767
24153
31421
22212
21723
28260
26481
26996
25171
12117
15113
10089
27334
27107
28508
19426
9190
1877
26088
27524
19100
30925
9411
23852
23798
9476
34739
36988
39351
36361
35581
38152
43137
42270
38068
41935
35358
42949
40221
42578
34879
37455
42942
31981
39730
40297
37425
35870
35860
38698
34650
36527
34727
40090
39644
37835
36558
32999
38563
41369
41128
38875
36644
32912
38756
34858
35914
42685
40286
37647
35966
38325
42580
42244
42208
38412
36430
38229
32244
41699
42587
36181
41821
32009
40985
41841
42440
42075
38247
38066
34471
39446
32000
37751
41682
37936
31953
35180
37465
38722
40093
41721
42443
42045
42723
42008
36663
34759
39836
37010
38713
35309
41240
40036
37919
42017
37307
34956
31562
38682
32520
40422
35408
42845
40838
39534
37351
31762
32528
42703
40730
41130
33161
40530
42843
36140
37525
32020
42774
42801
41371
40922
35045
32640
35028
41436
37084
37090
32291
38043
38245
38240
32267
33842
32343
33951
42740
37998
35367
36781
37105
37552
34248
31808
41461
41807
42618
38801
36963
39748
32190
32034
35955
40511
42163
38961
38215
32431
40713
33725
38671
34099
33568
38445
42758
42844
37488
38096
41923
38994
42989
41579
37045
39983
36786
36091
39017
33270
35184
33492
40167
32745
34433
38873
32785
33179
40668
32037
32548
35917
36692
34362
41666
38484
42946
34423
40056
34522
37815
34953
37811
31593
35826
36835
33284
42818
38451
36958
42766
32365
41690
39978
42123
36592
39711
41283
38303
42858
41617
39897
39805
32394
38794
33365
38495
41036
36758
41107
38884
36609
32105
34314
34518
41770
33737
42757
41068
33722
41108
38954
38466
36341
36732
37225
37844
41115
35521
34923
37172
37380
34589
42941
32102
32072
35123
39684
36480
39038
39926
37429
41886
34041
36661
36222
41677
41405
38586
42095
40458
35539
35934
40053
34984
37740
37929
37930
34468
35878
33302
42775
42323
32925
37695
32249
32899
32442
37561
39857
32327
31938
34532
32592
34345
40470
40592
41989
31646
31577
31627
43151
33013
35453
34947
37966
34339
36496
34016
41986
37073
42861
38759
41013
41012
31844
36396
34252
40682
42958
35700
42836
35303
42375
37301
35353
37006
37627
34048
36051
38072
38921
36516
31010
12549
18143
8255
36964
39747
35182
32060
33719
39789
41256
40140
32119
27829
26375
18640
13376
13496
11533
16842
31556
8307
16123
9966
24836
15250
23831
37493
36780
37553
42741
33699
25385
29025
37437
33789
38001
38535
41927
37477
36739
39054
3663
40512
32430
34098
39151
38995
39984
33269
32746
33180
32038
36420
36544
23061
39061
25859
35341
32125
39184
38959
38684
33724
38446
12636
41580
36090
33493
18603
39478
40252
41808
39420
23340
40675
35082
39875
31504
37519
40209
41982
38856
26040
16072
37954
32717
42890
36640
35216
17625
34617
33577
31875
14147
35062
39385
35835
13468
4098
35205
17292
34792
12722
35077
37504
28058
34355
39308
12975
43112
37469
41393
35871
26536
34872
39195
19186
13077
37200
34324
31696
28064
28904
35394
35361
34258
41888
40012
36154
42149
34596
14827
26024
36230
42247
35138
38615
35043
33228
26204
34875
38014
39558
38780
41315
15727
14672
14766
28316
12884
18448
10451
30899
8654
15013
17132
21615
6641
16594
26329
27609
14091
14122
14194
11711
26588
17539
13481
23266
11192
8690
17660
30047
38800
41207
41844
42258
41839
41492
33972
)
;
flipMap         List<bool> 3167{0};
}
)

// ************************************************************************* //
