/*--------------------------------*- C++ -*----------------------------------*\
| =========                 |                                                 |
| \\      /  F ield         | OpenFOAM: The Open Source CFD Toolbox           |
|  \\    /   O peration     | Version:  v1906                                 |
|   \\  /    A nd           | Web:      www.OpenFOAM.com                      |
|    \\/     M anipulation  |                                                 |
\*---------------------------------------------------------------------------*/
FoamFile
{
    version     2.0;
    format      ascii;
    class       labelList;
    location    "constant/polyMesh";
    object      pointProcAddressing;
}
// * * * * * * * * * * * * * * * * * * * * * * * * * * * * * * * * * * * * * //


4284
(
0
1
2
3
4
5
6
7
8
9
10
11
12
13
49
50
51
52
53
54
55
56
57
58
59
60
61
62
63
64
65
66
67
68
69
70
71
72
108
109
110
111
112
113
114
115
116
117
118
119
120
121
122
123
124
125
126
127
133
135
136
137
138
139
140
141
142
143
144
145
146
147
148
149
150
151
152
153
154
155
156
157
211
212
213
214
215
216
217
218
219
220
221
222
223
224
225
226
227
228
229
230
231
232
233
234
235
236
237
238
239
240
241
242
243
244
245
246
247
248
249
250
251
252
253
254
255
256
329
330
361
362
363
364
365
366
367
368
369
370
371
372
413
414
429
430
431
432
433
434
435
436
437
438
439
440
441
442
443
444
445
446
447
448
449
450
451
452
453
454
455
456
457
465
466
467
468
469
470
471
472
473
474
475
476
477
478
479
480
481
482
483
519
520
521
522
523
524
525
526
527
528
529
530
531
532
533
534
535
536
537
538
539
540
541
542
543
544
568
569
570
571
572
573
574
575
576
577
578
579
580
581
582
583
585
586
588
589
590
593
607
613
625
626
628
629
630
631
632
633
634
635
636
637
638
639
640
641
642
643
644
650
651
652
653
654
655
656
658
660
661
662
671
675
676
678
679
682
685
689
690
691
693
694
696
697
698
705
706
707
708
709
710
711
713
714
715
717
718
720
721
723
732
738
741
742
743
745
747
748
750
751
752
754
756
759
762
763
764
770
771
772
773
776
779
780
782
786
788
790
793
794
796
797
801
802
809
811
815
819
820
821
822
823
824
825
826
827
828
829
830
831
832
833
834
835
836
837
838
839
840
841
842
843
844
845
846
847
848
849
850
851
910
911
912
913
914
915
916
917
918
919
920
921
922
923
924
925
926
927
928
929
930
931
932
933
935
936
937
938
939
940
942
943
944
945
946
947
948
949
950
951
952
953
954
955
956
957
958
959
960
961
962
963
1005
1013
1014
1015
1016
1017
1018
1019
1020
1021
1022
1023
1024
1025
1026
1027
1028
1029
1030
1031
1032
1035
1037
1040
1041
1042
1043
1044
1045
1046
1048
1049
1050
1051
1052
1053
1054
1055
1056
1057
1086
1087
1088
1093
1094
1095
1096
1097
1098
1099
1100
1101
1102
1103
1104
1105
1106
1107
1108
1110
1111
1112
1114
1115
1122
1124
1125
1127
1128
1129
1132
1133
1134
1135
1136
1147
1152
1154
1155
1156
1157
1158
1159
1160
1161
1163
1166
1169
1174
1175
1176
1179
1181
1586
1609
1610
1611
1612
1613
1614
1642
1643
1644
1645
1646
1672
1677
1679
1680
1682
1684
1685
1686
1689
1690
1707
2259
2275
2284
2285
2286
2287
2288
2289
2290
2291
2292
2316
2317
2318
2319
2320
2321
2322
2342
2346
2348
2349
2350
2351
2352
2353
2354
2355
2371
2375
2376
2377
2378
2588
2611
2612
2613
2614
2615
2616
2617
2618
2619
2620
2621
2677
2678
2679
2680
2681
2682
2683
2684
2685
2686
2910
2911
2912
2913
2914
2915
2916
2917
2918
2919
2923
2924
2925
2926
2927
2928
2929
2930
2931
2932
2933
2934
2935
2936
2937
2938
2939
2948
2949
2950
2951
2952
2953
2954
2955
2956
2957
2958
2966
2967
2968
2969
2970
2971
2972
2973
2978
2986
2987
2988
2989
2990
2991
2992
2993
2994
2995
2997
2998
2999
3000
3006
3007
3008
3010
3011
3012
3013
3014
3015
3016
3017
3018
3019
3020
3021
3022
3023
3024
3031
3032
3033
3034
3035
3036
3037
3038
3039
3040
3041
3042
3049
3050
3051
3052
3054
3055
3056
3057
3058
3062
3063
3064
3067
3068
3069
3070
3071
3072
3073
3074
3075
3076
3077
3079
3083
3084
3085
3086
3087
3088
3089
3090
3091
3092
3093
3094
3095
3096
3097
3099
3100
3104
3105
3106
3108
3109
3110
3111
3112
3113
3114
3115
3116
3120
3121
3122
3123
3126
3128
3129
3132
3133
3135
3136
3137
3138
3140
3142
3144
3145
3146
3147
3149
3150
3151
3152
3154
3155
3156
3157
3158
3160
3163
3165
3166
3168
3169
3170
3171
3172
3173
3174
3175
3176
3177
3178
3179
3180
3181
3182
3184
3185
3186
3187
3188
3189
3190
3191
3192
3193
3194
3197
3198
3199
3200
3201
3204
3205
3207
3208
3210
3211
3212
3213
3215
3216
3219
3221
3222
3225
3226
3227
3230
3231
3232
3233
3235
3236
3238
3239
3240
3241
3242
3243
3244
3245
3246
3247
3248
3249
3250
3251
3253
3254
3255
3256
3257
3258
3259
3260
3261
3262
3263
3264
3267
3268
3269
3270
3271
3273
3275
3277
3279
3280
3281
3282
3284
3287
3288
3290
3291
3293
3294
3296
3298
3300
3301
3302
3303
3304
3305
3306
3307
3308
3309
3310
3311
3312
3313
3314
3315
3316
3317
3318
3319
3320
3321
3322
3323
3324
3325
3326
3327
3328
3329
3330
3331
3332
3333
3336
3339
3340
3341
3342
3343
3344
3345
3346
3347
3349
3350
3351
3352
3353
3354
3355
3358
3359
3360
3361
3363
3365
3367
3368
3369
3370
3372
3373
3374
3375
3376
3377
3378
3379
3381
3382
3383
3384
3385
3386
3387
3388
3390
3391
3392
3393
3394
3395
3396
3397
3398
3399
3402
3403
3404
3405
3407
3408
3409
3410
3412
3413
3414
3415
3416
3417
3418
3420
3421
3422
3423
3424
3425
3426
3428
3429
3430
3432
3433
3434
3436
3437
3438
3439
3440
3441
3442
3445
3446
3447
3449
3450
3451
3452
3453
3454
3455
3456
3457
3458
3459
3460
3462
3463
3465
3466
3468
3470
3471
3472
3473
3474
3475
3476
3477
3479
3480
3481
3483
3484
3485
3486
3487
3488
3490
3491
3493
3495
3496
3497
3498
3499
3500
3501
3502
3503
3504
3505
3506
3507
3508
3509
3511
3512
3514
3515
3516
3517
3518
3519
3520
3521
3522
3523
3524
3525
3526
3527
3528
3529
3530
3532
3533
3534
3536
3537
3538
3540
3541
3543
3544
3545
3546
3547
3548
3549
3550
3551
3553
3554
3555
3556
3557
3558
3559
3561
3562
3563
3566
3567
3568
3569
3570
3571
3573
3576
3578
3579
3580
3581
3583
3584
3585
3587
3588
3589
3590
3591
3592
3594
3596
3597
3598
3600
3601
3602
3604
3605
3606
3609
3611
3614
3615
3618
3619
3620
3621
3622
3623
3624
3628
3629
3630
3632
3633
3634
3635
3637
3639
3643
3647
3653
3655
3660
3663
3664
3673
3767
3854
3870
3904
3914
3915
3917
3918
3922
3923
3926
3944
3957
3965
3967
3975
3978
3979
3990
3991
3992
3996
3998
4001
4017
4018
4033
4041
4061
4065
4066
4067
4068
4082
4089
4090
4091
4092
4093
4112
4113
4114
4115
4118
4119
4129
4130
4131
4133
4134
4135
4136
4137
4139
4140
4142
4145
4146
4147
4148
4149
4154
4155
4156
4157
4165
4166
4167
4168
4170
4171
4172
4173
4178
4179
4180
4182
4184
4185
4186
4187
4188
4189
4190
4191
4195
4197
4198
4199
4200
4201
4202
4212
4213
4216
4217
4218
4227
4228
4235
4238
4242
4243
4244
4245
4247
4248
4249
4250
4251
4252
4253
4254
4255
4256
4257
4258
4259
4261
4265
4266
4267
4268
4269
4270
4271
4272
4273
4274
4275
4276
4277
4278
4279
4280
4281
4282
4283
4285
4286
4287
4290
4295
4296
4297
4298
4299
4300
4301
4302
4303
4305
4306
4307
4308
4309
4310
4311
4312
4313
4314
4315
4316
4317
4318
4319
4320
4321
4322
4323
4324
4325
4326
4327
4328
4329
4330
4331
4332
4333
4334
4335
4336
4339
4350
4353
4354
4362
4367
4368
4369
4370
4376
4377
4378
4383
4384
4385
4399
4400
4401
4402
4403
4404
4405
4406
4407
4408
4416
4417
4418
4419
4420
4421
4422
4423
4424
4425
4426
4427
4428
4429
4430
4431
4432
4433
4434
4435
4436
4437
4438
4439
4440
4441
4442
4443
4444
4445
4446
4452
4453
4454
4455
4456
4458
4459
4460
4461
4462
4463
4464
4473
4474
4475
4476
4477
4478
4479
4480
4481
4482
4483
4484
4485
4486
4487
4488
4489
4490
4496
4497
4498
4499
4500
4501
4502
4503
4504
4505
4506
4507
4508
4509
4510
4511
4512
4513
4514
4515
4516
4517
4518
4519
4520
4521
4522
4523
4524
4525
4526
4527
4529
4530
4533
4534
4535
4536
4537
4538
4539
4540
4541
4542
4543
4544
4545
4546
4547
4548
4549
4550
4551
4552
4553
4554
4555
4556
4557
4558
4559
4567
4568
4569
4570
4571
4572
4573
4574
4575
4576
4577
4578
4579
4580
4581
4582
4583
4584
4585
4586
4587
4588
4589
4590
4591
4592
4593
4594
4595
4596
4597
4598
4599
4600
4601
4602
4603
4604
4605
4606
4607
4608
4609
4610
4611
4612
4613
4614
4615
4616
4617
4618
4619
4620
4621
4622
4623
4624
4625
4626
4627
4628
4629
4630
4631
4632
4633
4634
4635
4636
4637
4638
4639
4640
4641
4642
4663
4664
4665
4668
4669
4670
4671
4672
4682
4683
4684
4685
4686
4687
4688
4689
4690
4696
4697
4698
4699
4700
4701
4702
4703
4704
4705
4706
4707
4708
4709
4710
4711
4712
4713
4714
4715
4716
4717
4718
4723
4724
4725
4726
4727
4728
4731
4732
4733
4734
4735
4736
4737
4738
4739
4740
4741
4742
4743
4744
4745
4747
4748
4749
4750
4751
4752
4753
4754
4755
4756
4757
4758
4759
4760
4761
4762
4763
4773
4775
4776
4777
4778
4779
4780
4781
4782
4783
4784
4785
4786
4787
4788
4789
4790
4791
4792
4793
4794
4795
4796
4797
4798
4799
4800
4801
4802
4803
4804
4805
4806
4807
4808
4809
4810
4811
4812
4813
4814
4815
4816
4817
4818
4819
4820
4821
4822
4823
4824
4825
4826
4827
4828
4829
4830
4831
4832
4833
4834
4835
4836
4837
4838
4839
4840
4841
4842
4843
4844
4845
4846
4847
4848
4849
4850
4851
4852
4853
4854
4855
4856
4857
4858
4859
4860
4861
4862
4863
4864
4865
4866
4867
4868
4869
4870
4871
4872
4873
4874
4875
4876
4877
4878
4879
4880
4881
4882
4883
4884
4885
4887
4888
4889
4891
4892
4893
4894
4895
4896
4897
4898
4900
4901
4902
4903
4904
4905
4906
4907
4908
4912
4913
4914
4915
4916
4917
4918
4919
4920
4921
4922
4923
4924
4925
4926
4927
4928
4929
4930
4931
4932
4933
4934
4935
4936
4937
4938
4939
4940
4941
4942
4943
4944
4945
4974
4975
4976
4977
4978
4979
4980
4981
4982
4983
4984
4985
4986
4987
4988
4989
4990
4991
4992
4993
4994
4995
4996
4997
4998
5000
5001
5002
5003
5004
5005
5007
5008
5009
5010
5011
5012
5013
5014
5015
5016
5017
5018
5019
5020
5021
5022
5023
5024
5025
5026
5027
5028
5029
5030
5031
5032
5033
5034
5035
5036
5037
5038
5039
5040
5041
5042
5043
5044
5045
5046
5047
5048
5049
5050
5051
5052
5053
5054
5055
5056
5057
5058
5059
5063
5090
5091
5093
5094
5095
5096
5097
5100
5101
5102
5103
5105
5106
5107
5108
5109
5110
5111
5112
5113
5114
5115
5116
5117
5118
5119
5120
5121
5122
5123
5124
5125
5126
5127
5128
5129
5130
5131
5132
5133
5173
5174
5175
5176
5177
5179
5180
5181
5185
5186
5189
5190
5191
5192
5193
5194
5195
5196
5197
5198
5199
5200
5201
5202
5203
5204
5205
5206
5207
5208
5209
5210
5212
5213
5214
5215
5216
5217
5218
5219
5220
5221
5222
5223
5224
5225
5226
5227
5230
5231
5232
5233
5234
5235
5236
5237
5238
5243
5244
5245
5246
5247
5248
5249
5250
5251
5252
5253
5254
5255
5256
5257
5258
5259
5260
5261
5262
5263
5264
5265
5266
5267
5268
5269
5270
5271
5272
5273
5276
5277
5278
5279
5280
5281
5282
5283
5284
5285
5286
5287
5288
5289
5290
5291
5292
5293
5294
5295
5296
5297
5298
5299
5300
5301
5302
5303
5304
5305
5306
5307
5308
5309
5310
5311
5312
5313
5314
5315
5318
5319
5320
5321
5322
5323
5324
5325
5326
5327
5328
5329
5330
5331
5332
5333
5334
5335
5336
5337
5338
5339
5340
5341
5342
5343
5344
5345
5346
5347
5348
5349
5351
5352
5353
5354
5355
5356
5357
5358
5359
5360
5361
5362
5363
5364
5365
5366
5367
5368
5369
5370
5371
5372
5373
5374
5375
5376
5377
5502
5504
5505
5506
5507
5508
5509
5510
5511
5512
5513
5514
5515
5516
5517
5518
5519
5520
5521
5522
5524
5525
5526
5527
5528
5529
5530
5531
5532
5533
5534
5535
5536
5537
5538
5539
5540
5541
5542
5543
5544
5545
5546
5547
5548
5549
5550
5555
5556
5557
5558
5559
5560
5561
5629
5632
5633
5634
5636
5637
5639
5640
5641
5642
5643
5649
5650
5651
5652
5653
5654
5655
5656
5657
5658
5659
5660
5661
5662
5663
5664
5668
5669
5670
5671
5672
5673
5674
5675
5678
5683
5684
5685
5686
5687
5700
5701
5703
5704
5705
5706
5707
5708
5709
5710
5711
5712
5713
5714
5715
5716
5717
5718
5719
5720
5721
5727
5728
5730
5731
5732
5733
5734
5735
5736
5737
5738
5739
5740
5741
5742
5743
5744
5745
5746
5747
5748
5749
5750
5751
5752
5753
5754
5755
5756
5757
5758
5759
5760
5761
5762
5763
5764
5765
5766
5767
5768
5769
5770
5771
5772
5773
5774
5787
5788
5789
5790
5791
5792
5793
5794
5795
5796
5797
5798
5799
5800
5801
5802
5803
5804
5805
5806
5807
5823
5824
5825
5826
5827
5828
5829
5830
5831
5832
5833
5834
5835
5836
5837
5838
5839
5840
5841
5842
5843
5844
5855
5856
5857
5858
5859
5860
5861
5862
5863
5864
5865
5866
5867
5882
5883
5884
5885
5886
5887
5888
5889
5890
5891
5892
5893
5894
5895
5899
5900
5901
5902
5903
5904
5907
5908
5909
5910
5911
5912
5913
5914
5915
5916
5917
5918
5919
5920
5921
5922
5924
5925
5926
5927
5928
5929
5954
5955
5956
5957
5958
5959
5960
5961
5962
5963
5964
5965
5966
6118
6131
6170
6171
6173
6178
6180
6192
6194
6195
6196
6197
6199
6208
6209
6210
9141
9256
9270
9327
9328
9329
9330
9331
9332
9416
9417
9418
9419
9456
9457
9458
9459
9460
9461
9462
9463
9464
9465
9471
9504
9506
9547
9548
9549
9550
9551
9563
9564
9565
9566
9567
9568
9578
9579
9580
9589
9590
9591
9601
9602
9603
9607
9615
9616
9617
9618
9619
9620
9621
9622
9623
9630
9631
9632
9633
9634
9635
9636
9637
9638
9639
9640
9641
9642
9643
9644
9645
9646
9647
9648
9649
9650
9651
9662
9670
9671
9672
9673
9674
9675
9677
9683
9684
9688
9700
9701
9727
9735
9736
9737
9738
9739
9740
9741
9742
9743
9744
9745
9746
9747
9748
9749
9763
9764
9765
9766
9767
9771
9772
9773
9774
9777
9778
9779
9780
9781
9782
9783
9784
9785
9786
9787
9788
9789
9790
9791
9792
9793
9794
9795
9796
9797
9798
9799
9800
9801
9802
9803
9804
9805
9806
9807
9808
9809
9810
9813
9814
9815
9816
9821
9822
9823
9831
9833
9834
9835
9836
9837
9838
9839
9840
9841
9842
9843
9850
9851
9852
9853
9854
9855
9856
9857
9858
9859
9860
9861
9862
9863
9864
9865
9866
9875
9876
9877
9878
9879
9880
9881
9882
9883
9884
9885
9886
9887
9888
9889
9890
9891
9892
9893
9894
9895
9896
9897
9898
9899
9900
9901
9902
9903
9904
9905
9906
9907
9908
9909
9910
9911
9912
9913
9914
9915
9916
9917
9918
9919
9920
9921
9922
9923
9924
9925
9926
9927
9928
9929
9930
9931
9932
9933
9934
9935
9936
9937
9938
9939
9940
9941
9942
9943
9944
9945
9946
9947
9948
9949
9950
9951
9952
9953
9954
9955
9956
9957
9958
9959
9960
9961
9962
9963
9964
9965
9966
9967
9968
9970
9971
9972
9973
9974
9975
9976
9977
9978
9979
9981
9982
9983
9984
9985
9986
9987
9988
9989
9990
9991
9992
9993
9994
9995
9996
9997
9998
9999
10000
10001
10002
10003
10004
10005
10006
10007
10008
10009
10010
10011
10012
10013
10014
10015
10016
10017
10018
10019
10020
10021
10022
10023
10024
10025
10026
10027
10028
10029
10030
10031
10032
10033
10034
10035
10036
10037
10038
10039
10040
10041
10042
10043
10044
10045
10046
10047
10048
10049
10050
10051
10052
10053
10054
10055
10056
10057
10058
10059
10060
10061
10062
10063
10064
10065
10066
10067
10068
10069
10070
10071
10072
10073
10074
10075
10076
10077
10078
10079
10080
10081
10082
10083
10084
10085
10086
10087
10088
10089
10090
10091
10092
10093
10094
10095
10096
10097
10098
10099
10100
10101
10102
10103
10104
10105
10106
10107
10108
10109
10110
10111
10112
10113
10114
10115
10116
10117
10118
10119
10120
10121
10122
10123
10124
10125
10126
10127
10128
10129
10130
10131
10132
10133
10134
10135
10138
10139
10140
10141
10142
10143
10144
10145
10146
10147
10148
10149
10150
10151
10152
10153
10154
10155
10156
10157
10158
10159
10160
10161
10162
10163
10164
10165
10166
10167
10168
10169
10170
10171
10172
10173
10174
10175
10176
10177
10178
10180
10181
10182
10183
10184
10185
10186
10187
10190
10191
10192
10193
10194
10195
10196
10197
10198
10199
10200
10201
10204
10205
10206
10207
10208
10209
10210
10248
10249
10250
10251
10254
10255
10256
10257
10258
10259
10260
10265
10266
10267
10268
10269
10270
10271
10272
10273
10274
10275
10276
10277
10278
10279
10280
10281
10282
10283
10284
10287
10288
10289
10290
10291
10292
10293
10294
10295
10303
10304
10305
10306
10307
10308
10309
10310
10311
10312
10313
10314
10315
10316
10317
10318
10319
10320
10321
10322
10323
10325
10326
10327
10328
10329
10330
10331
10332
10333
10334
10335
10336
10337
10338
10339
10340
10341
10342
10343
10344
10345
10346
10347
10348
10349
10350
10351
10352
10353
10354
10355
10356
10357
10358
10359
10360
10361
10362
10363
10364
10365
10366
10367
10368
10369
10370
10371
10372
10373
10374
10375
10376
10377
10378
10379
10380
10381
10382
10383
10384
10385
10386
10387
10388
10389
10390
10391
10392
10393
10394
10395
10396
10397
10398
10399
10400
10401
10402
10403
10404
10405
10406
10407
10408
10409
10410
10411
10412
10413
10414
10415
10416
10417
10418
10419
10420
10421
10422
10423
10424
10425
10426
10427
10428
10429
10430
10431
10432
10433
10434
10435
10436
10437
10438
10453
10459
10460
10461
10462
10463
10468
10469
10473
10474
10475
10476
10477
10491
10492
10493
10494
10495
10496
10497
10498
10499
10500
10501
10502
10503
10504
10505
10506
10507
10508
10513
10514
10515
10516
10517
10518
10519
10520
10521
10522
10523
10524
10525
10526
10527
10528
10529
10530
10532
10533
10534
10535
10536
10537
10538
10539
10540
10541
10542
10543
10544
10545
10546
10547
10548
10549
10550
10551
10552
10553
10554
10555
10556
10557
10558
10559
10560
10561
10562
10563
10564
10565
10566
10567
10568
10569
10570
10571
10572
10573
10574
10575
10576
10577
10578
10579
10580
10581
10582
10583
10584
10585
10586
10587
10588
10589
10590
10591
10592
10593
10594
10595
10596
10597
10598
10599
10600
10601
10602
10603
10604
10605
10606
10607
10608
10609
10610
10611
10612
10613
10636
10643
10644
10646
10647
10648
10649
10672
10673
10674
10675
10676
10680
10681
10682
10683
10684
10685
10686
10687
10688
10689
10690
10691
10692
10693
10706
10707
10708
10709
10710
10711
10712
10713
10714
10715
10716
10717
10718
10719
10720
10721
10722
10723
10724
10725
10726
10727
10728
10729
10730
10731
10732
10733
10734
10735
10736
10737
10738
10739
10740
10741
10742
10743
10744
10745
10746
10747
10748
10749
10750
10751
10752
10753
10754
10755
10756
10757
10758
10759
10760
10761
10762
10763
10764
10765
10766
10767
10768
10769
10770
10771
10772
10773
10774
10775
10776
10777
10778
10779
10780
10781
10782
10783
10784
10785
10786
10787
10788
10789
10790
10791
10792
10793
10794
10795
10796
10797
10798
10799
10800
10801
10802
10803
10804
10805
10806
10807
10808
10809
10810
10811
10812
10813
10814
10815
10816
10817
10819
10820
10821
10822
10823
10824
10825
10826
10827
10828
10829
10830
10831
10832
10833
10834
10835
10836
10837
10838
10839
10840
10841
10845
10852
10853
10854
10855
10856
10858
10859
10860
10861
10862
10863
10864
10865
10866
10867
10868
10869
10870
10871
10872
10873
10874
10875
10876
10877
10878
10879
10880
10881
10882
10883
10884
10885
10886
10887
10888
10889
10890
10891
10892
10893
10894
10895
10896
10897
10898
10899
10900
10901
10902
10903
10904
10905
10906
10907
10908
10909
10910
10911
10912
10913
10914
10915
10916
10917
10918
10919
10920
10921
10922
10923
10924
10925
10926
10927
10928
10929
10930
10931
10932
10933
10934
10935
10936
10937
10938
10939
10940
10941
10942
10943
10944
10945
10946
10947
10948
10949
10950
10951
10952
10953
10954
10955
10956
10957
10958
10959
10960
10961
10962
10963
10964
10965
10966
10967
10968
10969
10970
10971
10972
10973
10974
10975
10976
10977
10978
10979
10980
10981
10982
10983
10984
10985
10986
10987
10988
10989
10990
10991
10992
10993
10994
10995
10996
10997
10998
10999
11000
11001
11002
11003
11004
11005
11006
11007
11008
11009
11010
11011
11012
11013
11014
11015
11016
11017
11018
11019
11020
11021
11022
11023
11024
11025
11026
11027
11028
11029
11030
11031
11032
11033
11034
11035
11036
11037
11038
11039
11040
11041
11042
11043
11044
11045
11046
11047
11048
11049
11050
11051
11052
11053
11054
11055
11056
11057
11058
11059
11060
11061
11062
11063
11064
11065
11068
11075
11078
11084
11087
11088
11095
11096
11097
11098
11099
11100
11101
11102
11103
11104
11105
11106
11107
11108
11109
11110
11111
11112
11113
11114
11115
11116
11117
11120
11121
11122
11123
11124
11125
11126
11127
11128
11129
11130
11131
11132
11133
11134
11135
11136
11137
11138
11139
11140
11141
11142
11143
11144
11145
11146
11147
11148
11149
11150
11151
11152
11153
11154
11155
11156
11157
11158
11159
11239
11240
11241
11242
11243
11244
11245
11246
11247
11248
11249
11250
11251
11252
11253
11254
11255
11256
11257
11258
11259
11260
11261
11262
11263
11264
11265
11266
11267
11268
11269
11270
11271
11272
11273
11274
11275
11276
11277
11278
11279
11280
11281
11282
11283
11284
11285
11286
11287
11288
11289
11290
11291
11292
11293
11294
11295
11296
11297
11298
11299
11300
11301
11302
11303
11304
11305
11306
11307
11308
11309
11310
11311
11340
11341
11342
11343
11344
11345
11346
11347
11348
11349
11350
11351
11352
11353
11354
11355
11356
11357
11358
11359
11360
11361
11362
11363
11364
11365
11366
11367
11368
11369
11370
11371
11372
11373
11374
11375
11376
11377
11378
11379
11380
11381
11382
11383
11384
11385
11386
11387
11388
11389
11390
11391
11392
11393
11394
11395
11396
11397
11398
11399
11400
11401
11402
11403
11404
11405
11406
11407
11408
11409
11410
11411
11412
11413
11414
11415
11416
11417
11418
11419
11420
11421
11422
11423
11424
11425
11426
11427
11428
11429
11430
11431
11432
11433
11434
11435
11436
11437
11438
11439
11440
11441
11442
11443
11444
11445
11446
11447
11448
11449
11450
11451
11452
11453
11454
11455
11456
11457
11458
11459
11460
11461
11462
11463
11464
11465
11466
11467
11468
11469
11470
11471
11472
11473
11474
11475
11476
11477
11478
11479
11480
11481
11482
11483
11484
11485
11486
11487
11488
11489
11490
11491
11492
11493
11494
11495
11496
11497
11498
11499
11500
11501
11502
11503
11504
11505
11506
11507
11508
11509
11510
11511
11512
11513
11514
11515
11516
11517
11518
11519
11520
11521
11522
11523
11524
11525
11526
11527
11528
11529
11530
11531
11532
11533
11534
11535
11536
11537
11538
11539
11540
11541
11542
11543
11544
11545
11839
11840
12032
12033
12034
12035
12040
12042
12043
12049
12086
12087
12088
12089
12091
12093
12094
12107
12108
12109
12110
12111
12112
12113
12114
12115
12116
12117
12119
12120
12121
12122
12126
12127
12128
12129
12130
12131
12132
12134
12138
12139
12144
12152
12153
12154
12155
12156
12157
12158
12159
12160
12161
12162
12163
12164
12165
12166
12167
12168
12169
12170
12226
12227
12228
12229
12230
12231
12232
12233
12234
12235
12236
12237
12253
12254
12255
12256
12257
12258
12259
12260
12261
12262
12263
12264
12265
12266
12267
12268
12269
12270
12271
12273
12274
12275
12276
12277
12278
12280
12281
12282
12283
12284
12285
12286
12287
12288
12289
12290
12291
12292
12293
12294
12295
12296
12297
12298
12299
12300
12301
12302
12303
12304
12305
12306
12307
12308
12309
12310
12311
12312
12313
12314
12315
12316
12317
12318
12319
12320
12321
12322
12323
12324
12325
12326
12327
12328
12329
12330
12331
12332
12333
12334
12335
12336
12337
12338
12339
12340
12341
12342
12343
12344
12345
12346
12347
12348
12349
12350
12351
12352
12353
12354
12355
12356
12357
12358
12359
12360
12361
12362
12363
12364
12365
12366
12367
12368
12369
12370
12371
12372
12373
12374
12375
12376
12377
12378
12379
12380
12381
12382
12383
12384
12385
12386
12387
12388
12389
12390
12391
12392
12393
12394
12395
12396
12397
12398
12399
12400
12401
12402
12403
12404
12405
12406
12407
12408
12409
12410
12411
12412
12413
12414
12415
12416
12417
12418
12419
12420
12421
12422
12423
12424
12425
12426
12427
12428
12429
12430
12431
12432
12433
12434
13006
13007
13038
13039
13040
13043
13461
13463
13464
13465
13466
13470
13494
13495
13503
13648
13667
13668
13676
13677
13680
13685
13717
13726
13887
13888
13889
13890
13892
13895
13896
13897
13898
13901
13903
13904
13906
14197
14222
14236
14255
14309
14379
14384
14385
14396
14397
14398
14399
14530
14539
14540
14541
14542
14628
14629
14682
14686
14687
14712
14713
14714
14719
14720
14721
14855
14868
14869
14870
14871
14961
14974
15056
15057
15058
15112
15113
15114
15188
15190
15192
15193
15194
)


// ************************************************************************* //
