0.00025641	1
0.000512821	1
0.000769231	1
0.00102564	2
0.00128205	2
0.00153846	2
0.00179487	2
0.00205128	2
0.00230769	2
0.0025641	2
0.00282051	2
0.00307692	3
0.00333333	3
0.00358974	3
0.00384615	3
0.00410256	3
0.00435897	3
0.00461538	3
0.00487179	3
0.00512821	4
0.00538462	4
0.00564103	4
0.00589744	4
0.00615385	4
0.00641026	4
0.00666667	4
0.00692308	4
0.00717949	4
0.0074359	5
0.00769231	5
0.00794872	5
0.00820513	5
0.00846154	5
0.00871795	5
0.00897436	5
0.00923077	5
0.00948718	5
0.00974359	6
0.01	6
0.0102564	6
0.0105128	6
0.0107692	6
0.0110256	6
0.0112821	6
0.0115385	6
0.0117949	6
0.0120513	7
0.0123077	7
0.0125641	7
0.0128205	7
0.0130769	7
0.0133333	7
0.0135897	7
0.0138462	7
0.0141026	7
0.014359	8
0.0146154	8
0.0148718	8
0.0151282	8
0.0153846	8
0.015641	8
0.0158974	8
0.0161538	8
0.0164103	9
0.0166667	9
0.0169231	9
0.0171795	9
0.0174359	9
0.0176923	9
0.0179487	9
0.0182051	9
0.0184615	9
0.0187179	10
0.0189744	10
0.0192308	10
0.0194872	10
0.0197436	10
0.02	10
0.0202564	10
0.0205128	10
0.0207692	10
0.0210256	11
0.0212821	11
0.0215385	11
0.0217949	11
0.0220513	11
0.0223077	11
0.0225641	11
0.0228205	11
0.0230769	11
0.0233333	12
0.0235897	12
0.0238462	12
0.0241026	12
0.024359	12
0.0246154	12
0.0248718	12
0.0251282	12
0.0253846	12
0.025641	13
0.0258974	13
0.0261538	13
0.0264103	13
0.0266667	13
0.0269231	13
0.0271795	13
0.0274359	13
0.0276923	13
0.0279487	13
0.0282051	14
0.0284615	14
0.0287179	14
0.0289744	14
0.0292308	14
0.0294872	14
0.0297436	14
0.03	14
0.0302564	14
0.0305128	15
0.0307692	15
0.0310256	15
0.0312821	15
0.0315385	15
0.0317949	15
0.0320513	15
0.0323077	15
0.0325641	15
0.0328205	16
0.0330769	16
0.0333333	16
0.0335897	16
0.0338462	16
0.0341026	16
0.034359	16
0.0346154	16
0.0348718	16
0.0351282	17
0.0353846	17
0.035641	17
0.0358974	17
0.0361538	17
0.0364103	17
0.0366667	17
0.0369231	17
0.0371795	17
0.0374359	18
0.0376923	18
0.0379487	18
0.0382051	18
0.0384615	18
0.0387179	18
0.0389744	18
0.0392308	18
0.0394872	18
0.0397436	18
0.04	19
0.0402564	19
0.0405128	19
0.0407692	19
0.0410256	19
0.0412821	19
0.0415385	19
0.0417949	19
0.0420513	20
0.0423077	20
0.0425641	20
0.0428205	20
0.0430769	20
0.0433333	20
0.0435897	20
0.0438462	20
0.0441026	20
0.044359	20
0.0446154	21
0.0448718	21
0.0451282	21
0.0453846	21
0.045641	21
0.0458974	21
0.0461538	21
0.0464103	21
0.0466667	21
0.0469231	22
0.0471795	22
0.0474359	22
0.0476923	22
0.0479487	22
0.0482051	22
0.0484615	22
0.0487179	22
0.0489744	23
0.0492308	23
0.0494872	23
0.0497436	23
0.05	23
0.0502564	23
0.0505128	23
0.0507692	23
0.0510256	23
0.0512821	24
0.0515385	24
0.0517949	24
0.0520513	24
0.0523077	24
0.0525641	24
0.0528205	24
0.0530769	24
0.0533333	25
0.0535897	25
0.0538462	25
0.0541026	25
0.054359	25
0.0546154	25
0.0548718	25
0.0551282	25
0.0553846	26
0.055641	26
0.0558974	26
0.0561538	26
0.0564103	26
0.0566667	26
0.0569231	26
0.0571795	26
0.0574359	26
0.0576923	27
0.0579487	27
0.0582051	27
0.0584615	27
0.0587179	27
0.0589744	27
0.0592308	27
0.0594872	27
0.0597436	28
0.06	28
0.0602564	28
0.0605128	28
0.0607692	28
0.0610256	28
0.0612821	28
0.0615385	28
0.0617949	28
0.0620513	29
0.0623077	29
0.0625641	29
0.0628205	29
0.0630769	29
0.0633333	29
0.0635897	29
0.0638462	29
0.0641026	29
0.064359	30
0.0646154	30
0.0648718	30
0.0651282	30
0.0653846	30
0.065641	30
0.0658974	30
0.0661538	30
0.0664103	30
0.0666667	31
0.0669231	31
0.0671795	31
0.0674359	31
0.0676923	31
0.0679487	31
0.0682051	31
0.0684615	31
0.0687179	32
0.0689744	32
0.0692308	32
0.0694872	32
0.0697436	32
0.07	32
0.0702564	32
0.0705128	32
0.0707692	33
0.0710256	33
0.0712821	33
0.0715385	33
0.0717949	33
0.0720513	33
0.0723077	33
0.0725641	33
0.0728205	34
0.0730769	34
0.0733333	34
0.0735897	34
0.0738462	34
0.0741026	34
0.074359	34
0.0746154	34
0.0748718	35
0.0751282	35
0.0753846	35
0.075641	35
0.0758974	35
0.0761538	35
0.0764103	35
0.0766667	35
0.0769231	35
0.0771795	36
0.0774359	36
0.0776923	36
0.0779487	36
0.0782051	36
0.0784615	36
0.0787179	36
0.0789744	36
0.0792308	37
0.0794872	37
0.0797436	37
0.08	37
0.0802564	37
0.0805128	37
0.0807692	37
0.0810256	37
0.0812821	38
0.0815385	38
0.0817949	38
0.0820513	38
0.0823077	38
0.0825641	38
0.0828205	38
0.0830769	38
0.0833333	38
0.0835897	39
0.0838462	39
0.0841026	39
0.084359	39
0.0846154	39
0.0848718	39
0.0851282	39
0.0853846	39
0.085641	40
0.0858974	40
0.0861538	40
0.0864103	40
0.0866667	40
0.0869231	40
0.0871795	40
0.0874359	40
0.0876923	41
0.0879487	41
0.0882051	41
0.0884615	41
0.0887179	41
0.0889744	41
0.0892308	41
0.0894872	42
0.0897436	42
0.09	42
0.0902564	42
0.0905128	42
0.0907692	42
0.0910256	42
0.0912821	42
0.0915385	43
0.0917949	43
0.0920513	43
0.0923077	43
0.0925641	43
0.0928205	43
0.0930769	43
0.0933333	43
0.0935897	44
0.0938462	44
0.0941026	44
0.094359	44
0.0946154	44
0.0948718	44
0.0951282	44
0.0953846	44
0.095641	44
0.0958974	44
0.0961538	45
0.0964103	45
0.0966667	45
0.0969231	45
0.0971795	45
0.0974359	45
0.0976923	45
0.0979487	45
0.0982051	45
0.0984615	45
0.0987179	46
0.0989744	46
0.0992308	46
0.0994872	46
0.0997436	46
0.1	47
