0.00025641	1.728071049567402e-19
0.000512821	-1.266770390798275e-18
0.000769231	-6.064275231690372e-19
0.00102564	-1.139303638621322e-18
0.00128205	-1.134211473174748e-18
0.00153846	-1.059774530038155e-18
0.00179487	-1.087434627491827e-18
0.00205128	-1.063554065867242e-18
0.00230769	-1.009484958765434e-18
0.0025641	-9.571343664846054e-19
0.00282051	-8.50020239983049e-19
0.00307692	-9.001093612831652e-19
0.00333333	-7.880230363225328e-19
0.00358974	-8.469732776434787e-19
0.00384615	-7.403876358652409e-19
0.00410256	-7.108680810890082e-19
0.00435897	8.992083966321214e-19
0.00461538	-7.293156192942417e-19
0.00487179	-7.343845542869302e-19
0.00512821	-6.878363733180587e-19
0.00538462	1.034280383591981e-18
0.00564103	-1.317498546833018e-18
0.00589744	-1.500605997429376e-18
0.00615385	1.572392784357308e-18
0.00641026	-1.527602504264824e-18
0.00666667	1.592948242816904e-18
0.00692308	-1.265951020343747e-18
0.00717949	-8.32396274757425e-19
0.0074359	7.084785762430104e-19
0.00769231	1.152224583017388e-18
0.00794872	-1.282641664703556e-18
0.00820513	7.5323140157987e-19
0.00846154	1.166113417649235e-18
0.00871795	3.663002131005962e-19
0.00897436	4.573991417384865e-19
0.00923077	-9.274744022431658e-19
0.00948718	-1.306970037651461e-18
0.00974359	8.507409629813308e-19
0.01	7.848672740466934e-19
0.0102564	6.943600935621913e-19
0.0105128	1.626321023970183e-18
0.0107692	1.078229163847107e-18
0.0110256	9.560139277971884e-19
0.0112821	1.111393796762494e-18
0.0115385	8.815051324849248e-19
0.0117949	1.175279472779071e-18
0.0120513	1.024418408535403e-18
0.0123077	1.067494442993371e-18
0.0125641	1.027592201579677e-18
0.0128205	-1.228537967540914e-18
0.0130769	9.956891648013959e-19
0.0133333	1.113613606136486e-18
0.0135897	4.99152787103795e-19
0.0138462	9.577178501883567e-19
0.0141026	1.135576685430779e-18
0.014359	1.039648640549486e-18
0.0146154	1.026112667511905e-18
0.0148718	9.167084589076921e-19
0.0151282	1.448762121330051e-18
0.0153846	8.835482239496313e-19
0.015641	9.844790782157464e-19
0.0158974	9.146587017558057e-19
0.0161538	9.584327022109013e-19
0.0164103	8.588427487151627e-19
0.0166667	1.168424669652413e-18
0.0169231	9.217738500253213e-19
0.0171795	1.866149796054708e-18
0.0174359	-1.000568989735989e-18
0.0176923	1.627657352283596e-18
0.0179487	8.297289935853199e-19
0.0182051	-1.561993590617445e-18
0.0184615	8.598111424581687e-19
0.0187179	-8.633112450420115e-19
0.0189744	9.888797521880275e-19
0.0192308	9.306199282102987e-19
0.0194872	1.358494366655311e-18
0.0197436	9.024891123935181e-19
0.02	1.82720813108156e-18
0.0202564	9.338929842812848e-19
0.0205128	1.197265535738287e-18
0.0207692	8.316866112676162e-19
0.0210256	3.454036107146195e-19
0.0212821	1.185613315797279e-18
0.0215385	1.635023699059793e-18
0.0217949	1.231637778098173e-18
0.0220513	-1.148511007362043e-18
0.0223077	1.264338740617232e-18
0.0225641	9.695141767501898e-19
0.0228205	8.858083898943401e-19
0.0230769	9.724089049885812e-19
0.0233333	9.983324887099175e-19
0.0235897	-1.392852744774563e-18
0.0238462	1.46726416688332e-18
0.0241026	1.839557034442443e-18
0.024359	1.604440845927985e-18
0.0246154	1.296136368557322e-18
0.0248718	-7.627521246605299e-19
0.0251282	1.868087156535745e-18
0.0253846	1.337404223489692e-18
0.025641	1.390636221308867e-18
0.0258974	1.800823004044473e-18
0.0261538	1.801587626642837e-18
0.0264103	9.762727378868043e-19
0.0266667	1.373170279775184e-18
0.0269231	9.933728019687018e-19
0.0271795	1.480026773880814e-18
0.0274359	1.260704425805852e-18
0.0276923	1.277518164430835e-18
0.0279487	1.544399354818855e-18
0.0282051	1.477503155960577e-18
0.0284615	1.33164934841543e-18
0.0287179	-1.262509079678002e-18
0.0289744	1.44939386680342e-18
0.0292308	-1.831193856239745e-18
0.0294872	1.641570520998452e-18
0.0297436	-1.243413556024145e-18
0.03	1.927400851155381e-18
0.0302564	1.522861314217754e-18
0.0305128	1.243149414817807e-18
0.0307692	1.963204747864831e-18
0.0310256	1.380628906326701e-18
0.0312821	1.168417771338959e-18
0.0315385	-8.587389571600666e-19
0.0317949	1.923107883615316e-18
0.0320513	1.461301227490082e-18
0.0323077	-1.234144239844181e-18
0.0325641	1.214499433531345e-18
0.0328205	1.462312543647527e-18
0.0330769	1.78410444624236e-18
0.0333333	-1.752786922630556e-18
0.0335897	1.428915269421915e-18
0.0338462	1.29781215718512e-18
0.0341026	1.476494878711851e-18
0.034359	1.2923798699751e-18
0.0346154	9.470370405921391e-19
0.0348718	1.244328092249775e-18
0.0351282	-1.416855505605754e-18
0.0353846	1.769626052758867e-18
0.035641	1.580882354273939e-18
0.0358974	1.449549489617493e-18
0.0361538	1.354651817773851e-18
0.0364103	1.508915752858468e-18
0.0366667	-1.530568099005553e-18
0.0369231	1.624461429279219e-18
0.0371795	1.529452701457117e-18
0.0374359	1.827394197405755e-18
0.0376923	-1.764209574430605e-18
0.0379487	2.091074836372227e-18
0.0382051	-1.394401883314914e-18
0.0384615	2.41218026526717e-19
0.0387179	2.14847619514577e-19
0.0389744	1.566471026590643e-18
0.0392308	2.125464703906551e-18
0.0394872	-1.480896880053828e-18
0.0397436	1.065112117002496e-18
0.04	1.688654211245042e-18
0.0402564	1.822117614162193e-18
0.0405128	-1.655912139518322e-18
0.0407692	1.557133469711242e-18
0.0410256	1.780129946335613e-18
0.0412821	-1.73650291842798e-18
0.0415385	1.651853303373026e-18
0.0417949	-1.333781743112456e-18
0.0420513	1.785621912866248e-18
0.0423077	-1.545145592348891e-18
0.0425641	1.608041248312892e-18
0.0428205	-1.983650829916179e-18
0.0430769	1.067276595953543e-18
0.0433333	1.927965683871474e-18
0.0435897	-1.033204114763439e-18
0.0438462	1.496099741925232e-18
0.0441026	1.851097606048339e-18
0.044359	-1.468513908250468e-18
0.0446154	1.565128140903876e-18
0.0448718	1.581197557112591e-18
0.0451282	1.317614949533013e-18
0.0453846	1.134592619526955e-18
0.045641	-1.201521019565012e-18
0.0458974	1.996876076135811e-18
0.0461538	-1.419103734242548e-18
0.0464103	1.369379015910878e-18
0.0466667	-1.287202387964148e-18
0.0469231	1.727114573449525e-18
0.0471795	1.205434384358671e-18
0.0474359	1.322305725154068e-18
0.0476923	-1.151554780525581e-18
0.0479487	1.91555834540633e-18
0.0482051	-1.71116910619414e-18
0.0484615	1.127825463615566e-18
0.0487179	1.57686878286337e-18
0.0489744	-4.245488393382649e-19
0.0492308	2.157940975378674e-18
0.0494872	-1.497569338668378e-18
0.0497436	1.767398502881703e-18
0.05	-1.760601345701077e-18
0.0502564	1.816964495125566e-18
0.0505128	-1.59076128737924e-18
0.0507692	1.546099118444983e-18
0.0510256	-2.027707641645759e-18
0.0512821	1.767657827032186e-18
0.0515385	1.852602164613239e-18
0.0517949	-1.396023110228662e-18
0.0520513	-7.476773313552047e-19
0.0523077	1.190351257492129e-18
0.0525641	1.580941593901059e-18
0.0528205	1.752169250539346e-18
0.0530769	-1.223428319111082e-19
0.0533333	-1.634245454851684e-18
0.0535897	2.22801950851613e-18
0.0538462	-1.329581834923528e-18
0.0541026	-2.236135966391318e-18
0.054359	2.403879785977024e-18
0.0546154	-2.034384553265508e-18
0.0548718	1.477395129255903e-18
0.0551282	2.252551347825051e-18
0.0553846	1.280753625897715e-18
0.055641	-1.960369375123871e-18
0.0558974	2.095160391697935e-18
0.0561538	-1.430145771698947e-18
0.0564103	-1.879633970342732e-18
0.0566667	1.540884946956818e-18
0.0569231	1.574919263012e-18
0.0571795	1.774256650191608e-18
0.0574359	-1.691741912260033e-18
0.0576923	1.101419990316579e-18
0.0579487	-1.536365525659956e-18
0.0582051	-1.2906925896898e-18
0.0584615	1.749885125852392e-18
0.0587179	1.641514509102592e-18
0.0589744	-1.388142303060378e-18
0.0592308	-1.942559424753676e-18
0.0594872	1.647198095307978e-18
0.0597436	-1.275371533439193e-18
0.06	1.494703822082135e-18
0.0602564	2.029639238362559e-18
0.0605128	-4.680810171568339e-19
0.0607692	1.407169219123276e-18
0.0610256	9.191073904857612e-19
0.0612821	-1.142247562648183e-18
0.0615385	1.258851143691053e-18
0.0617949	1.527239556105602e-18
0.0620513	1.543098828841741e-18
0.0623077	-2.534226880188422e-18
0.0625641	2.305985350173904e-18
0.0628205	1.801964855234556e-18
0.0630769	2.405092534891328e-18
0.0633333	-1.211373433237397e-18
0.0635897	-2.335317905589324e-18
0.0638462	1.907030345128668e-18
0.0641026	1.598025864710015e-18
0.064359	-2.341728674583179e-18
0.0646154	-2.440422379572379e-18
0.0648718	2.244043253988219e-18
0.0651282	1.925155341655646e-18
0.0653846	-1.674527512663618e-18
0.065641	-1.258045971017554e-18
0.0658974	2.2644204496184e-18
0.0661538	-2.223641250726382e-18
0.0664103	2.348035426078869e-18
0.0666667	1.688001969876025e-18
0.0669231	1.63952940505067e-18
0.0671795	1.934525158828698e-18
0.0674359	-1.792464308181114e-18
0.0676923	-2.39601745391526e-18
0.0679487	-1.175231158752985e-18
0.0682051	1.257714591545319e-18
0.0684615	-2.524165966656897e-18
0.0687179	2.170870432347891e-18
0.0689744	-2.572150106769722e-18
0.0692308	1.184068905060027e-18
0.0694872	-2.436223043355443e-18
0.0697436	-2.017373828558121e-18
0.07	2.483855521629954e-18
0.0702564	2.236927385004919e-18
0.0705128	-2.177398188818386e-18
0.0707692	-1.74515808896016e-18
0.0710256	-2.395649791725059e-18
0.0712821	1.191285590920433e-18
0.0715385	-2.495212949225701e-18
0.0717949	-1.912198037387084e-18
0.0720513	-2.0686003569274e-18
0.0723077	1.299322167346788e-18
0.0725641	-2.183667190721797e-18
0.0728205	-1.332327028052711e-18
0.0730769	1.652164607082387e-18
0.0733333	-1.406182469315225e-18
0.0735897	1.696338766450434e-18
0.0738462	-2.488093235069939e-18
0.0741026	2.057096336120762e-18
0.074359	-2.425093104866937e-18
0.0746154	1.39427622982854e-18
0.0748718	-2.157556489893282e-18
0.0751282	-2.458688301926146e-18
0.0753846	2.383446025053664e-18
0.075641	-1.576673202668015e-18
0.0758974	2.518534252586826e-18
0.0761538	-2.245302438327861e-18
0.0764103	2.392938191102983e-18
0.0766667	-1.608946914376985e-18
0.0769231	1.376547528153063e-18
0.0771795	-1.892690823721876e-18
0.0774359	2.293111599718005e-18
0.0776923	-1.343943305794417e-18
0.0779487	2.597923681078343e-18
0.0782051	-2.248604494899293e-18
0.0784615	-2.604298901001298e-18
0.0787179	1.865488365673733e-18
0.0789744	-1.368343416133991e-18
0.0792308	1.738194296140917e-18
0.0794872	-1.528242698550048e-18
0.0797436	2.497697871224827e-18
0.08	1.350732964993927e-18
0.0802564	1.411947804076257e-18
0.0805128	-1.477766858522764e-18
0.0807692	1.695066791310915e-18
0.0810256	-1.477335365870706e-18
0.0812821	1.257869757388246e-18
0.0815385	-1.955074733719786e-18
0.0817949	2.728960577576088e-18
0.0820513	1.263969088062782e-18
0.0823077	2.124783964852803e-18
0.0825641	2.080700611026954e-18
0.0828205	-1.675007548518282e-18
0.0830769	1.884022088930671e-18
0.0833333	-1.745955322419934e-18
0.0835897	1.121524036160623e-18
0.0838462	-2.672100465755131e-18
0.0841026	2.014171508612454e-18
0.084359	-1.762981758381124e-18
0.0846154	1.568093401734295e-18
0.0848718	-2.531474399793438e-18
0.0851282	-2.171465825904178e-18
0.0853846	-1.911547929076761e-18
0.085641	-2.224579706721833e-18
0.0858974	1.598204984117987e-18
0.0861538	-2.242748484044828e-18
0.0864103	1.422262816768254e-18
0.0866667	1.497878909194169e-18
0.0869231	-1.590860363355798e-18
0.0871795	-1.917959082561409e-18
0.0874359	2.698695763566292e-18
0.0876923	1.899787082471275e-18
0.0879487	-1.427844445102078e-18
0.0882051	-1.996008119079008e-18
0.0884615	1.467949729578845e-18
0.0887179	-1.881749162866717e-18
0.0889744	-2.984731159517038e-18
0.0892308	-1.557418000496374e-18
0.0894872	-1.705331684162907e-18
0.0897436	-2.422134273117977e-18
0.09	2.659755838797414e-18
0.0902564	1.634930604007318e-18
0.0905128	-2.981322753896266e-18
0.0907692	-2.442644228517241e-18
0.0910256	-2.085396505274609e-18
0.0912821	3.009096795382326e-18
0.0915385	-2.429824453931198e-18
0.0917949	-1.92607211203745e-18
0.0920513	1.567750697602009e-18
0.0923077	-2.399123398666413e-18
0.0925641	2.291391602990596e-18
0.0928205	-3.083541256691587e-18
0.0930769	2.070390727333182e-18
0.0933333	-2.437470369119958e-18
0.0935897	-1.539535930437942e-18
0.0938462	2.612116117106703e-18
0.0941026	-1.996096628012217e-18
0.094359	1.926959710338375e-18
0.0946154	-3.089328859425941e-18
0.0948718	2.050107035533904e-18
0.0951282	-3.114596915272526e-18
0.0953846	2.218393877995642e-18
0.095641	-1.662868335832205e-18
0.0958974	2.198742696723797e-18
0.0961538	-2.250562718972728e-18
0.0964103	1.817615256042021e-18
0.0966667	-2.93706990250503e-18
0.0969231	1.857115044112097e-18
0.0971795	-2.879928076515369e-18
0.0974359	-3.031829334782463e-18
0.0976923	2.952415250507008e-18
0.0979487	-1.919978669971628e-18
0.0982051	3.075580223822566e-18
0.0984615	1.525433788175439e-18
0.0987179	-2.314770594373437e-18
0.0989744	-1.901907626307031e-18
0.0992308	1.740081024712301e-18
0.0994872	1.67613526777649e-18
0.0997436	1.635152926566347e-18
0.1	-1.94668870491606e-19
