0.00025641	1.728071049567402e-19
0.000512821	-1.093963285841535e-18
0.000769231	-1.700390809010573e-18
0.00102564	-2.839694447631895e-18
0.00128205	-3.973905920806643e-18
0.00153846	-5.033680450844797e-18
0.00179487	-6.121115078336624e-18
0.00205128	-7.184669144203867e-18
0.00230769	-8.194154102969302e-18
0.0025641	-9.151288469453907e-18
0.00282051	-1.000130870943696e-17
0.00307692	-1.090141807072012e-17
0.00333333	-1.168944110704265e-17
0.00358974	-1.253641438468613e-17
0.00384615	-1.327680202055137e-17
0.00410256	-1.398767010164038e-17
0.00435897	-1.308846170500826e-17
0.00461538	-1.38177773243025e-17
0.00487179	-1.455216187858943e-17
0.00512821	-1.523999825190749e-17
0.00538462	-1.420571786831551e-17
0.00564103	-1.552321641514853e-17
0.00589744	-1.702382241257791e-17
0.00615385	-1.54514296282206e-17
0.00641026	-1.697903213248542e-17
0.00666667	-1.538608388966852e-17
0.00692308	-1.665203491001226e-17
0.00717949	-1.748443118476969e-17
0.0074359	-1.677595260852668e-17
0.00769231	-1.562372802550929e-17
0.00794872	-1.690636969021285e-17
0.00820513	-1.615313828863298e-17
0.00846154	-1.498702487098374e-17
0.00871795	-1.462072465788315e-17
0.00897436	-1.416332551614466e-17
0.00923077	-1.509079991838783e-17
0.00948718	-1.639776995603929e-17
0.00974359	-1.554702899305796e-17
0.01	-1.476216171901126e-17
0.0102564	-1.406780162544907e-17
0.0105128	-1.244148060147889e-17
0.0107692	-1.136325143763178e-17
0.0110256	-1.04072375098346e-17
0.0112821	-9.295843713072101e-18
0.0115385	-8.414338580587177e-18
0.0117949	-7.239059107808106e-18
0.0120513	-6.214640699272703e-18
0.0123077	-5.147146256279332e-18
0.0125641	-4.119554054699655e-18
0.0128205	-5.348092022240569e-18
0.0130769	-4.352402857439173e-18
0.0133333	-3.238789251302687e-18
0.0135897	-2.739636464198892e-18
0.0138462	-1.781918614010535e-18
0.0141026	-6.46341928579756e-19
0.014359	3.933067119697299e-19
0.0146154	1.419419379481635e-18
0.0148718	2.336127838389327e-18
0.0151282	3.784889959719378e-18
0.0153846	4.668438183669009e-18
0.015641	5.652917261884756e-18
0.0158974	6.567575963640561e-18
0.0161538	7.526008665851463e-18
0.0164103	8.384851414566625e-18
0.0166667	9.553276084219039e-18
0.0169231	1.047504993424436e-17
0.0171795	1.234119973029907e-17
0.0174359	1.134063074056308e-17
0.0176923	1.296828809284668e-17
0.0179487	1.3798017086432e-17
0.0182051	1.223602349581455e-17
0.0184615	1.309583463827272e-17
0.0187179	1.223252339323071e-17
0.0189744	1.322140314541874e-17
0.0192308	1.415202307362904e-17
0.0194872	1.551051744028435e-17
0.0197436	1.641300655267787e-17
0.02	1.824021468375943e-17
0.0202564	1.917410766804071e-17
0.0205128	2.0371373203779e-17
0.0207692	2.120305981504661e-17
0.0210256	2.154846342576123e-17
0.0212821	2.273407674155851e-17
0.0215385	2.436910044061831e-17
0.0217949	2.560073821871648e-17
0.0220513	2.445222721135444e-17
0.0223077	2.571656595197167e-17
0.0225641	2.668608012872186e-17
0.0228205	2.75718885186162e-17
0.0230769	2.854429742360478e-17
0.0233333	2.95426299123147e-17
0.0235897	2.814977716754013e-17
0.0238462	2.961704133442345e-17
0.0241026	3.14565983688659e-17
0.024359	3.306103921479388e-17
0.0246154	3.43571755833512e-17
0.0248718	3.359442345869067e-17
0.0251282	3.546251061522642e-17
0.0253846	3.679991483871611e-17
0.025641	3.819055106002498e-17
0.0258974	3.999137406406945e-17
0.0261538	4.179296169071229e-17
0.0264103	4.27692344285991e-17
0.0266667	4.414240470837428e-17
0.0269231	4.513577751034298e-17
0.0271795	4.66158042842238e-17
0.0274359	4.787650871002965e-17
0.0276923	4.915402687446048e-17
0.0279487	5.069842622927934e-17
0.0282051	5.217592938523992e-17
0.0284615	5.350757873365535e-17
0.0287179	5.224506965397735e-17
0.0289744	5.369446352078077e-17
0.0292308	5.186326966454103e-17
0.0294872	5.350484018553948e-17
0.0297436	5.226142662951534e-17
0.03	5.418882748067071e-17
0.0302564	5.571168879488847e-17
0.0305128	5.695483820970628e-17
0.0307692	5.891804295757111e-17
0.0310256	6.029867186389781e-17
0.0312821	6.146708963523677e-17
0.0315385	6.06083506780767e-17
0.0317949	6.253145856169201e-17
0.0320513	6.399275978918209e-17
0.0323077	6.275861554933791e-17
0.0325641	6.397311498286926e-17
0.0328205	6.543542752651679e-17
0.0330769	6.721953197275915e-17
0.0333333	6.54667450501286e-17
0.0335897	6.689566031955051e-17
0.0338462	6.819347247673562e-17
0.0341026	6.966996735544748e-17
0.034359	7.096234722542257e-17
0.0346154	7.190938426601471e-17
0.0348718	7.315371235826449e-17
0.0351282	7.173685685265873e-17
0.0353846	7.35064829054176e-17
0.035641	7.508736525969154e-17
0.0358974	7.653691474930903e-17
0.0361538	7.789156656708288e-17
0.0364103	7.940048231994136e-17
0.0366667	7.786991422093581e-17
0.0369231	7.949437565021503e-17
0.0371795	8.102382835167214e-17
0.0374359	8.285122254907789e-17
0.0376923	8.108701297464729e-17
0.0379487	8.317808781101952e-17
0.0382051	8.17836859277046e-17
0.0384615	8.202490395423132e-17
0.0387179	8.22397515737459e-17
0.0389744	8.380622260033655e-17
0.0392308	8.593168730424311e-17
0.0394872	8.445079042418928e-17
0.0397436	8.551590254119178e-17
0.04	8.720455675243682e-17
0.0402564	8.902667436659902e-17
0.0405128	8.73707622270807e-17
0.0407692	8.892789569679194e-17
0.0410256	9.070802564312755e-17
0.0412821	8.897152272469958e-17
0.0415385	9.06233760280726e-17
0.0417949	8.928959428496015e-17
0.0420513	9.10752161978264e-17
0.0423077	8.95300706054775e-17
0.0425641	9.11381118537904e-17
0.0428205	8.915446102387422e-17
0.0430769	9.022173761982776e-17
0.0433333	9.214970330369924e-17
0.0435897	9.111649918893579e-17
0.0438462	9.261259893086102e-17
0.0441026	9.446369653690936e-17
0.044359	9.29951826286589e-17
0.0446154	9.456031076956277e-17
0.0448718	9.614150832667537e-17
0.0451282	9.745912327620839e-17
0.0453846	9.859371589573534e-17
0.045641	9.739219487617032e-17
0.0458974	9.938907095230614e-17
0.0461538	9.796996721806359e-17
0.0464103	9.933934623397446e-17
0.0466667	9.805214384601031e-17
0.0469231	9.977925841945984e-17
0.0471795	1.009846928038185e-16
0.0474359	1.023069985289726e-16
0.0476923	1.01155443748447e-16
0.0479487	1.030710020938533e-16
0.0482051	1.013598329876592e-16
0.0484615	1.024876584512748e-16
0.0487179	1.040645272341381e-16
0.0489744	1.036399783947999e-16
0.0492308	1.057979193701785e-16
0.0494872	1.043003500315102e-16
0.0497436	1.060677485343919e-16
0.05	1.043071471886908e-16
0.0502564	1.061241116838164e-16
0.0505128	1.045333503964371e-16
0.0507692	1.060794495148821e-16
0.0510256	1.040517418732364e-16
0.0512821	1.058193997002686e-16
0.0515385	1.076720018648818e-16
0.0517949	1.062759787546531e-16
0.0520513	1.055283014232979e-16
0.0523077	1.067186526807901e-16
0.0525641	1.082995942746911e-16
0.0528205	1.100517635252305e-16
0.0530769	1.099294206933194e-16
0.0533333	1.082951752384677e-16
0.0535897	1.105231947469838e-16
0.0538462	1.091936129120603e-16
0.0541026	1.069574769456689e-16
0.054359	1.09361356731646e-16
0.0546154	1.073269721783805e-16
0.0548718	1.088043673076364e-16
0.0551282	1.110569186554614e-16
0.0553846	1.123376722813591e-16
0.055641	1.103773029062353e-16
0.0558974	1.124724632979332e-16
0.0561538	1.110423175262343e-16
0.0564103	1.091626835558915e-16
0.0566667	1.107035685028484e-16
0.0569231	1.122784877658603e-16
0.0571795	1.14052744416052e-16
0.0574359	1.123610025037919e-16
0.0576923	1.134624224941085e-16
0.0579487	1.119260569684485e-16
0.0582051	1.106353643787587e-16
0.0584615	1.123852495046111e-16
0.0587179	1.140267640137137e-16
0.0589744	1.126386217106533e-16
0.0592308	1.106960622858997e-16
0.0594872	1.123432603812077e-16
0.0597436	1.110678888477685e-16
0.06	1.125625926698506e-16
0.0602564	1.145922319082132e-16
0.0605128	1.141241508910563e-16
0.0607692	1.155313201101796e-16
0.0610256	1.164504275006654e-16
0.0612821	1.153081799380172e-16
0.0615385	1.165670310817082e-16
0.0617949	1.180942706378138e-16
0.0620513	1.196373694666556e-16
0.0623077	1.171031425864672e-16
0.0625641	1.194091279366411e-16
0.0628205	1.212110927918756e-16
0.0630769	1.23616185326767e-16
0.0633333	1.224048118935296e-16
0.0635897	1.200694939879403e-16
0.0638462	1.219765243330689e-16
0.0641026	1.235745501977789e-16
0.064359	1.212328215231958e-16
0.0646154	1.187923991436234e-16
0.0648718	1.210364423976116e-16
0.0651282	1.229615977392672e-16
0.0653846	1.212870702266036e-16
0.065641	1.200290242555861e-16
0.0658974	1.222934447052045e-16
0.0661538	1.200698034544781e-16
0.0664103	1.22417838880557e-16
0.0666667	1.24105840850433e-16
0.0669231	1.257453702554837e-16
0.0671795	1.276798954143124e-16
0.0674359	1.258874311061313e-16
0.0676923	1.23491413652216e-16
0.0679487	1.22316182493463e-16
0.0682051	1.235738970850083e-16
0.0684615	1.210497311183514e-16
0.0687179	1.232206015506993e-16
0.0689744	1.206484514439296e-16
0.0692308	1.218325203489896e-16
0.0694872	1.193962973056342e-16
0.0697436	1.173789234770761e-16
0.07	1.19862778998706e-16
0.0702564	1.220997063837109e-16
0.0705128	1.199223081948925e-16
0.0707692	1.181771501059324e-16
0.0710256	1.157815003142073e-16
0.0712821	1.169727859051277e-16
0.0715385	1.14477572955902e-16
0.0717949	1.12565374918515e-16
0.0720513	1.104967745615876e-16
0.0723077	1.117960967289343e-16
0.0725641	1.096124295382125e-16
0.0728205	1.082801025101598e-16
0.0730769	1.099322671172422e-16
0.0733333	1.08526084647927e-16
0.0735897	1.102224234143774e-16
0.0738462	1.077343301793075e-16
0.0741026	1.097914265154283e-16
0.074359	1.073663334105613e-16
0.0746154	1.087606096403899e-16
0.0748718	1.066030531504966e-16
0.0751282	1.041443648485705e-16
0.0753846	1.065278108736241e-16
0.075641	1.049511376709561e-16
0.0758974	1.074696719235429e-16
0.0761538	1.052243694852151e-16
0.0764103	1.076173076763181e-16
0.0766667	1.060083607619411e-16
0.0769231	1.073849082900941e-16
0.0771795	1.054922174663723e-16
0.0774359	1.077853290660903e-16
0.0776923	1.064413857602959e-16
0.0779487	1.090393094413742e-16
0.0782051	1.067907049464749e-16
0.0784615	1.041864060454736e-16
0.0787179	1.060518944111473e-16
0.0789744	1.046835509950134e-16
0.0792308	1.064217452911543e-16
0.0794872	1.048935025926042e-16
0.0797436	1.07391200463829e-16
0.08	1.08741933428823e-16
0.0802564	1.101538812328992e-16
0.0805128	1.086761143743765e-16
0.0807692	1.103711811656874e-16
0.0810256	1.088938457998167e-16
0.0812821	1.101517155572049e-16
0.0815385	1.081966408234851e-16
0.0817949	1.109256014010612e-16
0.0820513	1.12189570489124e-16
0.0823077	1.143143544539768e-16
0.0825641	1.163950550650037e-16
0.0828205	1.147200475164855e-16
0.0830769	1.166040696054162e-16
0.0833333	1.148581142829962e-16
0.0835897	1.159796383191568e-16
0.0838462	1.133075378534017e-16
0.0841026	1.153217093620142e-16
0.084359	1.13558727603633e-16
0.0846154	1.151268210053673e-16
0.0848718	1.125953466055739e-16
0.0851282	1.104238807796697e-16
0.0853846	1.08512332850593e-16
0.085641	1.062877531438711e-16
0.0858974	1.078859581279891e-16
0.0861538	1.056432096439443e-16
0.0864103	1.070654724607125e-16
0.0866667	1.085633513699067e-16
0.0869231	1.069724910065509e-16
0.0871795	1.050545319239895e-16
0.0874359	1.077532276875558e-16
0.0876923	1.09653014770027e-16
0.0879487	1.08225170324925e-16
0.0882051	1.06229162205846e-16
0.0884615	1.076971119354248e-16
0.0887179	1.058153627725581e-16
0.0889744	1.02830631613041e-16
0.0892308	1.012732136125447e-16
0.0894872	9.956788192838176e-17
0.0897436	9.714574765526378e-17
0.09	9.980550349406119e-17
0.0902564	1.014404340980685e-16
0.0905128	9.845911134417223e-17
0.0907692	9.601646711565499e-17
0.0910256	9.393107061038038e-17
0.0912821	9.694016740576271e-17
0.0915385	9.451034295183152e-17
0.0917949	9.258427083979407e-17
0.0920513	9.415202153739607e-17
0.0923077	9.175289813872966e-17
0.0925641	9.404428974172026e-17
0.0928205	9.096074848502868e-17
0.0930769	9.303113921236186e-17
0.0933333	9.059366884324191e-17
0.0935897	8.905413291280397e-17
0.0938462	9.166624902991067e-17
0.0941026	8.967015240189845e-17
0.094359	9.159711211223683e-17
0.0946154	8.850778325281089e-17
0.0948718	9.055789028834479e-17
0.0951282	8.744329337307227e-17
0.0953846	8.966168725106792e-17
0.095641	8.799881891523571e-17
0.0958974	9.019756161195951e-17
0.0961538	8.794699889298677e-17
0.0964103	8.97646141490288e-17
0.0966667	8.682754424652377e-17
0.0969231	8.868465929063587e-17
0.0971795	8.580473121412049e-17
0.0974359	8.277290187933803e-17
0.0976923	8.572531712984504e-17
0.0979487	8.38053384598734e-17
0.0982051	8.688091868369597e-17
0.0984615	8.840635247187141e-17
0.0987179	8.609158187749797e-17
0.0989744	8.418967425119095e-17
0.0992308	8.592975527590324e-17
0.0994872	8.760589054367974e-17
0.0997436	8.924104347024609e-17
0.1	8.904637459975448e-17
