	3898.65357525255
0.00025641	0.9996577004578948
0.000512821	0.9996605394062756
0.000769231	0.9996640086407784
0.00102564	0.999667614336095
0.00128205	0.9996713538303266
0.00153846	0.9996749257282347
0.00179487	0.9996785990516357
0.00205128	0.9996821837323527
0.00230769	0.9996857691922608
0.0025641	0.9996893310738114
0.00282051	0.9996928241876842
0.00307692	0.999696361410756
0.00333333	0.9996998801502367
0.00358974	0.9997033817714059
0.00384615	0.9997068598684097
0.00410256	0.9997103384571726
0.00435897	0.9997138234550357
0.00461538	0.9997172551047201
0.00487179	0.9997205949550754
0.00512821	0.9997239251584241
0.00538462	0.999727214798845
0.00564103	0.9997305153865466
0.00589744	0.9997338233856436
0.00615385	0.9997370811446643
0.00641026	0.9997403670681356
0.00666667	0.9997436272209278
0.00692308	0.9997468257692603
0.00717949	0.9997500387105939
0.0074359	0.9997532363069225
0.00769231	0.9997563708125133
0.00794872	0.9997595071989148
0.00820513	0.9997626008821769
0.00846154	0.9997658466242777
0.00871795	0.9997689980692089
0.00897436	0.9997721425427986
0.00923077	0.999775189753159
0.00948718	0.9997782353017585
0.00974359	0.999781236161511
0.01	0.9997841710126559
0.0102564	0.9997870437095031
0.0105128	0.999789831178256
0.0107692	0.9997926084641059
0.0110256	0.999795330347077
0.0112821	0.9997980211774409
0.0115385	0.9998007185865708
0.0117949	0.9998034050021433
0.0120513	0.9998060708883884
0.0123077	0.9998087083070044
0.0125641	0.9998112014702986
0.0128205	0.999813628623985
0.0130769	0.999816113065261
0.0133333	0.9998186031039669
0.0135897	0.9998212519615587
0.0138462	0.9998239212584586
0.0141026	0.9998266106458294
0.014359	0.9998292971938285
0.0146154	0.9998319453113084
0.0148718	0.9998346360321546
0.0151282	0.9998372978291584
0.0153846	0.9998399280687728
0.015641	0.9998425420384487
0.0158974	0.9998451615624798
0.0161538	0.9998477405495846
0.0164103	0.9998503140930632
0.0166667	0.999852858675783
0.0169231	0.9998553766007628
0.0171795	0.9998578572977642
0.0174359	0.9998603151953132
0.0176923	0.9998627763689237
0.0179487	0.9998652129321319
0.0182051	0.9998676413107787
0.0184615	0.9998704164867939
0.0187179	0.9998732022850846
0.0189744	0.9998770913987151
0.0192308	0.9998815417229652
0.0194872	0.9998860395585094
0.0197436	0.9998905081171985
0.02	0.9998948887790702
0.0202564	0.9998991467250659
0.0205128	0.9999032901625728
0.0207692	0.9999073071672708
0.0210256	0.9999113109107588
0.0212821	0.9999148581712298
0.0215385	0.9999184290172308
0.0217949	0.9999221002479501
0.0220513	0.9999257892553262
0.0223077	0.9999298173038328
0.0225641	0.9999333338888445
0.0228205	0.9999372850001564
0.0230769	0.9999406773058138
0.0233333	0.9999447916689586
0.0235897	0.9999483042009923
0.0238462	0.9999524560497783
0.0241026	0.9999559788773917
0.024359	0.9999602342828816
0.0246154	0.999963742780807
0.0248718	0.9999671142769831
0.0251282	0.9999708041320057
0.0253846	0.9999747270282316
0.025641	0.999978884390792
0.0258974	0.9999833366000924
0.0261538	0.9999878426519098
0.0264103	0.9999924450672584
0.0266667	0.9999971813640605
0.0269231	1.000002280895252
0.0271795	1.000007735105023
0.0274359	1.000013709464747
0.0276923	1.00002006392603
0.0279487	1.000026950326821
0.0282051	1.000034256448362
0.0284615	1.000041574750994
0.0287179	1.000045910025297
0.0289744	1.000034178168455
0.0292308	1.00001965001562
0.0294872	1.00000867688584
0.0297436	1.000001010860438
0.03	0.9999964728392668
0.0302564	0.9999943869833298
0.0305128	0.9999936881180767
0.0307692	0.9999940972603145
0.0310256	0.9999951222263359
0.0312821	0.9999995839846918
0.0315385	1.000005556831552
0.0317949	1.000010477100472
0.0320513	1.000016224992542
0.0323077	1.000020850590964
0.0325641	1.000026424955186
0.0328205	1.000030660680822
0.0330769	1.000035308350937
0.0333333	1.000038775687879
0.0335897	1.000042658399165
0.0338462	1.000045455550209
0.0341026	1.000047859399591
0.034359	1.000050037627109
0.0346154	1.000052036765084
0.0348718	1.000053778958363
0.0351282	1.000055308552289
0.0353846	1.00005665078894
0.035641	1.000057757988944
0.0358974	1.00005853268703
0.0361538	1.000058989379282
0.0364103	1.000058885106223
0.0366667	1.000058082034311
0.0369231	1.000056080155566
0.0371795	1.000051338124171
0.0374359	1.000065035067193
0.0376923	1.000067149268223
0.0379487	1.000077901962273
0.0382051	1.000079285697879
0.0384615	1.000088887790834
0.0387179	1.000101330904061
0.0389744	1.00010454283903
0.0392308	1.000115499186816
0.0394872	1.000118212733493
0.0397436	1.000118396416435
0.04	1.000114716191172
0.0402564	1.000115867361527
0.0405128	1.000118418224989
0.0407692	1.000117526275436
0.0410256	1.000120663338598
0.0412821	1.000124472408987
0.0415385	1.000128315980117
0.0417949	1.000131880259555
0.0420513	1.000135377915714
0.0423077	1.00013869323252
0.0425641	1.000141927161489
0.0428205	1.000145080745861
0.0430769	1.000148174876894
0.0433333	1.000151250578178
0.0435897	1.000154246091881
0.0438462	1.000157184495378
0.0441026	1.000160134814073
0.044359	1.000163097434311
0.0446154	1.000166017927973
0.0448718	1.000168926515589
0.0451282	1.000171889031966
0.0453846	1.000174798921476
0.045641	1.000177776947383
0.0458974	1.000180712915973
0.0461538	1.000183682811203
0.0464103	1.000186576771027
0.0466667	1.000189490353993
0.0469231	1.000192450285023
0.0471795	1.00019532796313
0.0474359	1.000198269510884
0.0476923	1.00020115687677
0.0479487	1.000203832516118
0.0482051	1.000206503556203
0.0484615	1.000208605723875
0.0487179	1.000211399091547
0.0489744	1.000215315923038
0.0492308	1.000219453398549
0.0494872	1.000223651399624
0.0497436	1.000227719783112
0.05	1.000231752316709
0.0502564	1.000235596065067
0.0505128	1.000239330080765
0.0507692	1.000242913404033
0.0510256	1.000246480042096
0.0512821	1.000250012231586
0.0515385	1.000253536933127
0.0517949	1.000256890442385
0.0520513	1.00026022210162
0.0523077	1.000263483364049
0.0525641	1.000266762420508
0.0528205	1.000269552132694
0.0530769	1.000272337770274
0.0533333	1.00027497335194
0.0535897	1.000277495338278
0.0538462	1.000280094469012
0.0541026	1.000282709170598
0.054359	1.000285342278617
0.0546154	1.000287632005998
0.0548718	1.000290245347532
0.0551282	1.000292443464462
0.0553846	1.000294718353022
0.055641	1.000297092984936
0.0558974	1.000299379295032
0.0561538	1.0003018174763
0.0564103	1.0003040509141
0.0566667	1.000306488895872
0.0569231	1.00030870141446
0.0571795	1.00031122427162
0.0574359	1.000313542563269
0.0576923	1.000315955109432
0.0579487	1.000318237305706
0.0582051	1.000320980145466
0.0584615	1.000324197804062
0.0587179	1.000327226972179
0.0589744	1.000330350304854
0.0592308	1.00033328410076
0.0594872	1.000336102898878
0.0597436	1.000339091070171
0.06	1.00034225990841
0.0602564	1.000345149950706
0.0605128	1.000347825388594
0.0607692	1.000351055695289
0.0610256	1.00035390274831
0.0612821	1.000360200311837
0.0615385	1.00036663647682
0.0617949	1.000372779882847
0.0620513	1.000376403807615
0.0623077	1.000376484900497
0.0625641	1.000377053544524
0.0628205	1.000377733232592
0.0630769	1.000379394531655
0.0633333	1.000382290142886
0.0635897	1.000385240963203
0.0638462	1.000388333265537
0.0641026	1.000391529148849
0.064359	1.000394726531298
0.0646154	1.000397889706904
0.0648718	1.000401140514942
0.0651282	1.000403724007031
0.0653846	1.000406602618154
0.065641	1.000409849693548
0.0658974	1.000412771394162
0.0661538	1.000415528535459
0.0664103	1.000418137824682
0.0666667	1.000423832427437
0.0669231	1.000429966222481
0.0671795	1.000430410883738
0.0674359	1.000429475330583
0.0676923	1.000430004846907
0.0679487	1.000432686316741
0.0682051	1.000435193756224
0.0684615	1.000437885283681
0.0687179	1.000440049937049
0.0689744	1.000442507339205
0.0692308	1.000444972459924
0.0694872	1.000447489960767
0.0697436	1.000449393728716
0.07	1.000451620093992
0.0702564	1.000453651466059
0.0705128	1.000455312103189
0.0707692	1.000457246603086
0.0710256	1.00045916409547
0.0712821	1.000461035056856
0.0715385	1.000462774596406
0.0717949	1.000467640516341
0.0720513	1.000474128022335
0.0723077	1.000481366603735
0.0725641	1.000487667137102
0.0728205	1.000493611517067
0.0730769	1.000500320096849
0.0733333	1.000498300903645
0.0735897	1.000493666181887
0.0738462	1.000490300278844
0.0741026	1.000488304296614
0.074359	1.000487143391025
0.0746154	1.000486816304894
0.0748718	1.000487309891578
0.0751282	1.000488482857618
0.0753846	1.000489840399732
0.075641	1.000491454012652
0.0758974	1.000493254276285
0.0761538	1.00049527384419
0.0764103	1.000497446888668
0.0766667	1.000499673745416
0.0769231	1.000502057780427
0.0771795	1.000504442947907
0.0774359	1.000507060858254
0.0776923	1.000509821014276
0.0779487	1.000512704117902
0.0782051	1.000515736492432
0.0784615	1.000518546288978
0.0787179	1.00052214752207
0.0789744	1.000526235542459
0.0792308	1.000530627557659
0.0794872	1.000535473124491
0.0797436	1.000540594076424
0.08	1.000546058929845
0.0802564	1.000551540515845
0.0805128	1.000559591490941
0.0807692	1.00056812808134
0.0810256	1.00057969925833
0.0812821	1.000587971717365
0.0815385	1.000594756688406
0.0817949	1.000600594035799
0.0820513	1.00060538441198
0.0823077	1.000611323094587
0.0825641	1.000615618991649
0.0828205	1.000620243301237
0.0830769	1.000626070026409
0.0833333	1.000636167341882
0.0835897	1.000647066762014
0.0838462	1.000654930726479
0.0841026	1.000663193509212
0.084359	1.000672922393632
0.0846154	1.000686303571153
0.0848718	1.000700170269057
0.0851282	1.000710567208276
0.0853846	1.000721688910662
0.085641	1.000738383054254
0.0858974	1.000754958062781
0.0861538	1.000767414473252
0.0864103	1.000780991020427
0.0866667	1.000796420525698
0.0869231	1.000814015097605
0.0871795	1.00083670610426
0.0874359	1.000859106634179
0.0876923	1.000875367762985
0.0879487	1.000894402264254
0.0882051	1.000916149233452
0.0884615	1.000940380778814
0.0887179	1.000973018665731
0.0889744	1.000995798846063
0.0892308	1.00101986878589
0.0894872	1.001049699196049
0.0897436	1.001087807617215
0.09	1.001119506441668
0.0902564	1.00114486412683
0.0905128	1.001168487183854
0.0907692	1.00120008983496
0.0910256	1.001231321535876
0.0912821	1.00126823779754
0.0915385	1.001302824482384
0.0917949	1.001349879330017
0.0920513	1.001387908402756
0.0923077	1.001418957044351
0.0925641	1.001455644923694
0.0928205	1.001494891722241
0.0930769	1.001545411251254
0.0933333	1.001597933396294
0.0935897	1.001647995668726
0.0938462	1.001690850491525
0.0941026	1.001724399719741
0.094359	1.001772366364556
0.0946154	1.00181925681311
0.0948718	1.001899054067156
0.0951282	1.001976478907027
0.0953846	1.002021913646801
0.095641	1.002073496116206
0.0958974	1.002138542447372
0.0961538	1.002199728062663
0.0964103	1.002270454945971
0.0966667	1.002344381796059
0.0969231	1.002430457390679
0.0971795	1.002474295479805
0.0974359	1.002537627032836
0.0976923	1.002618616126035
0.0979487	1.002692085353836
0.0982051	1.0027863711294
0.0984615	1.002872142924941
0.0987179	1.002971344480571
0.0989744	1.003060471960074
0.0992308	1.003133036440287
0.0994872	1.003239418203191
0.0997436	1.003364934382053
