	2.215320375047385
0.00025641	0.0005680307755981469
0.000512821	0.0005680306871823852
0.000769231	0.0005680306003515291
0.00102564	0.0005680305150585287
0.00128205	0.0005680304311883654
0.00153846	0.0005680303486259641
0.00179487	0.0005680302673033143
0.00205128	0.00056803018715498
0.00230769	0.0005680301081101183
0.0025641	0.0005680300301059604
0.00282051	0.0005680299530858691
0.00307692	0.0005680298770153485
0.00333333	0.0005680298018288436
0.00358974	0.000568029727506007
0.00384615	0.0005680296539859401
0.00410256	0.000568029581257405
0.00435897	0.0005680295092388672
0.00461538	0.0005680294379417256
0.00487179	0.0005680293673134545
0.00512821	0.0005680292973461035
0.00538462	0.0005680292279850703
0.00564103	0.0005680291592185494
0.00589744	0.0005680290910601331
0.00615385	0.0005680290234031075
0.00641026	0.0005680289563601595
0.00666667	0.0005680288897695947
0.00692308	0.0005680288236459892
0.00717949	0.0005680287580023077
0.0074359	0.0005680286927441776
0.00769231	0.0005680286279003424
0.00794872	0.0005680285635409028
0.00820513	0.0005680284995340623
0.00846154	0.0005680284358758565
0.00871795	0.0005680283725736519
0.00897436	0.000568028309618127
0.00923077	0.0005680282469998299
0.00948718	0.0005680281848131489
0.00974359	0.0005680281228716018
0.01	0.0005680280612257931
0.0102564	0.0005680279998676095
0.0105128	0.0005680279387623251
0.0107692	0.0005680278779145497
0.0110256	0.0005680278173338981
0.0112821	0.0005680277570155885
0.0115385	0.0005680276969440783
0.0117949	0.0005680276370872617
0.0120513	0.0005680275774483257
0.0123077	0.0005680275180306093
0.0125641	0.0005680274588152834
0.0128205	0.0005680273998391082
0.0130769	0.0005680273410616385
0.0133333	0.0005680272824660332
0.0135897	0.0005680272240421132
0.0138462	0.00056802716579193
0.0141026	0.0005680271076941913
0.014359	0.0005680270497677347
0.0146154	0.0005680269920167818
0.0148718	0.0005680269344295037
0.0151282	0.0005680268770163438
0.0153846	0.0005680268197365502
0.015641	0.0005680267625910479
0.0158974	0.0005680267055887984
0.0161538	0.000568026648718205
0.0164103	0.0005680265919824001
0.0166667	0.0005680265353706554
0.0169231	0.000568026478887322
0.0171795	0.0005680264225336545
0.0174359	0.0005680263663366066
0.0176923	0.0005680263102549063
0.0179487	0.0005680262542837491
0.0182051	0.0005680261984219908
0.0184615	0.0005680261426635792
0.0187179	0.0005680260869941402
0.0189744	0.0005680260314176645
0.0192308	0.0005680259759479235
0.0194872	0.0005680259205645246
0.0197436	0.0005680258652915979
0.02	0.0005680258101202329
0.0202564	0.000568025755046317
0.0205128	0.0005680257000842778
0.0207692	0.0005680256451940036
0.0210256	0.0005680255903398911
0.0212821	0.0005680255355800553
0.0215385	0.0005680254809285667
0.0217949	0.0005680254263463548
0.0220513	0.0005680253718615217
0.0223077	0.0005680253174997713
0.0225641	0.0005680252631755479
0.0228205	0.0005680252089138834
0.0230769	0.0005680251547416323
0.0233333	0.0005680251006389823
0.0235897	0.0005680250466426291
0.0238462	0.0005680249926914393
0.0241026	0.0005680249388310631
0.024359	0.0005680248850310787
0.0246154	0.0005680248312871733
0.0248718	0.0005680247776234371
0.0251282	0.0005680247240131076
0.0253846	0.0005680246704718077
0.025641	0.0005680246169965834
0.0258974	0.0005680245635968978
0.0261538	0.0005680245102665578
0.0264103	0.0005680244570005265
0.0266667	0.0005680244037957804
0.0269231	0.0005680243506458847
0.0271795	0.0005680242975543971
0.0274359	0.0005680242445032605
0.0276923	0.0005680241914988264
0.0279487	0.0005680241385406957
0.0282051	0.0005680240856347298
0.0284615	0.0005680240327857181
0.0287179	0.0005680239799922359
0.0289744	0.0005680239272540874
0.0292308	0.0005680238747224832
0.0294872	0.0005680238222160357
0.0297436	0.0005680237698178969
0.03	0.000568023717452208
0.0302564	0.0005680236650509116
0.0305128	0.0005680236126872495
0.0307692	0.0005680235603588679
0.0310256	0.0005680235080838791
0.0312821	0.0005680234558421754
0.0315385	0.0005680234036905334
0.0317949	0.000568023351560823
0.0320513	0.0005680232994930636
0.0323077	0.0005680232474748659
0.0325641	0.0005680231954935399
0.0328205	0.0005680231435890507
0.0330769	0.000568023091733075
0.0333333	0.0005680230399257014
0.0335897	0.0005680229881694844
0.0338462	0.0005680229364589214
0.0341026	0.000568022884811252
0.034359	0.0005680228331507598
0.0346154	0.0005680227815390199
0.0348718	0.0005680227299564943
0.0351282	0.0005680226784569206
0.0353846	0.0005680226269982704
0.035641	0.0005680225755669708
0.0358974	0.0005680225241978435
0.0361538	0.0005680224728654117
0.0364103	0.0005680224214566473
0.0366667	0.0005680223700972738
0.0369231	0.000568022318757136
0.0371795	0.0005680222674998859
0.0374359	0.0005680222162678342
0.0376923	0.00056802216507794
0.0379487	0.0005680221139509528
0.0382051	0.0005680220628518051
0.0384615	0.0005680220117510108
0.0387179	0.0005680219607251881
0.0389744	0.0005680219097600525
0.0392308	0.0005680218588235624
0.0394872	0.0005680218079943559
0.0397436	0.00056802175723799
0.04	0.000568021706534855
0.0402564	0.0005680216559025657
0.0405128	0.0005680216053292993
0.0407692	0.0005680215547947855
0.0410256	0.0005680215043032995
0.0412821	0.0005680214538823928
0.0415385	0.0005680214034866025
0.0417949	0.0005680213531572761
0.0420513	0.000568021302866378
0.0423077	0.0005680212526185437
0.0425641	0.0005680212023978829
0.0428205	0.0005680211522695306
0.0430769	0.0005680211021649543
0.0433333	0.0005680210520735463
0.0435897	0.000568021002073899
0.0438462	0.0005680209520760959
0.0441026	0.0005680209020369683
0.044359	0.0005680208521337598
0.0446154	0.0005680208022108522
0.0448718	0.0005680207523585187
0.0451282	0.0005680207024920611
0.0453846	0.0005680206525663755
0.045641	0.00056802060277498
0.0458974	0.0005680205528015238
0.0461538	0.0005680205030629692
0.0464103	0.0005680204531701122
0.0466667	0.0005680204035296251
0.0469231	0.0005680203538541727
0.0471795	0.0005680203041378339
0.0474359	0.0005680202545054074
0.0476923	0.0005680202049787021
0.0479487	0.0005680201551175093
0.0482051	0.0005680201055719784
0.0484615	0.0005680200559441647
0.0487179	0.0005680200064433221
0.0489744	0.000568019956912322
0.0492308	0.0005680199072348374
0.0494872	0.0005680198578616589
0.0497436	0.0005680198084799925
0.05	0.0005680197589925615
0.0502564	0.0005680197094918128
0.0505128	0.000568019660269683
0.0507692	0.0005680196108460564
0.0510256	0.0005680195615298728
0.0512821	0.0005680195124249148
0.0515385	0.0005680194633464941
0.0517949	0.0005680194142092924
0.0520513	0.0005680193650836137
0.0523077	0.0005680193161346825
0.0525641	0.0005680192670797143
0.0528205	0.0005680192180867772
0.0530769	0.0005680191691370629
0.0533333	0.0005680191201699103
0.0535897	0.0005680190711743706
0.0538462	0.0005680190223809976
0.0541026	0.000568018973786849
0.054359	0.0005680189247629794
0.0546154	0.0005680188761146361
0.0548718	0.0005680188275105755
0.0551282	0.0005680187789161317
0.0553846	0.000568018730130466
0.055641	0.0005680186815318237
0.0558974	0.0005680186330352441
0.0561538	0.000568018584493447
0.0564103	0.0005680185362652138
0.0566667	0.0005680184878315522
0.0569231	0.0005680184395672836
0.0571795	0.0005680183909747248
0.0574359	0.0005680183427381372
0.0576923	0.0005680182944392362
0.0579487	0.000568018245975176
0.0582051	0.0005680181976540637
0.0584615	0.0005680181494153541
0.0587179	0.0005680181012859287
0.0589744	0.0005680180530352886
0.0592308	0.0005680180046467212
0.0594872	0.0005680179564579611
0.0597436	0.0005680179084031479
0.06	0.0005680178602343151
0.0602564	0.0005680178120685825
0.0605128	0.0005680177640763981
0.0607692	0.0005680177161193583
0.0610256	0.0005680176682223403
0.0612821	0.0005680176199943949
0.0615385	0.0005680175720842457
0.0617949	0.0005680175241660461
0.0620513	0.0005680174760311429
0.0623077	0.0005680174280345722
0.0625641	0.0005680173800983992
0.0628205	0.0005680173321987628
0.0630769	0.0005680172842905231
0.0633333	0.0005680172361099909
0.0635897	0.0005680171882773352
0.0638462	0.0005680171403831175
0.0641026	0.0005680170922430526
0.064359	0.0005680170440588485
0.0646154	0.0005680169962369143
0.0648718	0.0005680169483008048
0.0651282	0.0005680169000905964
0.0653846	0.0005680168520955375
0.065641	0.0005680168039734134
0.0658974	0.0005680167559969769
0.0661538	0.0005680167079499617
0.0664103	0.0005680166600331623
0.0666667	0.0005680166118002917
0.0669231	0.0005680165637844687
0.0671795	0.0005680165158013567
0.0674359	0.0005680164675376026
0.0676923	0.0005680164192884052
0.0679487	0.0005680163714046726
0.0682051	0.0005680163232617011
0.0684615	0.0005680162752610404
0.0687179	0.0005680162273051227
0.0689744	0.0005680161791861219
0.0692308	0.0005680161302335758
0.0694872	0.0005680160823129271
0.0697436	0.000568016034657133
0.07	0.0005680159866751745
0.0702564	0.0005680159379584225
0.0705128	0.0005680158902168066
0.0707692	0.0005680158424946335
0.0710256	0.0005680157945620774
0.0712821	0.0005680157457718882
0.0715385	0.0005680156980758413
0.0717949	0.0005680156504456507
0.0720513	0.0005680156026404081
0.0723077	0.0005680155546143695
0.0725641	0.0005680155061888935
0.0728205	0.0005680154584691061
0.0730769	0.0005680154107494238
0.0733333	0.0005680153627979323
0.0735897	0.0005680153147883746
0.0738462	0.0005680152668484864
0.0741026	0.0005680152181142723
0.074359	0.0005680151699802649
0.0746154	0.000568015121835784
0.0748718	0.0005680150740628088
0.0751282	0.0005680150262406345
0.0753846	0.0005680149780417555
0.075641	0.0005680149299069932
0.0758974	0.0005680148813662215
0.0761538	0.0005680148335928294
0.0764103	0.0005680147854718082
0.0766667	0.0005680147373977544
0.0769231	0.0005680146896022808
0.0771795	0.0005680146418396348
0.0774359	0.0005680145937798962
0.0776923	0.0005680145460530174
0.0779487	0.0005680144971916878
0.0782051	0.000568014449183015
0.0784615	0.0005680144014736904
0.0787179	0.0005680143537181771
0.0789744	0.0005680143057988896
0.0792308	0.0005680142576612785
0.0794872	0.0005680142099604821
0.0797436	0.0005680141622586791
0.08	0.0005680141145025463
0.0802564	0.0005680140651173407
0.0805128	0.0005680140174287694
0.0807692	0.000568013969847365
0.0810256	0.0005680139219308068
0.0812821	0.000568013873710265
0.0815385	0.0005680138256627418
0.0817949	0.0005680137777506266
0.0820513	0.0005680137295236287
0.0823077	0.0005680136808955059
0.0825641	0.0005680136332096102
0.0828205	0.0005680135850684875
0.0830769	0.0005680135368660798
0.0833333	0.000568013489045506
0.0835897	0.0005680134412398792
0.0838462	0.0005680133934870026
0.0841026	0.0005680133449926104
0.084359	0.0005680132972974069
0.0846154	0.0005680132485006982
0.0848718	0.0005680132002822216
0.0851282	0.000568013152688779
0.0853846	0.0005680131045762067
0.085641	0.0005680130568944963
0.0858974	0.0005680130086356126
0.0861538	0.0005680129610315736
0.0864103	0.0005680129133545734
0.0866667	0.0005680128640811704
0.0869231	0.000568012816273566
0.0871795	0.000568012768461103
0.0874359	0.0005680127206022889
0.0876923	0.0005680126727412881
0.0879487	0.0005680126251346902
0.0882051	0.0005680125770920734
0.0884615	0.0005680125280650859
0.0887179	0.0005680124801565946
0.0889744	0.0005680124327447339
0.0892308	0.0005680123854227776
0.0894872	0.0005680123373889394
0.0897436	0.0005680122892885808
0.09	0.0005680122414691653
0.0902564	0.0005680121931118511
0.0905128	0.0005680121453935132
0.0907692	0.0005680120974533063
0.0910256	0.0005680120504787112
0.0912821	0.0005680120032433857
0.0915385	0.0005680119561850345
0.0917949	0.0005680119090155535
0.0920513	0.0005680118607582698
0.0923077	0.0005680118133256891
0.0925641	0.0005680117666666699
0.0928205	0.0005680117200089485
0.0930769	0.0005680116728979545
0.0933333	0.0005680116256713939
0.0935897	0.0005680115781642609
0.0938462	0.0005680115296293668
0.0941026	0.0005680114826434752
0.094359	0.0005680114352754735
0.0946154	0.0005680113876852395
0.0948718	0.0005680113398897835
0.0951282	0.0005680112922754787
0.0953846	0.0005680112438293891
0.095641	0.0005680111964177595
0.0958974	0.0005680111495244065
0.0961538	0.0005680111022158684
0.0964103	0.000568011054532603
0.0966667	0.000568011007036452
0.0969231	0.0005680109583989639
0.0971795	0.0005680109119167349
0.0974359	0.0005680108652589905
0.0976923	0.0005680108182179355
0.0979487	0.0005680107710425384
0.0982051	0.0005680107242233841
0.0984615	0.0005680106752440694
0.0987179	0.0005680106284684418
0.0989744	0.000568010582254727
0.0992308	0.0005680105359312089
0.0994872	0.0005680104885022394
0.0997436	0.0005680104416619448
