0.00025641	0.46
0.000512821	0.58
0.000769231	0.71
0.00102564	0.82
0.00128205	0.92
0.00153846	1.04
0.00179487	1.16
0.00205128	1.28
0.00230769	1.38
0.0025641	1.51
0.00282051	1.63
0.00307692	1.74
0.00333333	1.85
0.00358974	1.98
0.00384615	2.1
0.00410256	2.22
0.00435897	2.33
0.00461538	2.46
0.00487179	2.57
0.00512821	2.71
0.00538462	2.82
0.00564103	2.93
0.00589744	3.03
0.00615385	3.15
0.00641026	3.27
0.00666667	3.36
0.00692308	3.48
0.00717949	3.61
0.0074359	3.69
0.00769231	3.82
0.00794872	3.92
0.00820513	4.02
0.00846154	4.13
0.00871795	4.26
0.00897436	4.37
0.00923077	4.49
0.00948718	4.6
0.00974359	4.71
0.01	4.84
0.0102564	4.96
0.0105128	5.06
0.0107692	5.19
0.0110256	5.3
0.0112821	5.41
0.0115385	5.53
0.0117949	5.65
0.0120513	5.74
0.0123077	5.85
0.0125641	5.96
0.0128205	6.08
0.0130769	6.19
0.0133333	6.3
0.0135897	6.42
0.0138462	6.53
0.0141026	6.63
0.014359	6.75
0.0146154	6.83
0.0148718	6.96
0.0151282	7.09
0.0153846	7.2
0.015641	7.28
0.0158974	7.37
0.0161538	7.46
0.0164103	7.58
0.0166667	7.67
0.0169231	7.79
0.0171795	7.9
0.0174359	8.01
0.0176923	8.130000000000001
0.0179487	8.210000000000001
0.0182051	8.31
0.0184615	8.43
0.0187179	8.539999999999999
0.0189744	8.640000000000001
0.0192308	8.77
0.0194872	8.880000000000001
0.0197436	8.99
0.02	9.1
0.0202564	9.199999999999999
0.0205128	9.300000000000001
0.0207692	9.42
0.0210256	9.52
0.0212821	9.630000000000001
0.0215385	9.74
0.0217949	9.85
0.0220513	9.960000000000001
0.0223077	10.06
0.0225641	10.17
0.0228205	10.3
0.0230769	10.41
0.0233333	10.54
0.0235897	10.64
0.0238462	10.74
0.0241026	10.83
0.024359	10.93
0.0246154	11.02
0.0248718	11.15
0.0251282	11.25
0.0253846	11.35
0.025641	11.46
0.0258974	11.54
0.0261538	11.65
0.0264103	11.75
0.0266667	11.86
0.0269231	11.98
0.0271795	12.05
0.0274359	12.13
0.0276923	12.24
0.0279487	12.35
0.0282051	12.46
0.0284615	12.57
0.0287179	12.69
0.0289744	12.8
0.0292308	12.92
0.0294872	13.02
0.0297436	13.13
0.03	13.23
0.0302564	13.35
0.0305128	13.45
0.0307692	13.57
0.0310256	13.68
0.0312821	13.79
0.0315385	13.89
0.0317949	14.01
0.0320513	14.12
0.0323077	14.2
0.0325641	14.31
0.0328205	14.43
0.0330769	14.52
0.0333333	14.62
0.0335897	14.74
0.0338462	14.85
0.0341026	14.93
0.034359	15.02
0.0346154	15.12
0.0348718	15.24
0.0351282	15.35
0.0353846	15.45
0.035641	15.55
0.0358974	15.67
0.0361538	15.77
0.0364103	15.9
0.0366667	16.01
0.0369231	16.12
0.0371795	16.22
0.0374359	16.33
0.0376923	16.42
0.0379487	16.54
0.0382051	16.63
0.0384615	16.76
0.0387179	16.86
0.0389744	16.97
0.0392308	17.07
0.0394872	17.18
0.0397436	17.28
0.04	17.41
0.0402564	17.53
0.0405128	17.64
0.0407692	17.74
0.0410256	17.87
0.0412821	17.96
0.0415385	18.07
0.0417949	18.19
0.0420513	18.3
0.0423077	18.4
0.0425641	18.48
0.0428205	18.59
0.0430769	18.69
0.0433333	18.8
0.0435897	18.91
0.0438462	19.02
0.0441026	19.13
0.044359	19.19
0.0446154	19.28
0.0448718	19.39
0.0451282	19.5
0.0453846	19.61
0.045641	19.73
0.0458974	19.85
0.0461538	19.96
0.0464103	20.02
0.0466667	20.1
0.0469231	20.21
0.0471795	20.32
0.0474359	20.45
0.0476923	20.55
0.0479487	20.66
0.0482051	20.78
0.0484615	20.91
0.0487179	21.01
0.0489744	21.12
0.0492308	21.23
0.0494872	21.35
0.0497436	21.46
0.05	21.56
0.0502564	21.69
0.0505128	21.8
0.0507692	21.93
0.0510256	22.03
0.0512821	22.16
0.0515385	22.29
0.0517949	22.41
0.0520513	22.52
0.0523077	22.61
0.0525641	22.74
0.0528205	22.83
0.0530769	22.93
0.0533333	23.03
0.0535897	23.16
0.0538462	23.29
0.0541026	23.4
0.054359	23.52
0.0546154	23.64
0.0548718	23.77
0.0551282	23.89
0.0553846	24
0.055641	24.12
0.0558974	24.24
0.0561538	24.37
0.0564103	24.49
0.0566667	24.61
0.0569231	24.74
0.0571795	24.85
0.0574359	24.96
0.0576923	25.09
0.0579487	25.18
0.0582051	25.29
0.0584615	25.41
0.0587179	25.53
0.0589744	25.65
0.0592308	25.76
0.0594872	25.89
0.0597436	26.02
0.06	26.13
0.0602564	26.26
0.0605128	26.36
0.0607692	26.46
0.0610256	26.57
0.0612821	26.7
0.0615385	26.81
0.0617949	26.91
0.0620513	27.02
0.0623077	27.15
0.0625641	27.25
0.0628205	27.37
0.0630769	27.46
0.0633333	27.56
0.0635897	27.69
0.0638462	27.81
0.0641026	27.89
0.064359	28.02
0.0646154	28.13
0.0648718	28.24
0.0651282	28.36
0.0653846	28.46
0.065641	28.57
0.0658974	28.69
0.0661538	28.81
0.0664103	28.94
0.0666667	29.06
0.0669231	29.16
0.0671795	29.29
0.0674359	29.38
0.0676923	29.5
0.0679487	29.61
0.0682051	29.74
0.0684615	29.86
0.0687179	29.97
0.0689744	30.08
0.0692308	30.22
0.0694872	30.33
0.0697436	30.46
0.07	30.58
0.0702564	30.71
0.0705128	30.83
0.0707692	30.95
0.0710256	31.07
0.0712821	31.21
0.0715385	31.32
0.0717949	31.44
0.0720513	31.55
0.0723077	31.68
0.0725641	31.8
0.0728205	31.93
0.0730769	32.04
0.0733333	32.16
0.0735897	32.28
0.0738462	32.4
0.0741026	32.53
0.074359	32.64
0.0746154	32.77
0.0748718	32.9
0.0751282	33.02
0.0753846	33.13
0.075641	33.24
0.0758974	33.36
0.0761538	33.47
0.0764103	33.6
0.0766667	33.67
0.0769231	33.81
0.0771795	33.9
0.0774359	34
0.0776923	34.13
0.0779487	34.27
0.0782051	34.4
0.0784615	34.5
0.0787179	34.63
0.0789744	34.76
0.0792308	34.88
0.0794872	34.99
0.0797436	35.09
0.08	35.19
0.0802564	35.32
0.0805128	35.46
0.0807692	35.58
0.0810256	35.71
0.0812821	35.84
0.0815385	35.96
0.0817949	36.08
0.0820513	36.21
0.0823077	36.33
0.0825641	36.46
0.0828205	36.52
0.0830769	36.58
0.0833333	36.66
0.0835897	36.79
0.0838462	36.92
0.0841026	37.01
0.084359	37.13
0.0846154	37.27
0.0848718	37.37
0.0851282	37.48
0.0853846	37.61
0.085641	37.73
0.0858974	37.85
0.0861538	37.98
0.0864103	38.08
0.0866667	38.23
0.0869231	38.35
0.0871795	38.49
0.0874359	38.63
0.0876923	38.74
0.0879487	38.88
0.0882051	38.98
0.0884615	39.1
0.0887179	39.23
0.0889744	39.35
0.0892308	39.46
0.0894872	39.6
0.0897436	39.71
0.09	39.82
0.0902564	39.94
0.0905128	40.05
0.0907692	40.18
0.0910256	40.3
0.0912821	40.4
0.0915385	40.52
0.0917949	40.64
0.0920513	40.77
0.0923077	40.9
0.0925641	41.04
0.0928205	41.15
0.0930769	41.26
0.0933333	41.38
0.0935897	41.52
0.0938462	41.61
0.0941026	41.73
0.094359	41.84
0.0946154	41.91
0.0948718	41.99
0.0951282	42.03
0.0953846	42.13
0.095641	42.23
0.0958974	42.32
0.0961538	42.43
0.0964103	42.51
0.0966667	42.59
0.0969231	42.71
0.0971795	42.81
0.0974359	42.92
0.0976923	42.99
0.0979487	43.08
0.0982051	43.13
0.0984615	43.18
0.0987179	43.29
0.0989744	43.41
0.0992308	43.55
0.0994872	43.66
0.0997436	43.79
0.1	43.93
