0.00025641	21
0.000512821	13
0.000769231	13
0.00102564	13
0.00128205	13
0.00153846	13
0.00179487	13
0.00205128	13
0.00230769	13
0.0025641	13
0.00282051	13
0.00307692	13
0.00333333	13
0.00358974	13
0.00384615	13
0.00410256	13
0.00435897	12
0.00461538	13
0.00487179	13
0.00512821	13
0.00538462	12
0.00564103	12
0.00589744	12
0.00615385	12
0.00641026	12
0.00666667	12
0.00692308	12
0.00717949	12
0.0074359	13
0.00769231	12
0.00794872	12
0.00820513	13
0.00846154	12
0.00871795	12
0.00897436	12
0.00923077	12
0.00948718	12
0.00974359	13
0.01	12
0.0102564	11
0.0105128	11
0.0107692	12
0.0110256	12
0.0112821	12
0.0115385	12
0.0117949	12
0.0120513	12
0.0123077	12
0.0125641	12
0.0128205	12
0.0130769	12
0.0133333	12
0.0135897	12
0.0138462	12
0.0141026	12
0.014359	12
0.0146154	12
0.0148718	12
0.0151282	11
0.0153846	12
0.015641	12
0.0158974	11
0.0161538	12
0.0164103	12
0.0166667	12
0.0169231	12
0.0171795	11
0.0174359	12
0.0176923	11
0.0179487	12
0.0182051	11
0.0184615	12
0.0187179	12
0.0189744	12
0.0192308	12
0.0194872	11
0.0197436	12
0.02	11
0.0202564	12
0.0205128	11
0.0207692	12
0.0210256	12
0.0212821	12
0.0215385	11
0.0217949	12
0.0220513	12
0.0223077	12
0.0225641	12
0.0228205	12
0.0230769	12
0.0233333	12
0.0235897	11
0.0238462	12
0.0241026	11
0.024359	11
0.0246154	12
0.0248718	11
0.0251282	11
0.0253846	11
0.025641	11
0.0258974	11
0.0261538	11
0.0264103	12
0.0266667	11
0.0269231	12
0.0271795	11
0.0274359	11
0.0276923	11
0.0279487	11
0.0282051	11
0.0284615	11
0.0287179	12
0.0289744	11
0.0292308	12
0.0294872	12
0.0297436	12
0.03	11
0.0302564	12
0.0305128	12
0.0307692	11
0.0310256	11
0.0312821	11
0.0315385	11
0.0317949	11
0.0320513	11
0.0323077	11
0.0325641	11
0.0328205	11
0.0330769	10
0.0333333	11
0.0335897	11
0.0338462	11
0.0341026	11
0.034359	12
0.0346154	12
0.0348718	11
0.0351282	12
0.0353846	11
0.035641	11
0.0358974	11
0.0361538	11
0.0364103	12
0.0366667	11
0.0369231	11
0.0371795	11
0.0374359	11
0.0376923	11
0.0379487	11
0.0382051	11
0.0384615	11
0.0387179	11
0.0389744	11
0.0392308	11
0.0394872	13
0.0397436	11
0.04	11
0.0402564	11
0.0405128	11
0.0407692	11
0.0410256	11
0.0412821	11
0.0415385	11
0.0417949	11
0.0420513	10
0.0423077	11
0.0425641	11
0.0428205	12
0.0430769	12
0.0433333	11
0.0435897	12
0.0438462	11
0.0441026	12
0.044359	12
0.0446154	12
0.0448718	11
0.0451282	12
0.0453846	13
0.045641	13
0.0458974	12
0.0461538	13
0.0464103	13
0.0466667	13
0.0469231	12
0.0471795	13
0.0474359	13
0.0476923	12
0.0479487	13
0.0482051	13
0.0484615	13
0.0487179	13
0.0489744	12
0.0492308	13
0.0494872	13
0.0497436	11
0.05	12
0.0502564	13
0.0505128	13
0.0507692	13
0.0510256	13
0.0512821	13
0.0515385	11
0.0517949	13
0.0520513	13
0.0523077	12
0.0525641	13
0.0528205	13
0.0530769	11
0.0533333	13
0.0535897	13
0.0538462	13
0.0541026	12
0.054359	13
0.0546154	13
0.0548718	12
0.0551282	12
0.0553846	13
0.055641	13
0.0558974	13
0.0561538	13
0.0564103	13
0.0566667	13
0.0569231	13
0.0571795	13
0.0574359	13
0.0576923	13
0.0579487	13
0.0582051	13
0.0584615	13
0.0587179	12
0.0589744	13
0.0592308	13
0.0594872	13
0.0597436	13
0.06	13
0.0602564	13
0.0605128	13
0.0607692	11
0.0610256	11
0.0612821	14
0.0615385	14
0.0617949	11
0.0620513	13
0.0623077	13
0.0625641	13
0.0628205	11
0.0630769	11
0.0633333	14
0.0635897	13
0.0638462	12
0.0641026	13
0.064359	13
0.0646154	13
0.0648718	12
0.0651282	13
0.0653846	13
0.065641	13
0.0658974	13
0.0661538	13
0.0664103	13
0.0666667	13
0.0669231	13
0.0671795	12
0.0674359	12
0.0676923	13
0.0679487	14
0.0682051	14
0.0684615	13
0.0687179	12
0.0689744	13
0.0692308	15
0.0694872	14
0.0697436	13
0.07	13
0.0702564	14
0.0705128	14
0.0707692	12
0.0710256	13
0.0712821	15
0.0715385	14
0.0717949	12
0.0720513	13
0.0723077	14
0.0725641	14
0.0728205	14
0.0730769	12
0.0733333	14
0.0735897	14
0.0738462	13
0.0741026	14
0.074359	14
0.0746154	14
0.0748718	13
0.0751282	12
0.0753846	13
0.075641	14
0.0758974	14
0.0761538	14
0.0764103	13
0.0766667	14
0.0769231	14
0.0771795	12
0.0774359	13
0.0776923	14
0.0779487	14
0.0782051	14
0.0784615	13
0.0787179	12
0.0789744	14
0.0792308	14
0.0794872	14
0.0797436	12
0.08	12
0.0802564	15
0.0805128	15
0.0807692	13
0.0810256	14
0.0812821	14
0.0815385	14
0.0817949	13
0.0820513	14
0.0823077	14
0.0825641	14
0.0828205	14
0.0830769	14
0.0833333	14
0.0835897	12
0.0838462	13
0.0841026	14
0.084359	14
0.0846154	15
0.0848718	14
0.0851282	14
0.0853846	14
0.085641	14
0.0858974	14
0.0861538	14
0.0864103	13
0.0866667	15
0.0869231	15
0.0871795	14
0.0874359	13
0.0876923	14
0.0879487	14
0.0882051	14
0.0884615	15
0.0887179	15
0.0889744	14
0.0892308	13
0.0894872	14
0.0897436	14
0.09	13
0.0902564	15
0.0905128	14
0.0907692	14
0.0910256	14
0.0912821	13
0.0915385	13
0.0917949	15
0.0920513	15
0.0923077	15
0.0925641	14
0.0928205	13
0.0930769	14
0.0933333	15
0.0935897	15
0.0938462	15
0.0941026	15
0.094359	14
0.0946154	13
0.0948718	15
0.0951282	14
0.0953846	15
0.095641	15
0.0958974	14
0.0961538	14
0.0964103	14
0.0966667	15
0.0969231	15
0.0971795	15
0.0974359	14
0.0976923	13
0.0979487	14
0.0982051	14
0.0984615	16
0.0987179	15
0.0989744	15
0.0992308	15
0.0994872	15
0.0997436	15
0.1	15
