/*--------------------------------*- C++ -*----------------------------------*\
| =========                 |                                                 |
| \\      /  F ield         | OpenFOAM: The Open Source CFD Toolbox           |
|  \\    /   O peration     | Version:  v1906                                 |
|   \\  /    A nd           | Web:      www.OpenFOAM.com                      |
|    \\/     M anipulation  |                                                 |
\*---------------------------------------------------------------------------*/
FoamFile
{
    version     2.0;
    format      ascii;
    class       labelList;
    location    "constant/polyMesh";
    object      pointProcAddressing;
}
// * * * * * * * * * * * * * * * * * * * * * * * * * * * * * * * * * * * * * //


4262
(
13
14
15
16
17
18
19
20
21
22
23
24
25
26
27
28
29
30
31
32
33
34
40
41
42
43
44
45
46
47
48
49
72
73
74
75
76
77
78
79
80
81
82
83
84
85
86
87
88
89
90
91
92
93
99
100
101
102
103
104
105
106
107
108
132
134
158
159
160
161
162
163
164
165
166
167
168
169
170
171
172
173
174
175
176
177
178
179
180
181
182
183
184
185
186
187
188
193
194
195
196
197
198
199
200
201
202
203
204
205
206
207
208
209
210
211
212
345
346
372
373
374
375
376
377
378
379
380
381
396
397
398
399
400
401
402
403
404
405
406
407
408
409
410
411
412
457
458
459
460
461
462
463
464
483
484
485
486
487
488
489
490
491
492
493
494
498
499
500
501
502
503
504
505
506
507
508
509
510
511
512
513
514
515
516
517
518
545
546
547
548
549
550
551
552
553
554
556
557
558
559
560
561
562
563
564
565
566
567
568
584
587
591
592
593
594
595
596
597
598
599
600
601
602
603
604
605
606
608
609
610
611
612
614
615
616
617
618
619
620
621
622
623
624
627
629
645
646
647
648
649
657
659
663
664
665
666
667
668
669
670
672
673
674
677
680
681
683
684
685
686
687
688
692
695
699
700
701
702
703
704
706
712
716
719
722
724
725
726
727
728
729
730
731
733
734
735
736
737
739
740
744
746
749
753
754
755
757
758
759
760
761
765
766
767
768
769
774
775
777
778
781
783
784
785
787
789
791
792
793
795
798
799
800
803
804
805
806
807
808
810
812
813
814
816
817
818
851
852
853
854
855
856
857
858
859
860
861
862
863
864
865
866
867
868
869
870
871
872
873
877
878
879
880
881
882
883
884
885
886
887
888
889
890
891
892
893
894
895
896
897
898
899
900
901
902
903
904
905
906
907
908
909
910
941
963
964
965
966
967
968
969
970
971
972
973
974
975
976
977
978
979
980
981
982
983
984
985
986
987
988
989
990
991
992
993
994
995
996
997
998
999
1000
1001
1002
1003
1004
1006
1007
1008
1009
1010
1011
1012
1013
1033
1034
1036
1038
1039
1047
1057
1058
1059
1060
1061
1062
1063
1064
1065
1066
1067
1068
1069
1070
1071
1072
1073
1074
1075
1076
1077
1078
1079
1080
1081
1082
1083
1084
1085
1089
1090
1091
1092
1093
1109
1113
1116
1117
1118
1119
1120
1121
1123
1126
1130
1131
1135
1137
1138
1139
1140
1141
1142
1143
1144
1145
1146
1148
1149
1150
1151
1153
1154
1162
1164
1165
1167
1168
1170
1171
1172
1173
1177
1178
1180
1182
1183
1184
1185
1186
1187
1188
1189
1190
1601
1614
1615
1616
1617
1647
1648
1649
1650
1670
1686
1687
1688
1706
1708
1709
1943
1952
1968
1969
1970
1971
1972
1973
1974
1975
1976
1977
1978
1979
1980
1981
1982
2001
2018
2034
2035
2036
2037
2038
2039
2040
2041
2042
2043
2044
2045
2046
2047
2596
2621
2622
2623
2624
2625
2626
2627
2644
2663
2687
2688
2689
2690
2691
2692
2919
2920
2921
2922
2940
2941
2942
2943
2944
2945
2946
2947
2958
2959
2960
2961
2962
2963
2964
2965
2974
2975
2976
2977
2979
2980
2981
2982
2983
2984
2985
2996
3000
3001
3002
3003
3004
3005
3009
3025
3026
3027
3028
3029
3030
3043
3044
3045
3046
3047
3048
3053
3059
3060
3061
3065
3066
3078
3080
3081
3082
3098
3101
3102
3103
3107
3116
3117
3118
3119
3124
3125
3127
3129
3130
3131
3134
3139
3141
3143
3148
3153
3159
3161
3162
3164
3167
3183
3194
3195
3196
3199
3202
3203
3204
3206
3209
3214
3217
3218
3220
3223
3224
3228
3229
3234
3237
3252
3264
3265
3266
3272
3274
3276
3278
3283
3285
3286
3289
3292
3295
3297
3299
3300
3333
3334
3335
3337
3338
3348
3356
3357
3362
3364
3366
3369
3371
3380
3389
3399
3400
3401
3406
3411
3419
3427
3431
3435
3443
3444
3448
3452
3461
3464
3466
3467
3469
3478
3482
3483
3489
3492
3494
3509
3510
3513
3531
3535
3539
3542
3552
3560
3564
3565
3567
3568
3570
3572
3574
3575
3576
3577
3579
3580
3582
3586
3592
3593
3595
3599
3602
3603
3604
3605
3607
3608
3610
3611
3612
3613
3616
3617
3619
3622
3623
3625
3626
3627
3629
3631
3635
3636
3638
3640
3641
3642
3644
3645
3646
3647
3648
3649
3650
3651
3652
3653
3654
3656
3657
3658
3659
3661
3662
3663
3664
3665
3666
3667
3668
3669
3670
3671
3672
3674
3675
3676
3677
3678
3679
3680
3681
3717
3740
3766
3779
3781
3782
3783
3792
3793
3794
3796
3810
3817
3818
3819
3828
3829
3830
3870
3871
3878
3879
3880
3899
3900
3901
3903
3907
3908
3909
3913
3918
3919
3920
3921
3942
3943
3979
3990
3991
3992
3993
4000
4001
4002
4009
4010
4011
4012
4013
4014
4015
4016
4033
4034
4036
4037
4039
4040
4043
4112
4113
4114
4115
4116
4117
4118
4119
4124
4125
4126
4127
4128
4148
4149
4153
4154
4155
4156
4157
4160
4161
4162
4163
4164
4174
4175
4176
4177
4235
4236
4237
4238
4239
4240
4241
4244
4245
4246
4248
4305
4309
4311
4313
4314
4315
4479
5060
5061
5062
5104
5105
5112
5113
5114
5134
5135
5136
5137
5138
5142
5143
5144
5146
5147
5149
5150
5151
5152
5155
5156
5157
5158
5159
5160
5161
5162
5163
5164
5165
5166
5167
5168
5169
5170
5173
5174
5175
5176
5177
5178
5179
5180
5181
5182
5183
5184
5186
5187
5192
5193
5195
5196
5197
5232
5239
5240
5241
5242
5316
5317
5350
5351
5378
5379
5380
5381
5382
5383
5386
5387
5388
5391
5392
5393
5400
5401
5402
5403
5404
5405
5411
5412
5413
5414
5415
5417
5418
5419
5433
5434
5435
5436
5437
5438
5439
5440
5441
5442
5447
5448
5449
5450
5451
5452
5463
5464
5465
5466
5467
5468
5469
5470
5471
5472
5473
5474
5475
5476
5477
5478
5479
5480
5481
5484
5485
5486
5487
5488
5489
5490
5491
5492
5493
5494
5495
5496
5497
5498
5499
5500
5501
5502
5503
5504
5505
5506
5507
5508
5510
5512
5513
5514
5515
5516
5518
5519
5521
5523
5551
5552
5553
5554
5555
5556
5560
5561
5562
5563
5564
5565
5566
5587
5589
5590
5591
5592
5593
5594
5595
5596
5597
5598
5614
5615
5616
5617
5618
5629
5630
5631
5632
5633
5634
5635
5636
5637
5638
5639
5649
5651
5652
5658
5661
5664
5665
5666
5667
5668
5670
5676
5677
5678
5679
5680
5681
5682
5683
5699
5700
5701
5702
5704
5705
5706
5708
5709
5710
5711
5712
5713
5714
5715
5716
5717
5718
5721
5722
5723
5808
5809
5810
5811
5812
5813
5814
5815
5816
5817
5818
5819
5820
5821
5822
5823
5824
5829
5830
5843
5844
5845
5846
5847
5848
5849
5850
5851
5852
5853
5854
5855
5858
5859
5868
5869
5870
5871
5872
5873
5874
5875
5876
5877
5878
5879
5880
5881
5882
5883
5884
5886
5887
5888
5890
5896
5897
5898
5899
5900
5901
5902
5903
5904
5905
5906
5907
5909
5910
5914
5915
5922
5923
5924
5925
5926
5927
5930
5931
5932
5933
5934
5935
5936
5937
5938
5939
5940
5941
5942
5943
5944
5945
5946
5947
5948
5949
5950
5951
5952
5953
5954
5955
5956
5957
5958
5959
5960
5961
5962
5963
5964
5965
5966
5967
5968
5969
5970
5971
5972
5973
5974
5975
5976
5977
5978
5979
5980
5981
5982
5983
5984
5985
5986
5987
5988
5989
5990
5991
5992
5993
5994
5995
5996
5997
5998
5999
6000
6001
6002
6003
6004
6005
6006
6007
6008
6009
6010
6011
6012
6014
6015
6016
6020
6021
6022
6023
6024
6025
6028
6029
6030
6031
6038
6039
6040
6041
6042
6043
6044
6045
6046
6047
6048
6049
6050
6051
6052
6053
6054
6055
6056
6057
6058
6059
6060
6061
6062
6063
6064
6065
6066
6067
6068
6069
6070
6071
6072
6073
6074
6075
6076
6077
6078
6079
6080
6081
6082
6083
6084
6085
6086
6087
6088
6089
6090
6091
6093
6094
6095
6096
6097
6098
6099
6100
6101
6102
6103
6104
6105
6106
6107
6108
6109
6110
6111
6113
6114
6115
6116
6117
6118
6119
6120
6122
6123
6124
6125
6126
6127
6128
6129
6130
6131
6132
6133
6134
6135
6136
6137
6138
6139
6140
6141
6142
6143
6144
6145
6146
6147
6148
6149
6150
6151
6152
6153
6154
6155
6156
6157
6158
6159
6160
6161
6162
6163
6164
6165
6166
6167
6168
6169
6170
6171
6172
6173
6174
6175
6176
6177
6178
6179
6180
6191
6192
6193
6194
6195
6196
6197
6198
6199
6200
6201
6202
6203
6204
6205
6206
6207
6208
6209
6210
6211
6212
6213
6214
6215
6216
6217
6218
6219
6220
6221
6222
6223
6224
6225
6226
6227
6228
6229
6230
6231
6232
6233
6234
6235
6236
6239
6241
6242
6243
6247
6248
6249
6250
6251
6252
6253
6254
6255
6256
6257
6258
6259
6260
6261
6262
6263
6264
6265
6266
6267
6268
6269
6270
6271
6272
6273
6274
6275
6276
6277
6278
6279
6280
6281
6282
6283
6284
6285
6286
6287
6288
6289
6290
6291
6292
6293
6294
6295
6296
6297
6298
6299
6300
6301
6302
6303
6304
6305
6306
6307
6308
6309
6310
6311
6312
6313
6314
6315
6316
6317
6318
6319
6320
6321
6322
6323
6324
6325
6326
6327
6328
6329
6330
6331
6332
6333
6334
6335
6336
6337
6338
6339
6340
6341
6342
6343
6344
6345
6346
6347
6348
6349
6350
6351
6352
6353
6354
6355
6356
6357
6358
6359
6360
6361
6362
6363
6364
6365
6366
6367
6368
6369
6370
6371
6372
6373
6374
6375
6376
6377
6378
6379
6380
6381
6382
6383
6384
6385
6386
6387
6388
6389
6390
6391
6392
6393
6394
6395
6396
6397
6398
6399
6400
6401
6402
6403
6404
6405
6406
6407
6408
6409
6410
6411
6412
6413
6414
6415
6416
6417
6418
6419
6420
6424
6425
6426
6427
6428
6429
6433
6434
6435
6436
6437
6438
6439
6440
6441
6442
6443
6444
6445
6446
6451
6452
6453
6454
6455
6456
6457
6458
6459
6460
6461
6462
6463
6464
6465
6466
6467
6468
6469
6471
6472
6473
6474
6475
6476
6477
6478
6479
6480
6481
6482
6483
6484
6485
6486
6487
6488
6489
6494
6495
6496
6497
6498
6499
6500
6501
6502
6503
6504
6505
6506
6507
6508
6509
6510
6511
6512
6513
6514
6515
6516
6517
6518
6519
6520
6521
6522
6523
6524
6529
6530
6531
6532
6533
6534
6535
6536
6537
6538
6539
6540
6541
6542
6543
6544
6545
6546
6547
6548
6549
6550
6551
6552
6553
6554
6555
6556
6557
6558
6559
6560
6561
6562
6563
6564
6565
6566
6567
6568
6569
6570
6571
6572
6573
6574
6575
6576
6577
6578
6579
6580
6581
6582
6583
6584
6585
6586
6587
6598
6599
6600
6601
6602
6603
6604
6605
6606
6607
6608
6609
6610
6611
6612
6613
6614
6615
6616
6617
6618
6619
6620
6621
6622
6623
6625
6626
6627
6628
6629
6630
6631
6632
6633
6634
6635
6636
6637
6638
6639
6640
6641
6642
6643
6644
6645
6646
6647
6648
6649
6650
6651
6662
6663
6664
6665
6666
6667
6668
6669
6670
6671
6672
6673
6674
6675
6676
6677
6678
6679
6680
6681
6682
6683
6684
6685
6686
6687
6688
6689
6690
6691
6692
6693
6694
6695
6696
6697
6700
6701
6703
6704
6705
6706
6707
6708
6709
6710
6711
6712
6713
6714
6715
6716
6717
6718
6719
6720
6721
6722
6723
6724
6725
6726
6727
6728
6729
6730
6731
6732
6733
6734
6735
6736
6737
6738
6739
6740
6741
6744
6745
6746
6747
6748
6749
6750
6751
6752
6753
6754
6755
6756
6757
6758
6759
6760
6761
6762
6763
6764
6765
6766
6767
6768
6769
6770
6771
6772
6773
6774
6775
6776
6777
6778
6779
6780
6781
6782
6783
6784
6785
6786
6787
6788
6789
6790
6791
6792
6793
6794
6795
6796
6797
6798
6799
6800
6801
6802
6803
6804
6805
6806
6807
6808
6809
6810
6811
6812
6813
6814
6815
6816
6817
6818
6819
6824
6825
6826
6827
6828
6829
6830
6831
6832
6833
6834
6835
6836
6837
6838
6839
6840
6841
6842
6843
6844
6845
6846
6847
6848
6849
6850
6851
6852
6853
6854
6855
6856
6857
6858
6859
6860
6861
6862
6863
6864
6865
6866
6867
6870
6871
6872
6873
6874
6875
6876
6877
6878
6879
6880
6881
6882
6883
6884
6885
6886
6887
6888
6889
6890
6891
6892
6893
6894
6895
6896
6897
6898
6901
6902
6903
6924
6925
6926
6927
6928
6929
6930
6931
6932
6933
6934
6935
6936
6937
6938
6939
6940
6941
6942
6943
6944
6945
6946
6947
6948
6949
6950
6951
6952
6953
6954
6955
6956
6957
6958
6959
6960
6961
6962
6963
6964
6965
6966
6967
6968
6969
6970
6971
6972
6973
6974
6975
6976
6977
6978
6979
6980
6981
6982
6983
6984
6985
6986
6987
6988
6989
6990
6991
6994
6996
7009
7011
7012
7013
7018
7019
7020
7021
7022
7023
7024
7027
7028
7029
7030
7034
7035
7036
7037
7038
7042
7043
7044
7045
7046
7047
7048
7052
7053
7054
7055
7056
7057
7058
7059
7060
7061
7062
7063
7064
7065
7066
7067
7068
7069
7070
7071
7072
7073
7074
7075
7076
7081
7082
7083
7084
7085
7086
7087
7088
7089
7091
7099
7100
7101
7102
7103
7104
7105
7106
7107
7108
7109
7110
7111
7112
7113
7114
7115
7116
7117
7118
7119
7120
7121
7126
7127
7128
7129
7130
7131
7132
7133
7134
7135
7136
7137
7138
7139
7140
7141
7142
7143
7144
7145
7146
7147
7148
7149
7150
7151
7152
7153
7154
7155
7159
7160
7161
7162
7163
7164
7165
7166
7167
7168
7169
7170
7171
7172
7173
7174
7175
7176
7177
7180
7181
7182
7183
7184
7185
7186
7187
7188
7189
7190
7191
7192
7193
7194
7195
7196
7197
7198
7199
7200
7201
7202
7203
7204
7205
7206
7207
7208
7209
7210
7211
7212
7213
7214
7215
7216
7217
7218
7219
7220
7221
7222
7223
7224
7225
7226
7227
7228
7229
7230
7231
7232
7233
7234
7235
7236
7237
7238
7239
7240
7241
7242
7243
7244
7245
7246
7247
7248
7249
7250
7251
7252
7253
7254
7255
7256
7257
7258
7259
7260
7261
7262
7263
7264
7265
7266
7267
7268
7269
7270
7271
7272
7273
7274
7275
7276
7277
7278
7279
7280
7281
7282
7283
7284
7285
7286
7287
7288
7289
7290
7291
7292
7293
7294
7295
7296
7297
7298
7299
7300
7301
7302
7303
7304
7305
7306
7307
7308
7309
7310
7311
7312
7313
7314
7315
7316
7317
7318
7319
7320
7321
7322
7323
7324
7325
7326
7327
7328
7329
7330
7331
7332
7333
7334
7335
7336
7337
7338
7339
7340
7341
7342
7343
7344
7345
7346
7347
7348
7349
7351
7352
7356
7357
7360
7361
7362
7363
7364
7375
7376
7377
7378
7379
7380
7381
7382
7383
7387
7388
7389
7390
7391
7399
7400
7401
7402
7403
7404
7405
7406
7407
7408
7409
7410
7411
7412
7413
7415
7416
7417
7418
7419
7420
7421
7431
7432
7433
7434
7435
7436
7437
7438
7439
7440
7441
7442
7443
7444
7445
7446
7447
7448
7449
7450
7451
7452
7453
7454
7455
7456
7457
7458
7459
7460
7461
7462
7465
7466
7467
7468
7469
7470
7471
7472
7512
7513
7514
7515
7516
7517
7518
7519
7520
7521
7522
7523
7524
7525
7526
7527
7537
7538
7539
7540
7541
7542
7543
7544
7545
7546
7547
7548
7549
7550
7551
7552
7553
7554
7555
7556
7557
7558
7559
7560
7561
7562
7563
7564
7568
7574
7575
7576
7577
7580
7581
7582
7583
7585
7586
7587
7588
7592
7593
7594
7595
7596
7599
7600
7601
7602
7607
7608
7609
7610
7611
7612
7613
7615
7616
7617
7618
7619
7620
7621
7622
7629
7630
7631
7632
7633
7634
7635
7636
7637
7638
7639
7640
7641
7642
7643
7644
7645
7647
7648
7649
7650
7651
7659
7660
7661
7662
7663
7664
7665
7666
7667
7668
7669
7670
7671
7672
7673
7674
7675
7676
7677
7678
7679
7680
7681
7682
7683
7684
7685
7686
7687
7688
7689
7690
7691
7692
7693
7694
7695
7696
7697
7698
7699
7700
7701
7702
7703
7704
7705
7706
7707
7708
7709
7710
7711
7712
7713
7714
7715
7716
7717
7718
7719
7720
7721
7722
7723
7724
7725
7726
7727
7728
7729
7730
7731
7732
7733
7734
7735
7736
7737
7738
7739
7740
7741
7742
7743
7744
7745
7746
7747
7748
7749
7750
7751
7752
7753
7754
7755
7756
7757
7758
7759
7760
7761
7763
7764
7765
7766
7767
7768
7769
7770
7771
7772
7773
7774
7775
7776
7777
7778
7779
7780
7781
7782
7783
7784
7785
7786
7787
7788
7789
7790
7791
7792
7793
7794
7795
7796
7797
7798
7799
7800
7801
7802
7803
7804
7805
7806
7807
7808
7809
7810
7813
7814
7815
7816
7817
7818
7819
7820
7821
7822
7823
7824
7825
7826
7827
7828
7829
7830
7831
7832
7833
7834
7835
7836
7837
7838
7839
7840
7841
7842
7844
7845
7846
7850
7851
7862
7863
7864
7865
7867
7868
7880
7881
7882
7883
7884
7885
7886
7887
7888
7889
7894
7895
7896
7897
7898
7902
7903
7904
7905
7912
7913
7914
7915
7916
7917
7918
7919
7922
7923
7924
7925
7926
7927
7928
7929
7936
7937
7938
7939
7940
7941
7942
7943
7944
7945
7946
7956
7957
7958
7959
7960
7961
7962
7963
7964
7965
7966
7967
7968
7969
7970
7971
7972
7973
7974
7975
7976
7977
7997
7998
7999
8000
8001
8002
8003
8004
8005
8006
8007
8008
8009
8010
8011
8012
8018
8019
8020
8021
8022
8023
8024
8025
8026
8029
8030
8031
8032
8033
8034
8035
8036
8037
8038
8039
8040
8056
8057
8058
8059
8060
8061
8062
8063
8064
8065
8066
8067
8068
8069
8070
8071
8072
8073
8074
8075
8076
8077
8078
8079
8080
8081
8082
8083
8084
8085
8086
8087
8088
8089
8090
8091
8092
8093
8094
8095
8096
8097
8098
8099
8100
8101
8102
8103
8104
8105
8106
8107
8108
8109
8110
8111
8112
8113
8114
8115
8116
8117
8118
8119
8120
8121
8122
8123
8124
8125
8130
8131
8132
8133
8138
8139
8140
8141
8142
8143
8144
8164
8165
8166
8167
8168
8169
8170
8171
8172
8173
8174
8184
8185
8186
8187
8188
8189
8190
8191
8204
8207
8208
8209
8210
8211
8212
8213
8214
8215
8216
8217
8218
8219
8220
8221
8222
8223
8224
8225
8226
8227
8228
8229
8230
8231
8232
8233
8234
8235
8236
8237
8238
8239
8240
8241
8242
8243
8244
8247
8248
8249
8250
8251
8254
8255
8256
8257
8258
8259
8260
8263
8264
8265
8266
8267
8270
8271
8272
8273
8274
8275
8276
8283
8284
8285
8286
8287
8288
8289
8290
8291
8292
8299
8300
8301
8302
8303
8304
8305
8306
8307
8308
8309
8311
8312
8313
8318
8319
8321
8322
8323
8328
8329
8330
8331
8332
8333
8334
8337
8338
8339
8343
8344
8345
8346
8347
8348
8349
8350
8351
8352
8353
8354
8355
8356
8358
8359
8360
8361
8362
8363
8364
8365
8366
8367
8368
8369
8370
8371
8372
8373
8374
8375
8376
8377
8378
8379
8391
8396
8397
8415
8416
8419
8420
8421
8422
8429
8444
8445
8446
8466
8467
8468
8484
8485
8486
8487
8488
8489
8490
8491
8492
8493
8494
8495
8496
8497
8498
8504
8505
8520
8521
8522
8523
8524
8525
8526
8527
8528
8529
8548
8549
8550
8551
8552
8553
8555
8569
8570
8572
8573
8574
8575
8576
8577
8578
8579
8580
8581
8582
8583
8584
8585
8588
8589
8605
8608
8610
8624
8632
8644
8650
8653
8681
8682
8686
8709
8723
8756
8757
8771
8772
8779
8781
8782
8872
8873
8875
8929
8930
8931
8932
8933
8934
8935
8936
8937
8938
8939
8940
8941
8943
8944
8945
8946
8947
8948
8949
8950
8951
8952
8953
8954
8956
8958
8959
8960
8961
8962
8963
8964
8966
8967
8968
8969
8970
8971
8972
8973
8974
8977
8980
8983
8984
8985
8986
8987
8989
8990
8991
8992
8993
9000
9001
9002
9003
9004
9005
9006
9007
9011
9012
9013
9014
9015
9016
9017
9025
9029
9030
9031
9032
9033
9035
9036
9037
9038
9039
9040
9041
9042
9043
9044
9045
9046
9047
9048
9049
9050
9051
9052
9053
9054
9055
9057
9058
9059
9060
9061
9062
9063
9064
9065
9066
9067
9068
9069
9070
9071
9072
9073
9074
9075
9076
9077
9078
9079
9080
9081
9082
9083
9084
9085
9086
9087
9088
9089
9090
9091
9092
9093
9094
9095
9096
9097
9098
9099
9100
9101
9102
9103
9104
9105
9106
9107
9110
9111
9115
9120
9121
9122
9129
9130
9131
9132
9133
9134
9135
9136
9137
9138
9139
9140
9141
9142
9143
9144
9145
9146
9147
9148
9149
9150
9151
9152
9153
9154
9155
9156
9157
9158
9159
9160
9161
9162
9163
9164
9165
9166
9167
9168
9169
9170
9171
9172
9173
9174
9175
9176
9191
9194
9214
9217
9218
9219
9220
9221
9222
9223
9224
9225
9239
9241
9242
9243
9244
9245
9246
9247
9249
9250
9251
9252
9253
9254
9255
9256
9257
9258
9259
9260
9261
9262
9263
9264
9265
9266
9267
9268
9269
9270
9271
9272
9273
9274
9275
9276
9277
9278
9279
9280
9281
9282
9283
9284
9285
9286
9287
9288
9289
9290
9291
9292
9293
9294
9295
9296
9297
9298
9299
9300
9301
9303
9304
9305
9306
9307
9308
9309
9310
9311
9312
9313
9314
9315
9316
9317
9318
9319
9320
9321
9322
9323
9324
9325
9326
9327
9329
9330
9331
9332
9333
9334
9335
9336
9337
9338
9339
9340
9341
9342
9343
9344
9345
9346
9347
9348
9349
9350
9351
9352
9353
9354
9355
9356
9357
9358
9359
9360
9361
9362
9363
9364
9365
9366
9367
9368
9369
9370
9371
9372
9373
9374
9375
9376
9377
9378
9379
9380
9381
9382
9383
9384
9385
9386
9387
9388
9389
9390
9391
9392
9393
9394
9395
9396
9397
9398
9401
9402
9403
9404
9405
9406
9407
9408
9409
9410
9411
9412
9413
9414
9415
9418
9419
9420
9421
9422
9423
9424
9425
9426
9427
9428
9429
9430
9431
9432
9433
9434
9435
9436
9437
9438
9439
9440
9441
9442
9443
9444
9445
9446
9447
9448
9449
9450
9451
9452
9453
9454
9455
9460
9461
9462
9463
9464
9465
9466
9467
9468
9469
9470
9471
9472
9473
9474
9475
9476
9477
9478
9479
9480
9481
9482
9483
9484
9485
9486
9487
9488
9489
9490
9491
9492
9493
9494
9495
9496
9497
9498
9499
9500
9501
9502
9503
9505
9506
9509
9513
9514
9515
9516
9517
9518
9519
9520
9521
9522
9523
9524
9525
9526
9527
9528
9529
9530
9531
9532
9533
9534
9535
9536
9537
9538
9539
9540
9541
9542
9543
9544
9545
9546
9549
9550
9551
9552
9553
9554
9555
9556
9557
9558
9559
9560
9561
9562
9567
9568
9569
9570
9571
9572
9573
9574
9575
9576
9577
9580
9581
9582
9583
9584
9585
9586
9587
9588
9591
9592
9593
9594
9595
9596
9597
9598
9599
9600
9601
9631
9637
9647
9648
9650
9651
9661
9662
9665
9667
9668
9669
9670
9671
9672
9673
9674
9675
9676
9677
9678
9679
9680
9683
9684
9685
9686
9687
9688
9689
9690
9691
9692
9694
9695
9696
9697
9698
9699
9700
9701
9702
9703
9704
9705
9706
9707
9708
9709
9710
9711
9712
9713
9714
9715
9716
9717
9718
9719
9720
9721
9722
9723
9724
9725
9726
9727
9728
9729
9730
9731
9732
9733
9734
9735
9744
9745
9746
9747
9748
9749
9750
9751
9752
9753
9754
9755
9756
9757
9758
9759
9760
9761
9762
9767
9768
9769
9770
9771
9772
9774
9775
9776
9777
9792
9794
9797
9799
9802
9803
9804
9806
9807
9808
9809
9810
9811
9812
9860
9866
9867
9874
9875
9876
9877
9878
9879
9880
9881
9883
9885
9903
9905
9906
9908
9909
9910
9911
9917
9918
9919
9920
9921
9922
9934
9935
10028
10038
11160
11161
11162
11163
11164
11165
11166
11167
11168
11169
11170
11171
11172
11173
11174
11175
11176
11177
11178
11179
11180
11181
11182
11183
11184
11185
11186
11187
11188
11189
11190
11191
11192
11193
11194
11195
11196
11197
11198
11199
11200
11201
11202
11203
11204
11205
11206
11207
11208
11209
11210
11211
11212
11213
11214
11215
11216
11217
11218
11224
11225
11226
11227
11228
11229
11230
11231
11232
11233
11234
11235
11236
11237
11238
11314
11315
11326
11327
11328
11329
11330
11331
11332
11333
11334
11335
11336
11337
11338
11339
11726
11727
11728
11729
11976
11978
11979
11980
11981
11983
11984
11988
11989
12095
12096
12097
12098
12099
12102
12104
12105
12106
12148
12151
12170
12171
12172
12173
12174
12175
12176
12177
12178
12179
12180
12181
12182
12183
12184
12185
12186
12187
12188
12189
12190
12191
12192
12197
12220
12221
12222
12223
12224
12225
12238
12239
12240
12241
12242
12243
12244
12245
12246
12247
12248
12252
12256
12257
12258
13004
13047
13257
13261
13263
13264
13265
13266
13283
13284
13297
13686
13689
13726
13891
14442
14445
14457
14474
14475
14477
14478
14479
14480
14481
14483
14484
14485
14486
14487
14488
14490
14596
14597
14671
14672
14673
14674
14927
15065
15066
15189
)


// ************************************************************************* //
