0.00025641	1
0.000512821	1
0.000769231	1
0.00102564	1
0.00128205	1
0.00153846	2
0.00179487	2
0.00205128	2
0.00230769	2
0.0025641	2
0.00282051	2
0.00307692	2
0.00333333	2
0.00358974	3
0.00384615	3
0.00410256	3
0.00435897	3
0.00461538	3
0.00487179	3
0.00512821	3
0.00538462	3
0.00564103	3
0.00589744	4
0.00615385	4
0.00641026	4
0.00666667	4
0.00692308	4
0.00717949	4
0.0074359	4
0.00769231	4
0.00794872	4
0.00820513	5
0.00846154	5
0.00871795	5
0.00897436	5
0.00923077	5
0.00948718	5
0.00974359	5
0.01	5
0.0102564	6
0.0105128	6
0.0107692	6
0.0110256	6
0.0112821	6
0.0115385	6
0.0117949	6
0.0120513	6
0.0123077	6
0.0125641	7
0.0128205	7
0.0130769	7
0.0133333	7
0.0135897	7
0.0138462	7
0.0141026	7
0.014359	7
0.0146154	7
0.0148718	8
0.0151282	8
0.0153846	8
0.015641	8
0.0158974	8
0.0161538	8
0.0164103	8
0.0166667	8
0.0169231	8
0.0171795	9
0.0174359	9
0.0176923	9
0.0179487	9
0.0182051	9
0.0184615	9
0.0187179	9
0.0189744	9
0.0192308	9
0.0194872	10
0.0197436	10
0.02	10
0.0202564	10
0.0205128	10
0.0207692	10
0.0210256	10
0.0212821	10
0.0215385	10
0.0217949	11
0.0220513	11
0.0223077	11
0.0225641	11
0.0228205	11
0.0230769	11
0.0233333	11
0.0235897	11
0.0238462	12
0.0241026	12
0.024359	12
0.0246154	12
0.0248718	12
0.0251282	12
0.0253846	12
0.025641	12
0.0258974	12
0.0261538	13
0.0264103	13
0.0266667	13
0.0269231	13
0.0271795	13
0.0274359	13
0.0276923	13
0.0279487	13
0.0282051	13
0.0284615	14
0.0287179	14
0.0289744	14
0.0292308	14
0.0294872	14
0.0297436	14
0.03	14
0.0302564	14
0.0305128	14
0.0307692	15
0.0310256	15
0.0312821	15
0.0315385	15
0.0317949	15
0.0320513	15
0.0323077	15
0.0325641	15
0.0328205	15
0.0330769	16
0.0333333	16
0.0335897	16
0.0338462	16
0.0341026	16
0.034359	16
0.0346154	16
0.0348718	16
0.0351282	16
0.0353846	17
0.035641	17
0.0358974	17
0.0361538	17
0.0364103	17
0.0366667	17
0.0369231	17
0.0371795	17
0.0374359	17
0.0376923	18
0.0379487	18
0.0382051	18
0.0384615	18
0.0387179	18
0.0389744	18
0.0392308	18
0.0394872	18
0.0397436	18
0.04	19
0.0402564	19
0.0405128	19
0.0407692	19
0.0410256	19
0.0412821	19
0.0415385	19
0.0417949	19
0.0420513	19
0.0423077	20
0.0425641	20
0.0428205	20
0.0430769	20
0.0433333	20
0.0435897	20
0.0438462	20
0.0441026	20
0.044359	21
0.0446154	21
0.0448718	21
0.0451282	21
0.0453846	21
0.045641	21
0.0458974	21
0.0461538	21
0.0464103	22
0.0466667	22
0.0469231	22
0.0471795	22
0.0474359	22
0.0476923	22
0.0479487	22
0.0482051	23
0.0484615	23
0.0487179	23
0.0489744	23
0.0492308	23
0.0494872	23
0.0497436	23
0.05	24
0.0502564	24
0.0505128	24
0.0507692	24
0.0510256	24
0.0512821	24
0.0515385	24
0.0517949	24
0.0520513	25
0.0523077	25
0.0525641	25
0.0528205	25
0.0530769	25
0.0533333	25
0.0535897	25
0.0538462	25
0.0541026	25
0.054359	26
0.0546154	26
0.0548718	26
0.0551282	26
0.0553846	26
0.055641	26
0.0558974	26
0.0561538	26
0.0564103	27
0.0566667	27
0.0569231	27
0.0571795	27
0.0574359	27
0.0576923	27
0.0579487	27
0.0582051	27
0.0584615	28
0.0587179	28
0.0589744	28
0.0592308	28
0.0594872	28
0.0597436	28
0.06	28
0.0602564	29
0.0605128	29
0.0607692	29
0.0610256	29
0.0612821	29
0.0615385	29
0.0617949	29
0.0620513	29
0.0623077	29
0.0625641	30
0.0628205	30
0.0630769	30
0.0633333	30
0.0635897	30
0.0638462	30
0.0641026	30
0.064359	30
0.0646154	31
0.0648718	31
0.0651282	31
0.0653846	31
0.065641	31
0.0658974	31
0.0661538	31
0.0664103	31
0.0666667	31
0.0669231	32
0.0671795	32
0.0674359	32
0.0676923	32
0.0679487	32
0.0682051	32
0.0684615	32
0.0687179	32
0.0689744	32
0.0692308	33
0.0694872	33
0.0697436	33
0.07	33
0.0702564	33
0.0705128	33
0.0707692	33
0.0710256	34
0.0712821	34
0.0715385	34
0.0717949	34
0.0720513	34
0.0723077	34
0.0725641	35
0.0728205	35
0.0730769	35
0.0733333	35
0.0735897	36
0.0738462	36
0.0741026	36
0.074359	36
0.0746154	36
0.0748718	37
0.0751282	37
0.0753846	37
0.075641	37
0.0758974	37
0.0761538	38
0.0764103	38
0.0766667	38
0.0769231	38
0.0771795	38
0.0774359	38
0.0776923	38
0.0779487	38
0.0782051	39
0.0784615	39
0.0787179	39
0.0789744	39
0.0792308	39
0.0794872	39
0.0797436	40
0.08	40
0.0802564	40
0.0805128	40
0.0807692	40
0.0810256	40
0.0812821	40
0.0815385	40
0.0817949	41
0.0820513	41
0.0823077	41
0.0825641	41
0.0828205	41
0.0830769	41
0.0833333	41
0.0835897	41
0.0838462	42
0.0841026	42
0.084359	42
0.0846154	42
0.0848718	42
0.0851282	42
0.0853846	42
0.085641	42
0.0858974	43
0.0861538	43
0.0864103	43
0.0866667	43
0.0869231	43
0.0871795	43
0.0874359	43
0.0876923	43
0.0879487	44
0.0882051	44
0.0884615	44
0.0887179	44
0.0889744	44
0.0892308	44
0.0894872	44
0.0897436	44
0.09	45
0.0902564	45
0.0905128	45
0.0907692	45
0.0910256	45
0.0912821	45
0.0915385	45
0.0917949	45
0.0920513	45
0.0923077	46
0.0925641	46
0.0928205	46
0.0930769	46
0.0933333	46
0.0935897	46
0.0938462	46
0.0941026	46
0.094359	46
0.0946154	47
0.0948718	47
0.0951282	47
0.0953846	47
0.095641	47
0.0958974	47
0.0961538	47
0.0964103	47
0.0966667	48
0.0969231	48
0.0971795	48
0.0974359	48
0.0976923	48
0.0979487	48
0.0982051	48
0.0984615	48
0.0987179	49
0.0989744	49
0.0992308	49
0.0994872	49
0.0997436	49
0.1	49
