0.00025641	3.720942684343289e-19
0.000512821	2.641325765288597e-18
0.000769231	1.269983316142524e-18
0.00102564	2.375128952285931e-18
0.00128205	2.364029663175907e-18
0.00153846	2.208464651573513e-18
0.00179487	2.260092288011226e-18
0.00205128	2.216492440376664e-18
0.00230769	2.098430278187078e-18
0.0025641	1.825131747326036e-18
0.00282051	1.739230464682713e-18
0.00307692	1.874027190637279e-18
0.00333333	1.620075256866375e-18
0.00358974	1.753023940826705e-18
0.00384615	1.40583385152685e-18
0.00410256	1.484805280828482e-18
0.00435897	2.19802620673475e-18
0.00461538	1.458981333709749e-18
0.00487179	1.516652634689889e-18
0.00512821	1.424692979221103e-18
0.00538462	2.274112166369919e-18
0.00564103	2.576274865846733e-18
0.00589744	3.080818661504457e-18
0.00615385	3.136988138838724e-18
0.00641026	3.108780933485311e-18
0.00666667	3.242355500093385e-18
0.00692308	2.477069189658683e-18
0.00717949	1.973987966797247e-18
0.0074359	1.474013128300392e-18
0.00769231	2.2911130422777e-18
0.00794872	2.522957217391627e-18
0.00820513	1.572060994662326e-18
0.00846154	2.349243858518335e-18
0.00871795	1.731184590841745e-18
0.00897436	1.754701520528806e-18
0.00923077	1.977709742314614e-18
0.00948718	3.080819905157761e-18
0.00974359	1.773129286509364e-18
0.01	1.624925072141938e-18
0.0102564	3.15453189022315e-18
0.0105128	3.196845817811183e-18
0.0107692	2.216816870487183e-18
0.0110256	1.898462337851476e-18
0.0112821	2.26609599737993e-18
0.0115385	1.732582178229221e-18
0.0117949	2.437376606542348e-18
0.0120513	2.098166450866057e-18
0.0123077	2.19261875360615e-18
0.0125641	2.107050859211596e-18
0.0128205	2.543769735204707e-18
0.0130769	1.979531181565644e-18
0.0133333	2.305384481758659e-18
0.0135897	1.595251121733956e-18
0.0138462	1.938455576869465e-18
0.0141026	2.363317099958455e-18
0.014359	2.152677787347683e-18
0.0146154	2.078575472620369e-18
0.0148718	1.852798845595599e-18
0.0151282	3.230769474523255e-18
0.0153846	1.834123110220309e-18
0.015641	2.046538776319802e-18
0.0158974	3.157369824429719e-18
0.0161538	1.992858461015426e-18
0.0164103	1.761970412613838e-18
0.0166667	2.413398936248952e-18
0.0169231	1.915861807502653e-18
0.0171795	3.679615252864984e-18
0.0174359	2.011374434143744e-18
0.0176923	3.17834312426314e-18
0.0179487	1.719821863527246e-18
0.0182051	3.092017902479941e-18
0.0184615	1.77985844798694e-18
0.0187179	1.776772885490622e-18
0.0189744	2.034642655964829e-18
0.0192308	1.939277391053459e-18
0.0194872	2.72292044018395e-18
0.0197436	1.854496851377173e-18
0.02	3.781917498562225e-18
0.0202564	1.940100715968303e-18
0.0205128	2.566985726401509e-18
0.0207692	1.737221723929558e-18
0.0210256	2.485656112712108e-18
0.0212821	2.414465663914847e-18
0.0215385	3.288206884204013e-18
0.0217949	2.556689440062832e-18
0.0220513	2.160486417344066e-18
0.0223077	2.632271249784412e-18
0.0225641	2.019184926918146e-18
0.0228205	1.846048044153797e-18
0.0230769	2.02740818498669e-18
0.0233333	2.078713033543686e-18
0.0235897	2.701337467628126e-18
0.0238462	3.045280132780234e-18
0.0241026	3.818221313230299e-18
0.024359	3.28988207088182e-18
0.0246154	2.684856449992302e-18
0.0248718	3.452629549284367e-18
0.0251282	3.874959593148859e-18
0.0253846	2.719174236979729e-18
0.025641	2.839510489136776e-18
0.0258974	3.689885925867845e-18
0.0261538	3.748213993193822e-18
0.0264103	2.034610630716606e-18
0.0266667	2.84011514832113e-18
0.0269231	2.069629618769165e-18
0.0271795	3.064015038111002e-18
0.0274359	2.418332475661169e-18
0.0276923	2.654546893359831e-18
0.0279487	3.205213904132483e-18
0.0282051	3.062691049895811e-18
0.0284615	2.753963506546238e-18
0.0287179	2.502731664320148e-18
0.0289744	3.008452302528474e-18
0.0292308	3.810863755173563e-18
0.0294872	3.352327023627833e-18
0.0297436	2.588077274520332e-18
0.03	4.002357721957855e-18
0.0302564	3.175104949393911e-18
0.0305128	2.583926702345865e-18
0.0307692	4.06385174633858e-18
0.0310256	2.856324368622141e-18
0.0312821	2.438264555844413e-18
0.0315385	3.273262947062828e-18
0.0317949	3.997374053580094e-18
0.0320513	2.901068876729078e-18
0.0323077	2.81762174242802e-18
0.0325641	2.519187349819959e-18
0.0328205	3.041805019169801e-18
0.0330769	3.683390067145509e-18
0.0333333	3.645096159307562e-18
0.0335897	2.974293796448834e-18
0.0338462	2.686183201868536e-18
0.0341026	3.017757680901531e-18
0.034359	2.67889885267517e-18
0.0346154	1.970877485441409e-18
0.0348718	2.58811348805545e-18
0.0351282	2.925817924377373e-18
0.0353846	3.683651743373211e-18
0.035641	3.260897191056644e-18
0.0358974	3.010840079442021e-18
0.0361538	2.679548707210676e-18
0.0364103	3.145842678871006e-18
0.0366667	3.022883844483398e-18
0.0369231	3.380550876626482e-18
0.0371795	3.067313339414557e-18
0.0374359	3.80041890716586e-18
0.0376923	3.256527234721736e-18
0.0379487	4.348048133960326e-18
0.0382051	2.860028428947059e-18
0.0384615	2.561246018753184e-18
0.0387179	2.502506411155765e-18
0.0389744	3.164453765944386e-18
0.0392308	4.409239784055489e-18
0.0394872	3.08301705104396e-18
0.0397436	2.216678011398942e-18
0.04	3.50166815805999e-18
0.0402564	3.789755124269166e-18
0.0405128	3.438718364237013e-18
0.0407692	3.237564085679467e-18
0.0410256	3.829635217057765e-18
0.0412821	3.606477717511763e-18
0.0415385	3.436049360128571e-18
0.0417949	2.769572316988706e-18
0.0420513	3.57321650347729e-18
0.0423077	3.188871290961248e-18
0.0425641	3.32400697649294e-18
0.0428205	3.787741489674548e-18
0.0430769	2.194734742402434e-18
0.0433333	4.174252193316509e-18
0.0435897	2.14858412830223e-18
0.0438462	3.087747911075466e-18
0.0441026	3.849237694040965e-18
0.044359	3.032879603112985e-18
0.0446154	3.252927180933796e-18
0.0448718	3.221817858806699e-18
0.0451282	2.713359607203272e-18
0.0453846	2.357797052584615e-18
0.045641	2.389583029500872e-18
0.0458974	3.97077005908526e-18
0.0461538	2.949307479783383e-18
0.0464103	2.852038104397203e-18
0.0466667	2.67803284651062e-18
0.0469231	3.588436301417008e-18
0.0471795	2.511607317554011e-18
0.0474359	2.589964047619607e-18
0.0476923	2.394183183314825e-18
0.0479487	3.984589400958505e-18
0.0482051	3.472332239292449e-18
0.0484615	2.259195217447329e-18
0.0487179	3.27658504327761e-18
0.0489744	4.530569598529993e-18
0.0492308	4.488221667873876e-18
0.0494872	3.116382876661363e-18
0.0497436	3.608106228994437e-18
0.05	4.068302503016286e-18
0.0502564	3.780992801220243e-18
0.0505128	3.311048846886787e-18
0.0507692	3.216503085087801e-18
0.0510256	4.223531177938482e-18
0.0512821	3.681871401208831e-18
0.0515385	3.814598005524126e-18
0.0517949	2.878785386124919e-18
0.0520513	2.513165758675095e-18
0.0523077	4.26554618607342e-18
0.0525641	2.96744552211861e-18
0.0528205	3.635533474186324e-18
0.0530769	2.322295754818661e-18
0.0533333	3.400948947165422e-18
0.0535897	4.634131015518797e-18
0.0538462	2.760223230618816e-18
0.0541026	4.649719103823485e-18
0.054359	4.99728236965068e-18
0.0546154	4.212220533743624e-18
0.0548718	3.066094904898762e-18
0.0551282	4.684298650861215e-18
0.0553846	2.668910148083389e-18
0.055641	4.0791460991365e-18
0.0558974	4.357720895362879e-18
0.0561538	2.977564364265048e-18
0.0564103	3.912061301296291e-18
0.0566667	3.206705386032225e-18
0.0569231	3.262887859324535e-18
0.0571795	3.689873438122179e-18
0.0574359	3.522274397967876e-18
0.0576923	2.291718330993778e-18
0.0579487	3.177047721240685e-18
0.0582051	2.735972836565465e-18
0.0584615	3.54653077790142e-18
0.0587179	3.39906748744513e-18
0.0589744	2.835805325689926e-18
0.0592308	3.986025319113109e-18
0.0594872	3.377346883261148e-18
0.0597436	2.36966534721656e-18
0.06	3.044912429739995e-18
0.0602564	4.231514680259692e-18
0.0605128	2.380412149598344e-18
0.0607692	2.874770510110741e-18
0.0610256	4.838332597331743e-18
0.0612821	2.376703732372681e-18
0.0615385	2.616511583230083e-18
0.0617949	2.882507916918342e-18
0.0620513	2.903094025205794e-18
0.0623077	5.269055914273075e-18
0.0625641	4.792651227332302e-18
0.0628205	3.738679421068821e-18
0.0630769	4.836703721296621e-18
0.0633333	2.503338865587599e-18
0.0635897	4.789847262447819e-18
0.0638462	3.967309841491655e-18
0.0641026	3.311764471870892e-18
0.064359	4.873778576632935e-18
0.0646154	5.075204679782595e-18
0.0648718	4.662846666007274e-18
0.0651282	3.997640734121831e-18
0.0653846	3.274139977448676e-18
0.065641	2.849705190300131e-18
0.0658974	4.612590968425916e-18
0.0661538	4.609462592111317e-18
0.0664103	4.877983031453294e-18
0.0666667	3.222024212944207e-18
0.0669231	3.333431030121972e-18
0.0671795	4.024888400108517e-18
0.0674359	4.95090206347165e-18
0.0676923	4.984826673824756e-18
0.0679487	2.450726202954961e-18
0.0682051	2.619984018891083e-18
0.0684615	5.246448685847628e-18
0.0687179	4.517039073944127e-18
0.0689744	5.352942590725411e-18
0.0692308	2.471351673862306e-18
0.0694872	5.062552967881792e-18
0.0697436	4.201940791670884e-18
0.07	5.162032285947779e-18
0.0702564	4.651492539103059e-18
0.0705128	4.530048462881386e-18
0.0707692	3.635111594075387e-18
0.0710256	4.989441677369084e-18
0.0712821	2.478578676016691e-18
0.0715385	5.189343803337785e-18
0.0717949	3.912803990633679e-18
0.0720513	4.267317878962972e-18
0.0723077	2.707952641818495e-18
0.0725641	4.537006498137277e-18
0.0728205	3.039848951198498e-18
0.0730769	3.393720479128923e-18
0.0733333	2.92801807826259e-18
0.0735897	3.528318182853778e-18
0.0738462	4.969363436897454e-18
0.0741026	4.272557925443816e-18
0.074359	5.044995138821243e-18
0.0746154	2.904764336633322e-18
0.0748718	4.484110799538496e-18
0.0751282	5.107948612907342e-18
0.0753846	4.956080883090754e-18
0.075641	3.287170742944769e-18
0.0758974	5.238411953778715e-18
0.0761538	4.667196799164664e-18
0.0764103	4.952240717686466e-18
0.0766667	3.354988381844812e-18
0.0769231	2.866772863506447e-18
0.0771795	3.939139570460977e-18
0.0774359	4.732773174940598e-18
0.0776923	2.800349138264987e-18
0.0779487	5.393059018200708e-18
0.0782051	4.628888987484983e-18
0.0784615	5.410390235746312e-18
0.0787179	3.885790092678075e-18
0.0789744	2.845379740374477e-18
0.0792308	3.617215023404951e-18
0.0794872	3.183693488414594e-18
0.0797436	4.935410951466153e-18
0.08	2.816479486693852e-18
0.0802564	2.940494757144187e-18
0.0805128	3.075681246163885e-18
0.0807692	3.521913150838431e-18
0.0810256	3.074011560598158e-18
0.0812821	2.620738823465905e-18
0.0815385	4.071149433254813e-18
0.0817949	5.47007609855862e-18
0.0820513	2.633532690929118e-18
0.0823077	4.321666875714928e-18
0.0825641	4.054690168152571e-18
0.0828205	3.486737947128892e-18
0.0830769	3.917099115999464e-18
0.0833333	3.633230883095594e-18
0.0835897	5.758154720752114e-18
0.0838462	5.560940470808032e-18
0.0841026	4.171206288474265e-18
0.084359	3.534149622811588e-18
0.0846154	3.251605834664324e-18
0.0848718	5.262803562104913e-18
0.0851282	4.099233435747398e-18
0.0853846	3.970725612754681e-18
0.085641	4.624452865742176e-18
0.0858974	3.325411589140673e-18
0.0861538	4.668611957323417e-18
0.0864103	2.961525725155765e-18
0.0866667	3.115770511786388e-18
0.0869231	3.308815549991036e-18
0.0871795	3.95361567681879e-18
0.0874359	5.611999812412719e-18
0.0876923	3.932005691201101e-18
0.0879487	2.96909278877601e-18
0.0882051	4.15022351863574e-18
0.0884615	3.054441764180315e-18
0.0887179	3.912894460647405e-18
0.0889744	6.189981475255765e-18
0.0892308	3.777516414202627e-18
0.0894872	3.504762876934114e-18
0.0897436	5.084976815431108e-18
0.09	5.672358411468231e-18
0.0902564	3.400439236472425e-18
0.0905128	6.188010823334653e-18
0.0907692	5.082446384913122e-18
0.0910256	4.335847408482527e-18
0.0912821	5.666498819703969e-18
0.0915385	5.739552087031531e-18
0.0917949	4.006386113916306e-18
0.0920513	3.262773159165248e-18
0.0923077	4.994913400865422e-18
0.0925641	4.665894433124861e-18
0.0928205	6.416515271561039e-18
0.0930769	4.308321770182319e-18
0.0933333	5.071143335870012e-18
0.0935897	3.209405192364636e-18
0.0938462	5.431519094191922e-18
0.0941026	4.149418745506068e-18
0.094359	4.009679721394688e-18
0.0946154	6.102609321237556e-18
0.0948718	4.014941564254241e-18
0.0951282	6.482358477297527e-18
0.0953846	4.612448493577868e-18
0.095641	3.464511913346647e-18
0.0958974	4.522565746978007e-18
0.0961538	4.670084970705797e-18
0.0964103	3.781632768129327e-18
0.0966667	6.106390180703131e-18
0.0969231	3.851486646972703e-18
0.0971795	5.986140804803413e-18
0.0974359	6.259278634375726e-18
0.0976923	5.989460501169176e-18
0.0979487	3.764159372340128e-18
0.0982051	6.37417544120954e-18
0.0984615	3.111117832613554e-18
0.0987179	4.816768820629215e-18
0.0989744	3.978800738788422e-18
0.0992308	3.618140458146498e-18
0.0994872	3.490776587641927e-18
0.0997436	3.400844899179285e-18
0.1	3.086006165608541e-18
