0.00025641	0.48
0.000512821	0.61
0.000769231	0.74
0.00102564	0.86
0.00128205	0.98
0.00153846	1.1
0.00179487	1.23
0.00205128	1.35
0.00230769	1.48
0.0025641	1.6
0.00282051	1.71
0.00307692	1.81
0.00333333	1.91
0.00358974	2.04
0.00384615	2.16
0.00410256	2.27
0.00435897	2.4
0.00461538	2.51
0.00487179	2.63
0.00512821	2.74
0.00538462	2.87
0.00564103	2.99
0.00589744	3.1
0.00615385	3.21
0.00641026	3.27
0.00666667	3.39
0.00692308	3.49
0.00717949	3.61
0.0074359	3.73
0.00769231	3.83
0.00794872	3.96
0.00820513	4.07
0.00846154	4.18
0.00871795	4.3
0.00897436	4.41
0.00923077	4.52
0.00948718	4.65
0.00974359	4.76
0.01	4.87
0.0102564	4.97
0.0105128	5.09
0.0107692	5.21
0.0110256	5.32
0.0112821	5.44
0.0115385	5.56
0.0117949	5.68
0.0120513	5.8
0.0123077	5.91
0.0125641	6.02
0.0128205	6.14
0.0130769	6.27
0.0133333	6.38
0.0135897	6.51
0.0138462	6.6
0.0141026	6.71
0.014359	6.81
0.0146154	6.9
0.0148718	7.01
0.0151282	7.12
0.0153846	7.22
0.015641	7.33
0.0158974	7.43
0.0161538	7.58
0.0164103	7.68
0.0166667	7.75
0.0169231	7.82
0.0171795	7.9
0.0174359	8.01
0.0176923	8.08
0.0179487	8.16
0.0182051	8.279999999999999
0.0184615	8.380000000000001
0.0187179	8.51
0.0189744	8.619999999999999
0.0192308	8.73
0.0194872	8.82
0.0197436	8.960000000000001
0.02	9.07
0.0202564	9.19
0.0205128	9.300000000000001
0.0207692	9.380000000000001
0.0210256	9.49
0.0212821	9.57
0.0215385	9.66
0.0217949	9.74
0.0220513	9.85
0.0223077	9.960000000000001
0.0225641	10.06
0.0228205	10.18
0.0230769	10.29
0.0233333	10.39
0.0235897	10.5
0.0238462	10.63
0.0241026	10.74
0.024359	10.85
0.0246154	10.94
0.0248718	11.04
0.0251282	11.14
0.0253846	11.23
0.025641	11.28
0.0258974	11.37
0.0261538	11.49
0.0264103	11.6
0.0266667	11.67
0.0269231	11.78
0.0271795	11.88
0.0274359	11.93
0.0276923	12.04
0.0279487	12.12
0.0282051	12.23
0.0284615	12.34
0.0287179	12.44
0.0289744	12.54
0.0292308	12.65
0.0294872	12.75
0.0297436	12.87
0.03	12.98
0.0302564	13.04
0.0305128	13.15
0.0307692	13.26
0.0310256	13.35
0.0312821	13.43
0.0315385	13.53
0.0317949	13.65
0.0320513	13.77
0.0323077	13.85
0.0325641	13.96
0.0328205	14.06
0.0330769	14.15
0.0333333	14.24
0.0335897	14.35
0.0338462	14.44
0.0341026	14.54
0.034359	14.65
0.0346154	14.74
0.0348718	14.83
0.0351282	14.97
0.0353846	15.06
0.035641	15.15
0.0358974	15.24
0.0361538	15.34
0.0364103	15.43
0.0366667	15.54
0.0369231	15.63
0.0371795	15.7
0.0374359	15.8
0.0376923	15.9
0.0379487	16.01
0.0382051	16.1
0.0384615	16.19
0.0387179	16.29
0.0389744	16.39
0.0392308	16.51
0.0394872	16.62
0.0397436	16.7
0.04	16.78
0.0402564	16.88
0.0405128	16.98
0.0407692	17.13
0.0410256	17.22
0.0412821	17.33
0.0415385	17.44
0.0417949	17.55
0.0420513	17.67
0.0423077	17.77
0.0425641	17.88
0.0428205	17.99
0.0430769	18.1
0.0433333	18.21
0.0435897	18.33
0.0438462	18.42
0.0441026	18.5
0.044359	18.65
0.0446154	18.76
0.0448718	18.88
0.0451282	18.99
0.0453846	19.08
0.045641	19.19
0.0458974	19.32
0.0461538	19.45
0.0464103	19.54
0.0466667	19.66
0.0469231	19.77
0.0471795	19.91
0.0474359	20.05
0.0476923	20.16
0.0479487	20.3
0.0482051	20.42
0.0484615	20.5
0.0487179	20.63
0.0489744	20.77
0.0492308	20.88
0.0494872	20.99
0.0497436	21.11
0.05	21.21
0.0502564	21.35
0.0505128	21.46
0.0507692	21.54
0.0510256	21.71
0.0512821	21.81
0.0515385	21.88
0.0517949	22
0.0520513	22.09
0.0523077	22.2
0.0525641	22.28
0.0528205	22.38
0.0530769	22.46
0.0533333	22.55
0.0535897	22.66
0.0538462	22.74
0.0541026	22.85
0.054359	22.98
0.0546154	23.09
0.0548718	23.2
0.0551282	23.29
0.0553846	23.38
0.055641	23.48
0.0558974	23.58
0.0561538	23.7
0.0564103	23.79
0.0566667	23.9
0.0569231	24.01
0.0571795	24.17
0.0574359	24.23
0.0576923	24.32
0.0579487	24.41
0.0582051	24.53
0.0584615	24.66
0.0587179	24.8
0.0589744	24.88
0.0592308	25.02
0.0594872	25.18
0.0597436	25.3
0.06	25.42
0.0602564	25.5
0.0605128	25.6
0.0607692	25.68
0.0610256	25.73
0.0612821	25.79
0.0615385	25.89
0.0617949	26.01
0.0620513	26.12
0.0623077	26.28
0.0625641	26.38
0.0628205	26.49
0.0630769	26.59
0.0633333	26.69
0.0635897	26.8
0.0638462	26.9
0.0641026	27.01
0.064359	27.17
0.0646154	27.27
0.0648718	27.36
0.0651282	27.45
0.0653846	27.53
0.065641	27.64
0.0658974	27.75
0.0661538	27.85
0.0664103	27.93
0.0666667	28.09
0.0669231	28.19
0.0671795	28.27
0.0674359	28.35
0.0676923	28.47
0.0679487	28.6
0.0682051	28.73
0.0684615	28.82
0.0687179	28.91
0.0689744	29
0.0692308	29.13
0.0694872	29.21
0.0697436	29.33
0.07	29.48
0.0702564	29.62
0.0705128	29.71
0.0707692	29.84
0.0710256	29.95
0.0712821	30.05
0.0715385	30.19
0.0717949	30.32
0.0720513	30.49
0.0723077	30.68
0.0725641	30.88
0.0728205	31.04
0.0730769	31.19
0.0733333	31.43
0.0735897	31.6
0.0738462	31.79
0.0741026	31.99
0.074359	32.19
0.0746154	32.43
0.0748718	32.62
0.0751282	32.79
0.0753846	32.96
0.075641	33.12
0.0758974	33.24
0.0761538	33.36
0.0764103	33.46
0.0766667	33.6
0.0769231	33.74
0.0771795	33.87
0.0774359	33.99
0.0776923	34.12
0.0779487	34.25
0.0782051	34.4
0.0784615	34.56
0.0787179	34.71
0.0789744	34.88
0.0792308	35.01
0.0794872	35.11
0.0797436	35.19
0.08	35.3
0.0802564	35.43
0.0805128	35.56
0.0807692	35.68
0.0810256	35.81
0.0812821	35.93
0.0815385	36.07
0.0817949	36.14
0.0820513	36.25
0.0823077	36.36
0.0825641	36.49
0.0828205	36.61
0.0830769	36.72
0.0833333	36.85
0.0835897	36.99
0.0838462	37.12
0.0841026	37.22
0.084359	37.33
0.0846154	37.46
0.0848718	37.58
0.0851282	37.71
0.0853846	37.84
0.085641	37.96
0.0858974	38.07
0.0861538	38.2
0.0864103	38.31
0.0866667	38.42
0.0869231	38.54
0.0871795	38.67
0.0874359	38.77
0.0876923	38.9
0.0879487	39.01
0.0882051	39.13
0.0884615	39.26
0.0887179	39.36
0.0889744	39.49
0.0892308	39.61
0.0894872	39.71
0.0897436	39.8
0.09	39.92
0.0902564	40.02
0.0905128	40.11
0.0907692	40.24
0.0910256	40.37
0.0912821	40.48
0.0915385	40.59
0.0917949	40.68
0.0920513	40.78
0.0923077	40.91
0.0925641	41.02
0.0928205	41.13
0.0930769	41.23
0.0933333	41.32
0.0935897	41.45
0.0938462	41.59
0.0941026	41.71
0.094359	41.81
0.0946154	41.94
0.0948718	42.06
0.0951282	42.15
0.0953846	42.27
0.095641	42.4
0.0958974	42.52
0.0961538	42.65
0.0964103	42.77
0.0966667	42.9
0.0969231	43
0.0971795	43.11
0.0974359	43.21
0.0976923	43.32
0.0979487	43.43
0.0982051	43.56
0.0984615	43.65
0.0987179	43.74
0.0989744	43.85
0.0992308	43.96
0.0994872	44.07
0.0997436	44.2
0.1	44.44
