0.00025641	1
0.000512821	0.01900949427393952
0.000769231	0.011453317024001
0.00102564	0.01018060442031185
0.00128205	0.00952727561238096
0.00153846	0.009463136788034876
0.00179487	0.008944434922895855
0.00205128	0.008465756970477918
0.00230769	0.008216299916941418
0.0025641	0.008039696912999994
0.00282051	0.007858225485787603
0.00307692	0.007436628429293262
0.00333333	0.007412156780062871
0.00358974	0.006722230838514611
0.00384615	0.006772122875813947
0.00410256	0.006588132711908362
0.00435897	0.006569213798847352
0.00461538	0.005918639622960651
0.00487179	0.005828860992116274
0.00512821	0.005569004377171207
0.00538462	0.005418924600249627
0.00564103	0.005169560579703266
0.00589744	0.00520745504099881
0.00615385	0.005168100843095806
0.00641026	0.00589949601516288
0.00666667	0.004902203597878511
0.00692308	0.004788219239593744
0.00717949	0.004881577753285075
0.0074359	0.004547919704997321
0.00769231	0.004206149984463958
0.00794872	0.004501965838349516
0.00820513	0.004279184599564552
0.00846154	0.003925107153242318
0.00871795	0.00365308850651838
0.00897436	0.00367172019825474
0.00923077	0.003652187625923854
0.00948718	0.004397490946166102
0.00974359	0.003903104348093369
0.01	0.003315980665132316
0.0102564	0.003404007802923167
0.0105128	0.003283296176450369
0.0107692	0.003548605022706791
0.0110256	0.003119361231432751
0.0112821	0.003203826135395543
0.0115385	0.003169880018700231
0.0117949	0.003222915288168972
0.0120513	0.002935203119293185
0.0123077	0.003074096603054388
0.0125641	0.002922161773039806
0.0128205	0.003301879335408171
0.0130769	0.002931425634353124
0.0133333	0.002715016695664247
0.0135897	0.00285294653646587
0.0138462	0.002711958726732068
0.0141026	0.002699681573159063
0.014359	0.002749202191999659
0.0146154	0.00261221606363133
0.0148718	0.00255153349830293
0.0151282	0.002607207364850373
0.0153846	0.002580004978068986
0.015641	0.00241693568966261
0.0158974	0.002451644087667129
0.0161538	0.002346871744705518
0.0164103	0.002264323968680619
0.0166667	0.002406846990551989
0.0169231	0.00225675442026966
0.0171795	0.002260194198282726
0.0174359	0.002589345773692574
0.0176923	0.002393730339955358
0.0179487	0.002145331784336995
0.0182051	0.002383730309720437
0.0184615	0.002325618194163047
0.0187179	0.00242422334116242
0.0189744	0.002246336097651914
0.0192308	0.002294943007202999
0.0194872	0.002214688108767435
0.0197436	0.002095943487292618
0.02	0.002233619928452809
0.0202564	0.00230365782306739
0.0205128	0.002204509898395502
0.0207692	0.002165133011848612
0.0210256	0.002851800986574472
0.0212821	0.00218135091229312
0.0215385	0.002125468531013451
0.0217949	0.002351307552603691
0.0220513	0.002410898024974929
0.0223077	0.002637319430234939
0.0225641	0.00234938569435435
0.0228205	0.002128746940895659
0.0230769	0.002248269889296727
0.0233333	0.002196747628045552
0.0235897	0.002151127584084355
0.0238462	0.002701354068944558
0.0241026	0.002101630086608048
0.024359	0.002486233850489077
0.0246154	0.002269740488473261
0.0248718	0.002012592085076993
0.0251282	0.001960445721581638
0.0253846	0.001879161860336824
0.025641	0.00182292234825456
0.0258974	0.001898128867493696
0.0261538	0.002545479556164364
0.0264103	0.002341270127688257
0.0266667	0.001851573844059564
0.0269231	0.002131432555539641
0.0271795	0.00187678357671119
0.0274359	0.002060797319642463
0.0276923	0.001912984193361188
0.0279487	0.001932195521289143
0.0282051	0.001875135426415065
0.0284615	0.001775018482757657
0.0287179	0.002399563356015012
0.0289744	0.001856206009065685
0.0292308	0.00293963701132072
0.0294872	0.003100297607668467
0.0297436	0.002589057391764691
0.03	0.002287810574247748
0.0302564	0.003038273801930976
0.0305128	0.002809443734023997
0.0307692	0.002103751532714382
0.0310256	0.001962541791348507
0.0312821	0.0023240905871895
0.0315385	0.002353238844095674
0.0317949	0.002214963124644511
0.0320513	0.002092015475455398
0.0323077	0.002291215876204718
0.0325641	0.001787674700508681
0.0328205	0.002069604167368763
0.0330769	0.001880701740284038
0.0333333	0.002097226885595611
0.0335897	0.001846884700302571
0.0338462	0.001763634517032581
0.0341026	0.002092930767506771
0.034359	0.002663629381423407
0.0346154	0.002055203008556512
0.0348718	0.002086595071614031
0.0351282	0.002564123879538647
0.0353846	0.002058971575794449
0.035641	0.002240264092899103
0.0358974	0.002037849394161651
0.0361538	0.002242255762919834
0.0364103	0.003455307857922064
0.0366667	0.002441647815960736
0.0369231	0.002078695721383072
0.0371795	0.002207507235948668
0.0374359	0.001920794212242095
0.0376923	0.00211391087723026
0.0379487	0.002377967834948846
0.0382051	0.002598043753424719
0.0384615	0.002404702617589023
0.0387179	0.002198897797149857
0.0389744	0.002042794120407836
0.0392308	0.002438530812140727
0.0394872	0.002728692494911046
0.0397436	0.001767852692601026
0.04	0.002408486640371179
0.0402564	0.002334069104087337
0.0405128	0.002151632564275214
0.0407692	0.002137844736660032
0.0410256	0.002423933702682541
0.0412821	0.002454208263501803
0.0415385	0.002018523559856378
0.0417949	0.001974073849405295
0.0420513	0.001954111031149454
0.0423077	0.002089420107417799
0.0425641	0.002132984348195418
0.0428205	0.003123406066566417
0.0430769	0.002818803978310444
0.0433333	0.002523541316258045
0.0435897	0.002499072178825316
0.0438462	0.002053939293615045
0.0441026	0.002756701738357055
0.044359	0.003153366265752133
0.0446154	0.002228565564315419
0.0448718	0.002519119521162217
0.0451282	0.002785452098944147
0.0453846	0.003679589103323089
0.045641	0.003469959890870242
0.0458974	0.003399245668747989
0.0461538	0.004095137875795061
0.0464103	0.003669874779369864
0.0466667	0.003537036692804289
0.0469231	0.002660551095718213
0.0471795	0.00421022904188757
0.0474359	0.004477232305338199
0.0476923	0.002402202108793825
0.0479487	0.004625718467322891
0.0482051	0.004263216954068287
0.0484615	0.003667527171484136
0.0487179	0.004170977602788846
0.0489744	0.003483197933783853
0.0492308	0.004803886361914286
0.0494872	0.003652447808217799
0.0497436	0.003089054826056461
0.05	0.003365850060577406
0.0502564	0.004096954680314126
0.0505128	0.003883266121383419
0.0507692	0.003692614998393319
0.0510256	0.004811157753743451
0.0512821	0.003960979854761551
0.0515385	0.002263691710759381
0.0517949	0.003692897878502291
0.0520513	0.005089723878914034
0.0523077	0.003433149232937855
0.0525641	0.004412292291414188
0.0528205	0.004299209231362539
0.0530769	0.002751544340581071
0.0533333	0.003996416858475119
0.0535897	0.004856874321405591
0.0538462	0.003640161244671033
0.0541026	0.003230696646368793
0.054359	0.004887759427744547
0.0546154	0.004763513550504479
0.0548718	0.003081020886831055
0.0551282	0.003657270492843849
0.0553846	0.003785537938030184
0.055641	0.005580816224388221
0.0558974	0.004813023530358863
0.0561538	0.005198838368613201
0.0564103	0.004748428738143565
0.0566667	0.004938397472513938
0.0569231	0.003952421339843645
0.0571795	0.004905552814172049
0.0574359	0.005027700666843409
0.0576923	0.004157642381964021
0.0579487	0.003406061049770051
0.0582051	0.005548143830035607
0.0584615	0.004514672018014262
0.0587179	0.002787593992885143
0.0589744	0.004184530092165228
0.0592308	0.008232734937462264
0.0594872	0.004917730611091012
0.0597436	0.003913872034351002
0.06	0.004182112480474858
0.0602564	0.006299333700373915
0.0605128	0.004910643699292555
0.0607692	0.002394021362168682
0.0610256	0.003305288010470561
0.0612821	0.007096328821726438
0.0615385	0.00619911371339583
0.0617949	0.002683413438008075
0.0620513	0.004691446811157132
0.0623077	0.006520760239669313
0.0625641	0.006000016126692723
0.0628205	0.002823966251122171
0.0630769	0.002878131269297016
0.0633333	0.005844523575060336
0.0635897	0.007067405084553989
0.0638462	0.003490889305708165
0.0641026	0.004291939030812782
0.064359	0.005455870936933719
0.0646154	0.005102524826835052
0.0648718	0.003858935449841566
0.0651282	0.005037581516616508
0.0653846	0.004261163312279569
0.065641	0.005472237398458983
0.0658974	0.005407394647811896
0.0661538	0.005143951350646347
0.0664103	0.005414443313453124
0.0666667	0.00581755594546948
0.0669231	0.005333793566609821
0.0671795	0.003081015184737113
0.0674359	0.005736143669847741
0.0676923	0.006139126290683501
0.0679487	0.006218983968843846
0.0682051	0.006680696436267719
0.0684615	0.005601535639121922
0.0687179	0.003652264165218194
0.0689744	0.005038532070389914
0.0692308	0.009290261786070231
0.0694872	0.008441164792625312
0.0697436	0.005278955379213439
0.07	0.005717399703208246
0.0702564	0.01112543149413007
0.0705128	0.007723605878211717
0.0707692	0.004482310584006284
0.0710256	0.005053888076313268
0.0712821	0.009265327931557673
0.0715385	0.008485462147682137
0.0717949	0.004265285215284918
0.0720513	0.005162865311624012
0.0723077	0.008023462437034437
0.0725641	0.009227050781541419
0.0728205	0.008093117097068999
0.0730769	0.004110330331177989
0.0733333	0.005634508037578593
0.0735897	0.007573217373957317
0.0738462	0.00554602298956703
0.0741026	0.006494825442639835
0.074359	0.007543778482059854
0.0746154	0.007074185757888335
0.0748718	0.00468583690582338
0.0751282	0.00408367005066231
0.0753846	0.005355077864548978
0.075641	0.007552153301080081
0.0758974	0.009464627452358548
0.0761538	0.007108667027758654
0.0764103	0.004791417108625612
0.0766667	0.007339110152790837
0.0769231	0.004646865786000801
0.0771795	0.003192766741839806
0.0774359	0.004692554005497385
0.0776923	0.007945232053070997
0.0779487	0.009225988771205078
0.0782051	0.009355834651298429
0.0784615	0.005726058020843161
0.0787179	0.003906747175671582
0.0789744	0.005535511463434451
0.0792308	0.008586439388481845
0.0794872	0.008182497039244214
0.0797436	0.005025307301073738
0.08	0.002854408309545136
0.0802564	0.01135628786510424
0.0805128	0.01263047075315581
0.0807692	0.006690410664504405
0.0810256	0.007117763355665316
0.0812821	0.007141247898003232
0.0815385	0.007659048513986285
0.0817949	0.008434615012917559
0.0820513	0.007566464588315731
0.0823077	0.01155072395973275
0.0825641	0.009742040639999564
0.0828205	0.006937824759581442
0.0830769	0.008593282187386485
0.0833333	0.007645804278163907
0.0835897	0.004832069373630743
0.0838462	0.009702831810433519
0.0841026	0.01065775871444402
0.084359	0.008061385875196487
0.0846154	0.009982299612266194
0.0848718	0.01048955707221616
0.0851282	0.007480549264306963
0.0853846	0.007953396164893716
0.085641	0.007341276880625683
0.0858974	0.008102286670164693
0.0861538	0.007967156422441701
0.0864103	0.003435558987271381
0.0866667	0.01035517263422149
0.0869231	0.01459197034807799
0.0871795	0.007510545355569899
0.0874359	0.00598182803661921
0.0876923	0.00819382165556975
0.0879487	0.008648857373014074
0.0882051	0.008477381397731109
0.0884615	0.01110840246510608
0.0887179	0.01179454305905011
0.0889744	0.00698457221124018
0.0892308	0.006230953372658598
0.0894872	0.009221325313777068
0.0897436	0.01042154788462274
0.09	0.007922758570767843
0.0902564	0.01160402835509631
0.0905128	0.01157341073748599
0.0907692	0.01012592064420469
0.0910256	0.009733447627066766
0.0912821	0.007818374530209825
0.0915385	0.008164618863755335
0.0917949	0.009606078141810279
0.0920513	0.01064788056750617
0.0923077	0.01583838588320539
0.0925641	0.01062771344523182
0.0928205	0.006256415016610855
0.0930769	0.009645518174748942
0.0933333	0.01115720484970202
0.0935897	0.00887789047553283
0.0938462	0.01716061272744615
0.0941026	0.01404946911904613
0.094359	0.008238174852085681
0.0946154	0.006567098526863558
0.0948718	0.01344701159964897
0.0951282	0.009932216236980337
0.0953846	0.01355663690491315
0.095641	0.01345588003234827
0.0958974	0.01015343364570958
0.0961538	0.009181417763020058
0.0964103	0.009367990647665815
0.0966667	0.01408069105388618
0.0969231	0.01400658028764819
0.0971795	0.01472661379247671
0.0974359	0.01304347182807796
0.0976923	0.006664775403361631
0.0979487	0.009616339486087878
0.0982051	0.01120907198836849
0.0984615	0.01691502126419513
0.0987179	0.01794693606114148
0.0989744	0.01481767640530806
0.0992308	0.01130964347636538
0.0994872	0.01134916714239335
0.0997436	0.01178672149882117
0.1	0.01421592200454238
