0.00025641	6.66273225871849e-09
0.000512821	9.390727812828888e-09
0.000769231	4.451679140591093e-09
0.00102564	8.28864856433715e-09
0.00128205	8.195583029351543e-09
0.00153846	7.604234140196326e-09
0.00179487	7.734810676214306e-09
0.00205128	7.52683571946899e-09
0.00230769	7.08147200590928e-09
0.0025641	6.11236250399901e-09
0.00282051	5.776877020209041e-09
0.00307692	6.18712968718057e-09
0.00333333	5.310322328649301e-09
0.00358974	5.715839449069771e-09
0.00384615	4.549785500483038e-09
0.00410256	4.77505152853668e-09
0.00435897	7.049309574808766e-09
0.00461538	4.650900656200937e-09
0.00487179	4.808003187298264e-09
0.00512821	4.490582443957448e-09
0.00538462	7.149849172067864e-09
0.00564103	8.059859905440872e-09
0.00589744	9.605876676751194e-09
0.00615385	9.736771785411247e-09
0.00641026	9.598291927483486e-09
0.00666667	9.960349966149786e-09
0.00692308	7.568846878770918e-09
0.00717949	5.998128127795679e-09
0.0074359	4.462128333226501e-09
0.00769231	6.911609751734658e-09
0.00794872	7.583683928702946e-09
0.00820513	4.694922584558582e-09
0.00846154	7.006509198226101e-09
0.00871795	5.117964057753046e-09
0.00897436	5.175593407062606e-09
0.00923077	5.825695408598949e-09
0.00948718	9.057522147505792e-09
0.00974359	5.184493076137444e-09
0.01	4.728578993292834e-09
0.0102564	9.167380905381578e-09
0.0105128	9.267645131517805e-09
0.0107692	6.40002669953457e-09
0.0110256	5.460889065334796e-09
0.0112821	6.502889192109439e-09
0.0115385	4.949002446939596e-09
0.0117949	6.951611861743639e-09
0.0120513	5.958193772945837e-09
0.0123077	6.206497106088953e-09
0.0125641	5.945637721299026e-09
0.0128205	7.164605861144042e-09
0.0130769	5.555697414591872e-09
0.0133333	6.460191064861307e-09
0.0135897	4.438109975049431e-09
0.0138462	5.395729905310887e-09
0.0141026	6.561007286044638e-09
0.014359	5.950351810466984e-09
0.0146154	5.730877444645489e-09
0.0148718	5.09376374575888e-09
0.0151282	8.866738128664376e-09
0.0153846	5.015225555435516e-09
0.015641	5.580675886460216e-09
0.0158974	8.593013400169999e-09
0.0161538	5.40707209223639e-09
0.0164103	4.762636841675772e-09
0.0166667	6.512277969603769e-09
0.0169231	5.153581307434736e-09
0.0171795	9.886109117615893e-09
0.0174359	5.382204697611907e-09
0.0176923	8.504083838268396e-09
0.0179487	4.581066562162833e-09
0.0182051	8.226733723712811e-09
0.0184615	4.716443319977412e-09
0.0187179	4.6954268159745e-09
0.0189744	5.374402446899117e-09
0.0192308	5.105199928160627e-09
0.0194872	7.159068768781112e-09
0.0197436	4.854492258376905e-09
0.02	9.903032848146585e-09
0.0202564	5.055559019331698e-09
0.0205128	6.677132756366015e-09
0.0207692	4.50331315566668e-09
0.0210256	6.428620829077017e-09
0.0212821	6.236275039530276e-09
0.0215385	8.481020220306412e-09
0.0217949	6.574956477625735e-09
0.0220513	5.537381019993923e-09
0.0223077	6.740239798808229e-09
0.0225641	5.149954891159426e-09
0.0228205	4.694309208725668e-09
0.0230769	5.142748578142341e-09
0.0233333	5.260615352870008e-09
0.0235897	6.824518387318254e-09
0.0238462	7.682542768355196e-09
0.0241026	9.606161207514465e-09
0.024359	8.247006462073274e-09
0.0246154	6.718720671182319e-09
0.0248718	8.609933783968361e-09
0.0251282	9.660775694548131e-09
0.0253846	6.752553700273852e-09
0.025641	7.03629947699035e-09
0.0258974	9.130153281150545e-09
0.0261538	9.254931251944139e-09
0.0264103	5.004796893896192e-09
0.0266667	6.976019973912757e-09
0.0269231	5.069408056942432e-09
0.0271795	7.495928188557748e-09
0.0274359	5.891618001689898e-09
0.0276923	6.455936010157824e-09
0.0279487	7.779985984538406e-09
0.0282051	7.420101829369319e-09
0.0284615	6.653506147514279e-09
0.0287179	6.027768399702061e-09
0.0289744	7.241417431424051e-09
0.0292308	9.150425903903557e-09
0.0294872	8.040099152264419e-09
0.0297436	6.188212861926333e-09
0.03	9.572265062296899e-09
0.0302564	7.566758139615655e-09
0.0305128	6.135713095660109e-09
0.0307692	9.656865747589713e-09
0.0310256	6.758851175049728e-09
0.0312821	5.756633622293245e-09
0.0315385	7.708981807885849e-09
0.0317949	9.415762130022995e-09
0.0320513	6.808231869775465e-09
0.0323077	6.594686899802966e-09
0.0325641	5.889814679270818e-09
0.0328205	7.102875142904197e-09
0.0330769	8.573730753078719e-09
0.0333333	8.474517207433425e-09
0.0335897	6.902758241313993e-09
0.0338462	6.219816495378141e-09
0.0341026	6.974888534722402e-09
0.034359	6.183782789724514e-09
0.0346154	4.535511732297011e-09
0.0348718	5.947371358145342e-09
0.0351282	6.712488824412724e-09
0.0353846	8.434417603059947e-09
0.035641	7.453444544369325e-09
0.0358974	6.866795291670984e-09
0.0361538	6.091804009127795e-09
0.0364103	7.139950461981842e-09
0.0366667	6.846022080149653e-09
0.0369231	7.647073793968569e-09
0.0371795	6.921450462672793e-09
0.0374359	8.561096796873715e-09
0.0376923	7.313753231792709e-09
0.0379487	9.758701353032571e-09
0.0382051	6.399167619460203e-09
0.0384615	5.709879066856053e-09
0.0387179	5.568199945503712e-09
0.0389744	7.047399346559994e-09
0.0392308	9.811903434089055e-09
0.0394872	6.840310328769554e-09
0.0397436	4.916617612197502e-09
0.04	7.760337803917846e-09
0.0402564	8.378587071397225e-09
0.0405128	7.585097008466014e-09
0.0407692	7.128943400997919e-09
0.0410256	8.414628633984236e-09
0.0412821	7.907336465658024e-09
0.0415385	7.523040391801838e-09
0.0417949	6.045600161424749e-09
0.0420513	7.797448655806636e-09
0.0423077	6.949456861995261e-09
0.0425641	7.228980324774002e-09
0.0428205	8.225689011692576e-09
0.0430769	4.7469422691191e-09
0.0433333	9.040742211121723e-09
0.0435897	4.628739768804596e-09
0.0438462	6.658371319405641e-09
0.0441026	8.287345847451228e-09
0.044359	6.503272676291755e-09
0.0446154	6.970564031322532e-09
0.0448718	6.883246664842186e-09
0.0451282	5.787060521769038e-09
0.0453846	5.010704490797106e-09
0.045641	5.078559309870238e-09
0.0458974	8.421233387916979e-09
0.0461538	6.245414607073619e-09
0.0464103	6.031939203893906e-09
0.0466667	5.647176006920806e-09
0.0469231	7.568060481105026e-09
0.0471795	5.274572610057588e-09
0.0474359	5.43887328391426e-09
0.0476923	5.011551022474986e-09
0.0479487	8.349530509560697e-09
0.0482051	7.255815107735783e-09
0.0484615	4.703558100454145e-09
0.0487179	6.824754976187171e-09
0.0489744	9.400414812523152e-09
0.0492308	9.318690524195611e-09
0.0494872	6.433257657749364e-09
0.0497436	7.438087663207595e-09
0.05	8.386239925107145e-09
0.0502564	7.783472831946122e-09
0.0505128	6.789231360212927e-09
0.0507692	6.593490950036236e-09
0.0510256	8.631226489983102e-09
0.0512821	7.530721895828259e-09
0.0515385	7.772047408356339e-09
0.0517949	5.841522459808512e-09
0.0520513	5.094959056319837e-09
0.0523077	8.64560215736826e-09
0.0525641	5.99755919359411e-09
0.0528205	7.350934092259076e-09
0.0530769	4.660972300026676e-09
0.0533333	6.832722421285666e-09
0.0535897	9.327147862019275e-09
0.0538462	5.522894804185031e-09
0.0541026	9.295698486051339e-09
0.054359	9.999058753972649e-09
0.0546154	8.394785212960106e-09
0.0548718	6.094375060761021e-09
0.0551282	9.308877639110218e-09
0.0553846	5.27536545551987e-09
0.055641	8.06212371945209e-09
0.0558974	8.61655544704882e-09
0.0561538	5.855781671034669e-09
0.0564103	7.697726716316754e-09
0.0566667	6.315680164785579e-09
0.0569231	6.405531644442538e-09
0.0571795	7.222643660120774e-09
0.0574359	6.870166175073691e-09
0.0576923	4.473167341211429e-09
0.0579487	6.190304834871463e-09
0.0582051	5.31468554400594e-09
0.0584615	6.89511686112865e-09
0.0587179	6.581807767085084e-09
0.0589744	5.477517215341171e-09
0.0592308	7.694476511670672e-09
0.0594872	6.519259211255519e-09
0.0597436	4.548692903021928e-09
0.06	5.840442800611701e-09
0.0602564	8.09907423887188e-09
0.0605128	4.537097099540675e-09
0.0607692	5.474047805732921e-09
0.0610256	9.197180517029651e-09
0.0612821	4.507312750264142e-09
0.0615385	4.969648796185552e-09
0.0617949	5.450342777690915e-09
0.0620513	5.477453155716594e-09
0.0623077	9.939923414996131e-09
0.0625641	9.058336985760808e-09
0.0628205	7.02748250942681e-09
0.0630769	9.080313766369406e-09
0.0633333	4.683798526026508e-09
0.0635897	8.991581620767591e-09
0.0638462	7.419132865634458e-09
0.0641026	6.18062977195778e-09
0.064359	9.085261436671306e-09
0.0646154	9.45133797196956e-09
0.0648718	8.69236921555621e-09
0.0651282	7.418193168592486e-09
0.0653846	6.05955835234181e-09
0.065641	5.264683936160205e-09
0.0658974	8.518537044661949e-09
0.0661538	8.486480098601158e-09
0.0664103	9.001021700627944e-09
0.0666667	5.914787447690096e-09
0.0669231	6.107691274435929e-09
0.0671795	7.359189638423776e-09
0.0674359	9.032885151219487e-09
0.0676923	9.098635625715061e-09
0.0679487	4.459473345183091e-09
0.0682051	4.770709496373886e-09
0.0684615	9.517026592386594e-09
0.0687179	8.190526235298224e-09
0.0689744	9.685769330003511e-09
0.0692308	4.462854655336817e-09
0.0694872	9.105844960453182e-09
0.0697436	7.558396747783252e-09
0.07	9.335402080031633e-09
0.0702564	8.358857616273945e-09
0.0705128	8.112535048234515e-09
0.0707692	6.513163704436344e-09
0.0710256	8.93799415335737e-09
0.0712821	4.432646953004444e-09
0.0715385	9.232717180058095e-09
0.0717949	6.969179847459456e-09
0.0720513	7.595274560420602e-09
0.0723077	4.810390761710366e-09
0.0725641	8.046753539020366e-09
0.0728205	5.397547719016377e-09
0.0730769	6.009016278483069e-09
0.0733333	5.173595666713823e-09
0.0735897	6.249452843346696e-09
0.0738462	8.76469124774511e-09
0.0741026	7.517405194787135e-09
0.074359	8.851839410267461e-09
0.0746154	5.105394134229248e-09
0.0748718	7.865003564587552e-09
0.0751282	8.948835089096795e-09
0.0753846	8.668151351720161e-09
0.075641	5.731452201227068e-09
0.0758974	9.147471547641953e-09
0.0761538	8.129173210684128e-09
0.0764103	8.611982474511729e-09
0.0766667	5.817562461770852e-09
0.0769231	4.975303637870094e-09
0.0771795	6.809973970094007e-09
0.0774359	8.174818500950272e-09
0.0776923	4.823758255520429e-09
0.0779487	9.311486209357063e-09
0.0782051	7.961421439486164e-09
0.0784615	9.293208394592086e-09
0.0787179	6.666525588761954e-09
0.0789744	4.86837105980646e-09
0.0792308	6.192441443276905e-09
0.0794872	5.418372696461415e-09
0.0797436	8.421521316744742e-09
0.08	4.788060603696704e-09
0.0802564	4.977219641438513e-09
0.0805128	5.196599008396175e-09
0.0807692	5.970037997837968e-09
0.0810256	5.197810924322057e-09
0.0812821	4.427106095333847e-09
0.0815385	6.870219633245597e-09
0.0817949	9.235449339375735e-09
0.0820513	4.424161857977725e-09
0.0823077	7.245198883435231e-09
0.0825641	6.785445153711278e-09
0.0828205	5.819100013005552e-09
0.0830769	6.539953448866385e-09
0.0833333	6.042221491933109e-09
0.0835897	9.571564695171108e-09
0.0838462	9.217886003096604e-09
0.0841026	6.902651661444916e-09
0.084359	5.83310822004075e-09
0.0846154	5.347395137160738e-09
0.0848718	8.645763622090079e-09
0.0851282	6.737372608923982e-09
0.0853846	6.501610830937989e-09
0.085641	7.577264886232607e-09
0.0858974	5.434589216580748e-09
0.0861538	7.587705650479538e-09
0.0864103	4.805432796049804e-09
0.0866667	5.043988939978136e-09
0.0869231	5.33177127870214e-09
0.0871795	6.395108346122013e-09
0.0874359	9.079632438819208e-09
0.0876923	6.326256494996933e-09
0.0879487	4.764249382011195e-09
0.0882051	6.649186830899394e-09
0.0884615	4.87953729463121e-09
0.0887179	6.224513124565532e-09
0.0889744	9.877006134375477e-09
0.0892308	6.009750681176868e-09
0.0894872	5.561687758217963e-09
0.0897436	8.076602923101306e-09
0.09	8.992751301636769e-09
0.0902564	5.362322192194279e-09
0.0905128	9.716750422994423e-09
0.0907692	7.974586036846936e-09
0.0910256	6.799118327378105e-09
0.0912821	8.858751416462271e-09
0.0915385	8.953228362873364e-09
0.0917949	6.226906024983529e-09
0.0920513	5.072615275167649e-09
0.0923077	7.721241081701303e-09
0.0925641	7.242813183134562e-09
0.0928205	9.894282597744626e-09
0.0930769	6.623531696939893e-09
0.0933333	7.761640888884833e-09
0.0935897	4.910734814947012e-09
0.0938462	8.33435849684546e-09
0.0941026	6.296270420941351e-09
0.094359	6.104240498341453e-09
0.0946154	9.257477707158052e-09
0.0948718	6.062081394714653e-09
0.0951282	9.766991639346189e-09
0.0953846	6.944183021676172e-09
0.095641	5.180780218583807e-09
0.0958974	6.762852570313532e-09
0.0961538	6.941044418283101e-09
0.0964103	5.597402455513965e-09
0.0966667	9.024403667183596e-09
0.0969231	5.693706585635463e-09
0.0971795	8.829241232916336e-09
0.0974359	9.23107884168916e-09
0.0976923	8.787871138704458e-09
0.0979487	5.499192050829777e-09
0.0982051	9.283429648706956e-09
0.0984615	4.490369790906207e-09
0.0987179	6.95606584558105e-09
0.0989744	5.764202452311758e-09
0.0992308	5.22198800799869e-09
0.0994872	4.989459925194591e-09
0.0997436	4.838209771815316e-09
0.1	4.340062961821519e-09
