/*--------------------------------*- C++ -*----------------------------------*\
| =========                 |                                                 |
| \\      /  F ield         | OpenFOAM: The Open Source CFD Toolbox           |
|  \\    /   O peration     | Version:  v1906                                 |
|   \\  /    A nd           | Web:      www.OpenFOAM.com                      |
|    \\/     M anipulation  |                                                 |
\*---------------------------------------------------------------------------*/
FoamFile
{
    version     2.0;
    format      ascii;
    class       labelList;
    location    "constant/polyMesh";
    object      cellProcAddressing;
}
// * * * * * * * * * * * * * * * * * * * * * * * * * * * * * * * * * * * * * //


8465
(
1
2
4
11
12
20
23
29
35
48
55
56
71
77
82
91
92
107
117
120
123
124
129
134
145
147
150
157
174
177
182
214
217
237
246
247
254
279
287
298
302
304
305
312
314
315
319
321
322
326
327
338
341
343
351
356
361
365
366
368
369
373
376
378
387
398
402
417
450
455
460
468
472
477
480
487
496
497
508
510
522
530
541
552
555
557
558
561
570
579
607
615
628
633
652
655
660
677
678
679
683
697
698
701
702
707
713
734
738
744
745
751
752
760
766
769
771
776
794
798
799
804
811
812
818
819
820
830
864
872
874
877
880
888
892
896
898
901
916
924
925
926
931
934
935
939
947
948
951
964
966
968
970
971
972
973
975
983
994
1006
1017
1023
1028
1033
1035
1076
1078
1083
1086
1094
1099
1102
1103
1104
1105
1107
1115
1135
1142
1143
1159
1174
1218
1236
1254
1260
1272
1370
1371
1383
1385
1386
1387
1388
1390
1417
1420
1426
1428
1430
1442
1453
1467
1475
1476
1482
1483
1491
1493
1494
1496
1497
1506
1507
1522
1523
1525
1527
1528
1536
1538
1539
1540
1542
1543
1547
1554
1556
1559
1567
1576
1593
1595
1598
1617
1620
1628
1634
1636
1638
1640
1642
1644
1667
1668
1672
1674
1675
1677
1678
1679
1681
1688
1696
1697
1700
1702
1703
1704
1706
1709
1710
1711
1716
1720
1721
1723
1730
1751
1761
1762
1768
1772
1775
1776
1778
1779
1793
1795
1802
1805
1806
1807
1808
1810
1813
1815
1816
1825
1826
1827
1835
1836
1837
1838
1843
1844
1846
1849
1851
1864
1871
1872
1873
1880
1887
1888
1891
1895
1915
1916
1917
1919
1920
1921
1922
1923
1924
1926
1927
1929
1930
1931
1935
1936
1939
1940
1941
1942
1943
1944
1945
1948
1951
1964
1966
1968
1970
1971
1972
1978
1979
1982
1983
1984
1985
1987
1989
1990
1992
1994
1995
1996
1999
2000
2004
2007
2010
2013
2014
2016
2018
2019
2021
2023
2024
2025
2027
2028
2032
2035
2039
2041
2042
2043
2044
2049
2054
2056
2057
2058
2059
2064
2065
2066
2067
2069
2071
2072
2075
2078
2079
2080
2081
2083
2088
2090
2092
2093
2094
2096
2097
2098
2099
2100
2102
2103
2104
2105
2109
2110
2113
2115
2117
2118
2120
2121
2123
2124
2127
2128
2129
2132
2133
2135
2137
2138
2139
2140
2141
2145
2148
2150
2151
2152
2153
2156
2158
2161
2162
2163
2165
2166
2169
2172
2173
2174
2175
2176
2178
2181
2183
2184
2186
2187
2192
2193
2195
2196
2198
2199
2202
2203
2205
2206
2207
2208
2209
2210
2212
2213
2214
2215
2217
2228
2229
2230
2231
2232
2233
2234
2236
2241
2242
2243
2244
2246
2248
2249
2250
2252
2254
2256
2257
2258
2259
2261
2264
2265
2266
2268
2269
2270
2271
2273
2274
2275
2277
2279
2280
2283
2284
2285
2286
2287
2288
2292
2293
2294
2297
2299
2302
2303
2310
2312
2314
2315
2316
2317
2318
2321
2323
2326
2327
2332
2334
2335
2337
2338
2339
2343
2344
2345
2347
2354
2357
2358
2366
2367
2371
2373
2375
2376
2380
2382
2386
2387
2388
2389
2390
2394
2395
2396
2397
2398
2399
2400
2401
2404
2406
2407
2409
2411
2412
2413
2414
2417
2418
2425
2426
2428
2430
2431
2434
2435
2437
2439
2442
2443
2445
2448
2451
2452
2453
2456
2457
2458
2460
2461
2462
2463
2467
2471
2472
2474
2475
2476
2487
2496
2498
2499
2500
2502
2503
2504
2505
2507
2509
2510
2511
2512
2513
2514
2517
2518
2519
2520
2521
2523
2524
2526
2527
2528
2529
2532
2533
2534
2535
2537
2538
2539
2540
2542
2543
2546
2547
2548
2549
2551
2552
2553
2554
2557
2560
2561
2567
2568
2569
2570
2572
2577
2579
2581
2582
2584
2585
2588
2591
2593
2595
2596
2602
2603
2605
2607
2612
2613
2614
2615
2618
2620
2621
2625
2626
2628
2629
2630
2633
2634
2636
2637
2639
2641
2642
2645
2646
2648
2649
2650
2652
2653
2654
2659
2660
2662
2663
2671
2672
2673
2674
2675
2677
2678
2679
2680
2681
2682
2684
2692
2694
2695
2698
2700
2702
2707
2709
2710
2711
2712
2714
2715
2716
2718
2719
2723
2724
2725
2729
2730
2734
2736
2739
2740
2743
2745
2750
2754
2755
2756
2760
2761
2765
2767
2775
2776
2783
2788
2789
2790
2796
2798
2800
2801
2808
2810
2814
2817
2818
2822
2827
2829
2836
2838
2840
2842
2850
2860
2862
2866
2869
2871
2872
2873
2876
2879
2887
2892
2893
2895
2897
2899
2900
2901
2907
2912
2920
2921
2922
2926
2929
2930
2932
2933
2935
2944
2946
2949
2951
2956
2958
2959
2967
2969
2974
2978
2981
2985
2987
2990
3029
3034
3035
3048
3053
3060
3064
3095
3109
3140
3155
3160
3195
3200
3204
3210
3225
3237
3238
3240
3251
3263
3283
3286
3319
3402
3411
3413
3434
3439
3446
3459
3468
3473
3474
3476
3477
3478
3479
3559
3563
3564
3567
3584
3585
3586
3590
3591
3596
3603
3781
3782
3785
3821
3834
3836
3837
3864
3866
3868
3872
3873
3877
3894
3898
3910
3911
3934
3935
3936
3938
3940
3942
3944
3949
3950
3952
3954
3955
3956
3957
3958
3959
3960
3964
3965
3966
3967
3968
3969
3970
3971
3972
3973
3974
3975
3977
3978
3979
3981
3984
3987
3988
3990
3991
3992
3994
3996
3997
4001
4002
4003
4004
4010
4011
4014
4023
4029
4030
4035
4039
4045
4054
4056
4059
4062
4064
4067
4094
4138
4140
4141
4152
4157
4159
4169
4200
4205
4209
4237
4277
4280
4281
4283
4285
4286
4298
4300
4306
4310
4317
4318
4320
4322
4323
4324
4327
4330
4334
4340
4370
4372
4374
4375
4376
4377
4378
4379
4380
4403
4407
4409
4410
4411
4412
4413
4414
4416
4450
4451
4452
4478
4486
4492
4496
4499
4504
4512
4520
4521
4522
4524
4527
4528
4530
4556
4616
4620
4622
4630
4632
4634
4635
4657
4667
4678
4683
4684
4689
4691
4694
4695
4696
4697
4700
4701
4702
4705
4707
4711
4713
4714
4721
4722
4723
4724
4741
4742
4745
4747
4749
4751
4752
4753
4755
4774
4790
4798
4799
4800
4822
4879
4880
4881
4883
4884
4888
4889
4892
4894
4907
4911
4912
4914
4922
4928
4939
4942
4944
4946
4947
4948
4949
4950
4953
4956
4957
4959
4960
4964
4973
4982
4983
5002
5056
5067
5068
5078
5082
5085
5090
5096
5110
5127
5145
5148
5153
5163
5165
5202
5206
5213
5235
5253
5255
5257
5260
5261
5266
5270
5276
5293
5294
5296
5300
5303
5304
5305
5306
5311
5314
5315
5318
5320
5321
5323
5326
5327
5329
5332
5335
5338
5340
5341
5346
5350
5363
5368
5370
5372
5373
5375
5384
5387
5400
5403
5407
5412
5413
5417
5428
5432
5434
5438
5440
5449
5456
5457
5459
5462
5465
5466
5468
5471
5477
5537
5540
5549
5551
5552
5567
5568
5571
5572
5575
5577
5578
5580
5581
5583
5584
5595
5606
5622
5641
5667
5694
5695
5709
5719
5734
5753
5788
5791
5800
5817
5824
5832
5833
5835
5839
5852
5855
5859
5868
5870
5884
5900
5910
5911
5912
5913
5914
5916
5917
5918
5919
5923
5924
5925
5926
5930
5933
5937
5955
5956
5965
5967
5968
5969
5970
5974
5975
5977
5979
5980
5985
5988
5995
5996
6001
6002
6018
6020
6035
6046
6050
6052
6056
6057
6060
6065
6069
6070
6072
6075
6083
6084
6089
6090
6099
6100
6102
6106
6110
6119
6121
6122
6124
6125
6126
6128
6129
6130
6131
6135
6136
6138
6139
6141
6143
6145
6146
6151
6153
6158
6159
6161
6163
6165
6168
6169
6170
6171
6173
6176
6179
6180
6183
6184
6186
6187
6189
6190
6191
6192
6203
6204
6225
6226
6227
6228
6229
6236
6240
6241
6242
6243
6244
6245
6252
6262
6265
6266
6267
6268
6269
6271
6272
6273
6274
6276
6278
6282
6283
6288
6289
6291
6299
6301
6302
6306
6307
6310
6313
6314
6315
6316
6317
6318
6319
6321
6323
6327
6328
6338
6340
6342
6344
6347
6349
6350
6353
6354
6361
6362
6368
6369
6372
6373
6374
6376
6377
6378
6379
6381
6382
6384
6385
6389
6392
6393
6395
6396
6399
6400
6403
6404
6405
6406
6408
6409
6410
6413
6416
6417
6418
6419
6420
6423
6425
6426
6427
6428
6429
6430
6439
6440
6441
6442
6443
6444
6445
6446
6447
6449
6450
6455
6457
6459
6460
6461
6462
6463
6466
6469
6470
6471
6472
6474
6476
6477
6478
6479
6480
6482
6483
6488
6489
6490
6491
6494
6495
6496
6497
6498
6501
6502
6503
6504
6508
6509
6510
6511
6512
6513
6514
6517
6518
6519
6520
6521
6522
6523
6524
6525
6526
6529
6530
6532
6533
6534
6535
6538
6539
6540
6542
6543
6545
6546
6547
6548
6549
6550
6551
6552
6554
6555
6556
6557
6558
6559
6561
6562
6563
6564
6565
6566
6567
6568
6571
6572
6574
6576
6577
6580
6583
6584
6585
6586
6587
6588
6591
6592
6596
6597
6599
6607
6608
6609
6611
6612
6613
6614
6615
6617
6619
6623
6629
6631
6638
6640
6641
6642
6643
6644
6646
6647
6648
6649
6651
6653
6654
6655
6657
6658
6659
6661
6662
6664
6665
6666
6667
6669
6670
6671
6672
6673
6674
6675
6677
6678
6679
6681
6682
6683
6684
6685
6687
6688
6690
6691
6692
6693
6694
6695
6696
6697
6700
6701
6704
6708
6709
6712
6713
6714
6715
6716
6717
6718
6719
6720
6722
6724
6726
6727
6728
6730
6732
6733
6734
6735
6736
6737
6743
6745
6747
6748
6750
6751
6753
6754
6755
6757
6759
6760
6761
6762
6763
6764
6765
6767
6769
6770
6772
6773
6774
6775
6777
6779
6780
6781
6782
6784
6785
6786
6787
6789
6790
6791
6792
6793
6794
6795
6797
6802
6804
6806
6807
6808
6809
6810
6812
6814
6815
6816
6818
6819
6820
6822
6824
6825
6826
6827
6828
6829
6830
6831
6832
6833
6834
6835
6836
6837
6838
6839
6840
6841
6842
6843
6844
6847
6848
6851
6854
6856
6859
6860
6862
6864
6865
6866
6867
6872
6873
6874
6875
6876
6877
6880
6881
6882
6887
6889
6891
6892
6893
6894
6895
6896
6900
6901
6903
6904
6906
6908
6909
6910
6911
6912
6913
6914
6924
6926
6927
6928
6930
6932
6933
6934
6935
6938
6941
6942
6945
6947
6950
6954
6955
6957
6959
6962
6964
6965
6967
6970
6974
6975
6976
6977
6980
6981
6983
6985
6990
6992
6999
7004
7005
7010
7013
7015
7017
7019
7020
7022
7023
7024
7025
7028
7029
7030
7033
7035
7037
7038
7040
7041
7042
7046
7051
7054
7056
7057
7059
7060
7062
7063
7065
7066
7067
7070
7071
7073
7074
7075
7077
7078
7079
7080
7081
7082
7083
7084
7086
7088
7089
7091
7092
7094
7095
7098
7100
7102
7103
7104
7105
7106
7108
7111
7114
7119
7120
7121
7122
7126
7127
7132
7136
7142
7143
7144
7145
7148
7149
7150
7151
7152
7153
7155
7156
7159
7162
7174
7178
7179
7181
7184
7185
7186
7187
7190
7192
7193
7197
7200
7202
7203
7204
7205
7207
7210
7212
7224
7227
7236
7239
7240
7241
7242
7248
7249
7251
7253
7255
7260
7261
7263
7270
7271
7275
7276
7277
7278
7283
7287
7293
7294
7305
7307
7316
7323
7324
7325
7326
7331
7336
7340
7349
7355
7358
7361
7365
7370
7371
7373
7376
7381
7389
7392
7393
7394
7395
7401
7406
7411
7415
7425
7447
7448
7454
7473
7479
7511
7528
7529
7555
7560
7565
7575
7589
7610
7617
7625
7635
7654
7656
7691
7693
7694
7697
7734
7740
7742
7757
7764
7769
7777
7780
7797
7810
7811
7816
7821
7830
7835
7841
7845
7848
7853
7877
7883
7884
7892
7895
7931
7936
8027
8030
8042
8046
8055
8126
8131
8136
8163
8168
8173
8189
8230
8273
8275
8282
8290
8305
8319
8324
8326
8328
8329
8334
8336
8337
8339
8340
8344
8345
8349
8351
8352
8354
8357
8361
8365
8366
8367
8368
8369
8374
8375
8376
8377
8378
8379
8380
8381
8383
8384
8387
8388
8391
8392
8393
8396
8398
8400
8402
8403
8404
8405
8406
8407
8409
8410
8414
8419
8423
8424
8427
8444
8462
8465
8489
8510
8537
8541
8543
8544
8545
8546
8547
8571
8574
8576
8610
8652
8663
8673
8686
8690
8713
8714
8715
8732
8743
8752
8755
8760
8764
8766
8768
8776
8782
8792
8795
8797
8798
8799
8800
8801
8806
8830
8837
8844
8860
8864
8883
8899
8900
8902
8904
8906
8919
8924
8926
8927
9001
9006
9008
9011
9017
9032
9035
9037
9063
9068
9069
9070
9072
9073
9074
9075
9076
9077
9078
9087
9095
9111
9112
9117
9127
9130
9131
9132
9133
9134
9136
9144
9151
9158
9160
9161
9183
9192
9210
9215
9238
9251
9257
9258
9260
9261
9263
9265
9267
9268
9269
9272
9278
9280
9281
9286
9295
9299
9302
9306
9325
9326
9327
9328
9329
9330
9332
9333
9334
9335
9336
9337
9342
9361
9364
9367
9371
9373
9374
9377
9378
9382
9394
9404
9409
9433
9441
9455
9457
9458
9459
9460
9461
9462
9465
9466
9467
9472
9478
9496
9498
9501
9502
9503
9525
9527
9554
9557
9573
9578
9579
9595
9598
9602
9618
9622
9653
9654
9655
9657
9658
9660
9664
9668
9671
9673
9674
9681
9684
9685
9689
9690
9692
9693
9694
9695
9696
9697
9699
9700
9708
9710
9718
9721
9722
9724
9726
9727
9729
9733
9734
9735
9736
9739
9743
9748
9752
9757
9758
9762
9763
9764
9767
9768
9771
9773
9774
9775
9776
9785
9787
9788
9791
9802
9803
9805
9809
9810
9815
9818
9821
9823
9824
9827
9829
9832
9837
9842
9844
9845
9847
9871
9872
9874
9875
9876
9880
9888
9889
9914
9948
9950
9952
9953
9956
9962
9999
10000
10005
10010
10026
10027
10039
10040
10050
10057
10064
10065
10067
10071
10073
10074
10077
10091
10104
10111
10134
10154
10189
10191
10206
10213
10221
10222
10224
10232
10237
10238
10239
10240
10244
10252
10255
10311
10312
10314
10315
10325
10333
10336
10359
10363
10364
10365
10366
10367
10368
10372
10373
10374
10375
10376
10377
10378
10380
10381
10383
10385
10386
10387
10389
10398
10400
10405
10407
10408
10434
10435
10436
10460
10469
10485
10490
10491
10493
10494
10498
10500
10513
10514
10515
10516
10519
10520
10522
10523
10526
10527
10529
10534
10535
10536
10537
10540
10541
10542
10543
10545
10546
10547
10551
10552
10553
10558
10559
10560
10561
10562
10563
10566
10568
10571
10572
10573
10575
10584
10591
10595
10604
10611
10626
10627
10630
10656
10661
10663
10680
10681
10682
10683
10685
10687
10689
10696
10697
10698
10702
10705
10706
10707
10714
10717
10720
10723
10732
10733
10735
10737
10738
10739
10741
10742
10744
10747
10750
10753
10760
10764
10765
10768
10773
10783
10786
10787
10788
10790
10791
10792
10799
10801
10802
10805
10807
10808
10810
10812
10817
10818
10819
10821
10822
10828
10829
10830
10831
10832
10833
10836
10839
10840
10841
10842
10845
10846
10848
10849
10850
10851
10852
10853
10855
10863
10864
10865
10877
10878
10879
10881
10882
10884
10885
10887
10888
10890
10894
10895
10905
10906
10907
10908
10911
10913
10916
10917
10918
10919
10921
10922
10923
10924
10925
10928
10930
10932
10933
10935
10936
10937
10938
10940
10941
10942
10944
10945
10948
10949
10952
10954
10955
10956
10957
10960
10962
10963
10965
10966
10967
10969
10971
10972
10975
10977
10978
10979
10985
10987
10989
10991
10992
10993
10994
10996
10997
10998
10999
11001
11002
11005
11006
11008
11010
11011
11012
11015
11017
11018
11021
11022
11023
11026
11030
11031
11032
11033
11035
11036
11037
11039
11042
11045
11046
11049
11050
11051
11052
11053
11055
11059
11060
11061
11062
11063
11072
11076
11078
11079
11081
11082
11083
11084
11087
11088
11089
11090
11091
11092
11093
11094
11096
11098
11100
11105
11106
11107
11109
11110
11111
11112
11113
11120
11121
11123
11124
11125
11126
11128
11129
11130
11131
11132
11134
11135
11136
11138
11139
11140
11141
11143
11146
11148
11149
11150
11151
11152
11154
11155
11157
11158
11165
11166
11170
11172
11174
11175
11181
11182
11183
11185
11186
11189
11191
11194
11196
11199
11202
11203
11205
11206
11207
11208
11210
11213
11214
11215
11217
11219
11221
11222
11224
11225
11227
11228
11230
11232
11234
11238
11239
11241
11244
11246
11247
11248
11249
11250
11251
11252
11253
11254
11255
11258
11259
11260
11262
11263
11264
11267
11272
11274
11276
11278
11279
11280
11282
11284
11285
11287
11289
11293
11296
11297
11298
11303
11304
11305
11309
11310
11311
11312
11316
11318
11319
11321
11322
11324
11325
11326
11327
11329
11330
11331
11333
11334
11335
11337
11340
11341
11342
11343
11347
11348
11349
11350
11351
11353
11354
11356
11357
11358
11361
11363
11365
11366
11367
11372
11373
11375
11376
11378
11380
11382
11383
11384
11385
11386
11387
11390
11392
11394
11396
11397
11403
11405
11406
11409
11413
11414
11416
11417
11418
11421
11422
11423
11427
11429
11430
11431
11434
11435
11436
11448
11451
11453
11455
11456
11458
11459
11460
11461
11463
11464
11465
11466
11467
11468
11469
11471
11472
11473
11474
11475
11476
11477
11479
11480
11481
11482
11483
11487
11488
11493
11495
11496
11497
11500
11501
11502
11503
11504
11508
11510
11519
11520
11522
11523
11524
11526
11527
11529
11530
11532
11533
11534
11535
11538
11540
11547
11548
11549
11552
11554
11557
11559
11567
11572
11573
11575
11576
11577
11587
11593
11595
11601
11602
11603
11604
11606
11608
11610
11611
11613
11616
11619
11620
11621
11622
11623
11624
11625
11626
11628
11630
11631
11639
11643
11644
11645
11647
11648
11649
11651
11652
11654
11658
11662
11665
11666
11668
11670
11672
11673
11677
11680
11694
11695
11705
11706
11707
11708
11709
11715
11716
11717
11739
11746
11749
11750
11751
11754
11755
11756
11758
11760
11761
11765
11776
11782
11783
11785
11806
11841
11845
11849
11853
11855
11866
11939
11958
11959
12006
12021
12033
12037
12047
12063
12075
12087
12208
12273
12278
12280
12324
12427
12760
12763
12772
12775
12778
12781
12782
12784
12794
12802
12803
12805
12807
12808
12810
12811
12812
12815
12817
12820
12821
12822
12824
12825
12826
12827
12829
12834
12835
12836
12837
12838
12839
12840
12841
12842
12844
12845
12848
12850
12851
12852
12857
12861
12871
12872
12874
12876
12880
13005
13072
13195
13197
13198
13207
13210
13281
13282
13293
13322
13323
13325
13328
13329
13331
13332
13361
13365
13367
13385
13392
13398
13402
13407
13408
13409
13410
13411
13412
13413
13420
13440
13441
13442
13443
13444
13460
13509
13510
13511
13512
13516
13522
13523
13526
13527
13528
13530
13596
13597
13598
13599
13600
13601
13604
13606
13608
13609
13613
13632
13633
13646
13653
13656
13659
13660
13663
13671
13673
13674
13678
13681
13682
13685
13696
13697
13699
13700
13704
13743
13749
13800
13804
13805
13806
13809
13810
13811
13812
13819
13823
13824
13826
13828
13829
13831
13842
13845
13850
13852
13854
13860
13868
13871
13872
13874
13876
13878
13893
13896
13897
13898
13902
13903
13904
13905
13923
13925
13929
13932
13940
13965
13966
13969
13971
13979
13980
13983
13986
13987
13989
13990
13993
13994
13996
13999
14000
14002
14003
14006
14008
14010
14011
14012
14013
14016
14019
14022
14028
14030
14038
14045
14046
14049
14081
14083
14085
14108
14112
14115
14127
14140
14154
14155
14156
14158
14161
14162
14163
14169
14173
14177
14178
14179
14182
14191
14211
14218
14225
14234
14242
14243
14244
14246
14254
14256
14257
14258
14259
14274
14275
14276
14277
14279
14280
14281
14282
14284
14285
14286
14296
14299
14300
14309
14316
14326
14338
14339
14341
14351
14352
14353
14377
14409
14415
14418
14421
14423
14430
14433
14434
14441
14443
14446
14473
14483
14484
14491
14516
14523
14536
14700
14703
14706
14708
14713
14714
14716
14720
14721
14722
14727
14740
14750
14798
14800
14801
14806
14808
14809
14812
14813
14815
14828
14851
14852
14857
14860
14864
14868
14876
14877
14884
14885
14886
14893
14895
14900
14920
14936
14937
14940
14970
14972
14979
14980
14981
14983
14987
14991
15019
15022
15028
15035
15039
15040
15041
15044
15047
15049
15050
15053
15054
15060
15063
15069
15074
15079
15081
15085
15087
15091
15097
15098
15100
15101
15121
15146
15150
15151
15158
15164
15165
15166
15168
15170
15174
15175
15176
15178
15179
15180
15197
15200
15201
15213
15215
15230
15232
15236
15237
15238
15239
15240
15241
15243
15245
15248
15249
15250
15255
15256
15262
15263
15266
15273
15275
15276
15279
15284
15288
15290
15291
15292
15293
15295
15300
15301
15302
15304
15311
15312
15313
15315
15316
15317
15318
15323
15327
15328
15330
15332
15337
15341
15342
15343
15346
15347
15348
15352
15356
15357
15359
15360
15366
15367
15369
15373
15375
15376
15377
15380
15382
15383
15384
15389
15392
15393
15395
15396
15400
15403
15406
15407
15409
15410
15416
15420
15423
15424
15425
15426
15427
15428
15430
15431
15436
15437
15438
15439
15440
15443
15444
15446
15450
15453
15454
15455
15456
15457
15458
15459
15461
15462
15464
15465
15467
15468
15471
15472
15473
15474
15475
15479
15480
15481
15482
15484
15485
15489
15490
15491
15494
15495
15498
15499
15501
15502
15504
15505
15507
15508
15521
15523
15524
15526
15527
15529
15531
15532
15535
15537
15538
15539
15540
15541
15543
15544
15546
15547
15552
15553
15554
15555
15556
15557
15558
15559
15560
15561
15562
15565
15568
15571
15573
15574
15575
15576
15577
15579
15584
15588
15591
15592
15594
15595
15596
15597
15599
15600
15601
15607
15611
15613
15614
15615
15616
15617
15618
15619
15620
15622
15625
15626
15627
15630
15631
15632
15634
15635
15637
15638
15639
15642
15643
15644
15646
15649
15651
15653
15654
15656
15657
15658
15660
15661
15662
15663
15664
15666
15672
15676
15677
15678
15679
15680
15681
15683
15684
15687
15692
15694
15697
15698
15699
15700
15701
15702
15703
15705
15707
15709
15710
15711
15712
15714
15717
15721
15722
15723
15724
15726
15729
15732
15733
15734
15737
15738
15739
15742
15743
15745
15746
15747
15748
15750
15751
15752
15753
15754
15755
15756
15758
15760
15761
15763
15764
15766
15767
15768
15769
15776
15778
15780
15781
15782
15785
15786
15790
15791
15792
15793
15796
15797
15798
15799
15802
15805
15806
15807
15808
15809
15819
15820
15822
15823
15824
15826
15827
15828
15831
15832
15833
15834
15835
15836
15837
15840
15841
15843
15844
15845
15846
15847
15848
15849
15854
15856
15858
15861
15862
15863
15864
15865
15866
15870
15871
15872
15875
15876
15877
15878
15880
15882
15883
15885
15886
15889
15892
15893
15894
15895
15897
15898
15900
15901
15902
15907
15908
15910
15914
15915
15917
15919
15920
15922
15923
15924
15925
15931
15932
15933
15934
15936
15937
15938
15939
15940
15942
15943
15945
15946
15947
15951
15952
15953
15955
15956
15957
15958
15969
15971
15972
15973
15975
15976
15977
15980
15985
15986
15987
15989
15991
15992
15999
16001
16002
16004
16007
16008
16009
16011
16014
16018
16021
16025
16026
16028
16029
16035
16039
16049
16051
16062
16063
16064
16066
16067
16068
16069
16070
16072
16074
16075
16076
16077
16078
16082
16083
16084
16085
16088
16089
16090
16093
16103
16107
16108
16109
16110
16112
16114
16117
16120
16121
16129
16134
16148
16149
16151
16156
16172
16173
16175
16183
16187
16191
16192
16194
16196
16197
16201
16202
16234
16248
16255
16257
16259
16260
16297
16401
16438
16737
17083
17105
17122
17169
17187
17210
17212
17234
17235
17240
17241
17243
17245
17248
17249
17250
17253
17257
17258
17262
17263
17264
17265
17268
17269
17270
17271
17272
17273
17274
17275
17276
17279
17280
17282
17284
17285
17286
17287
17288
17290
17291
17292
17293
17294
17297
17298
17303
17305
17315
17437
17603
17605
17607
17608
17673
17674
17676
17677
17678
17680
17705
17707
17709
17710
17711
17713
17715
17764
17770
17776
17782
17802
17804
17805
17806
17811
17812
17824
17825
17827
17908
17910
17911
17912
17913
17914
17934
17973
17974
17975
17976
17977
17979
17980
17982
17983
18025
18026
18027
18028
18029
18032
18037
18038
18042
18044
18045
18046
18047
18055
18088
18094
18095
18098
18100
18135
18137
18145
18148
18154
18178
18181
18182
18183
18184
18185
18187
18189
18191
18202
18203
18206
18225
18243
18280
18283
18292
18299
18300
18301
18305
18320
18324
18328
18329
18336
18343
18346
18347
18348
18349
18350
18366
18370
18377
18379
18397
18406
18536
18537
18538
18540
18541
18562
18584
18594
18601
18602
18603
18604
18617
18634
18652
18653
18654
18655
18669
18670
18671
18673
18675
18677
18715
18716
18719
18790
18791
18821
18823
18824
18826
18827
18830
18833
18835
18839
18869
18873
18876
18877
18880
18908
18909
18910
18930
19062
19093
19097
19105
19114
19118
19124
19132
19143
19144
19169
19182
19185
19187
19189
19190
19191
19194
19200
19201
19205
19206
19210
19213
19217
19239
19241
19243
19244
19247
19253
19257
19258
19259
19260
19264
19265
19266
19269
19304
19309
19312
19329
19331
19332
19333
19334
19349
19352
19353
19354
19356
19357
19358
19370
19391
19399
19401
19405
19408
19409
19412
19414
19416
19417
19427
19434
19435
19439
19445
19446
19449
19457
19459
19460
19465
19467
19471
19478
19479
19481
19482
19498
19499
19500
19511
19512
19515
19519
19520
19521
19524
19525
19526
19541
19549
19554
19555
19559
19560
19561
19563
19565
19568
19571
19577
19580
19581
19583
19588
19589
19590
19592
19596
19599
19605
19611
19612
19618
19620
19622
19623
19624
19625
19626
19627
19628
19629
19630
19632
19633
19636
19637
19638
19639
19641
19642
19644
19648
19650
19653
19657
19660
19664
19665
19673
19677
19678
19680
19681
19682
19683
19689
19691
19692
19693
19695
19698
19699
19708
19711
19720
19721
19722
19723
19727
19728
19729
19730
19732
19738
19741
19742
19744
19745
19746
19748
19749
19750
19751
19752
19753
19757
19760
19763
19766
19770
19771
19772
19774
19775
19776
19777
19782
19783
19784
19786
19788
19789
19792
19793
19794
19796
19797
19802
19806
19807
19808
19809
19818
19819
19820
19822
19823
19824
19825
19826
19829
19830
19831
19832
19833
19834
19835
19836
19838
19839
19840
19842
19844
19846
19848
19849
19850
19851
19853
19854
19855
19857
19858
19861
19865
19869
19870
19871
19872
19875
19877
19878
19882
19884
19886
19888
19889
19891
19893
19894
19895
19898
19900
19901
19902
19905
19906
19908
19910
19913
19914
19915
19918
19919
19920
19921
19923
19924
19932
19938
19941
19942
19945
19946
19947
19948
19949
19950
19951
19955
19956
19957
19959
19965
19969
19970
19972
19978
19980
19981
19982
19983
19985
19986
19989
19990
19994
19995
19996
19999
20001
20002
20007
20008
20009
20010
20014
20015
20016
20017
20020
20021
20023
20024
20025
20026
20027
20028
20029
20030
20031
20033
20035
20037
20038
20039
20040
20041
20042
20043
20046
20048
20049
20051
20052
20053
20055
20060
20062
20066
20067
20069
20070
20071
20073
20075
20079
20080
20083
20084
20085
20086
20087
20088
20091
20093
20094
20095
20096
20097
20099
20100
20103
20104
20105
20108
20109
20111
20112
20113
20116
20117
20119
20121
20123
20125
20127
20128
20129
20130
20131
20132
20133
20134
20135
20138
20139
20141
20142
20146
20148
20149
20150
20153
20154
20155
20156
20159
20163
20165
20172
20175
20176
20177
20179
20180
20181
20183
20186
20190
20191
20192
20193
20195
20196
20197
20198
20199
20203
20204
20205
20207
20208
20209
20214
20215
20219
20220
20230
20231
20232
20233
20234
20236
20238
20239
20240
20241
20242
20244
20246
20250
20251
20253
20254
20256
20257
20258
20259
20260
20261
20264
20267
20268
20269
20273
20276
20277
20280
20281
20283
20284
20285
20289
20293
20302
20304
20305
20306
20307
20309
20310
20311
20312
20314
20315
20321
20322
20324
20326
20327
20329
20330
20331
20332
20334
20335
20336
20338
20339
20340
20346
20347
20348
20349
20352
20355
20357
20359
20361
20363
20364
20367
20370
20371
20372
20375
20376
20379
20380
20381
20383
20384
20386
20387
20389
20390
20393
20394
20397
20398
20399
20400
20401
20402
20403
20404
20405
20408
20409
20410
20411
20415
20417
20419
20421
20424
20427
20428
20429
20432
20434
20436
20437
20438
20440
20441
20457
20459
20470
20474
20476
20481
20482
20493
20494
20496
20510
20511
20512
20513
20514
20517
20520
20521
20523
20524
20531
20553
20561
20573
20574
20575
20577
20611
20621
20628
20641
20672
20761
20878
20886
20916
20934
20944
20979
21059
21069
21143
21168
21188
21210
21244
21276
21331
21333
21539
21593
21672
21678
21698
21703
21705
21706
21707
21710
21712
21714
21716
21717
21718
21719
21727
21728
21729
21731
21732
21735
21741
21743
21748
21761
21834
21863
21890
21891
21892
21928
22080
22123
22125
22126
22127
22128
22129
22130
22131
22132
22133
22134
22151
22156
22157
22159
22227
22256
22259
22273
22277
22348
22353
22360
22362
22409
22410
22411
22412
22415
22416
22417
22418
22419
22420
22423
22424
22425
22443
22445
22446
22467
22468
22469
22471
22483
22491
22494
22497
22500
22511
22548
22551
22568
22578
22585
22589
22592
22593
22594
22595
22600
22601
22615
22623
22624
22625
22626
22627
22638
22647
22648
22649
22650
22651
22653
22670
22671
22672
22673
22696
22699
22701
22754
22755
22762
22763
22767
22771
22775
22776
22777
22784
22785
22786
22789
22792
22794
22795
22796
22797
22809
22819
22821
22824
22829
22834
22835
22864
22871
22873
22881
22889
22894
22895
22901
22904
22923
22944
22947
22948
22951
22953
22957
22958
22959
22968
22974
22975
22976
22985
22986
22987
22988
22989
22999
23004
23006
23016
23022
23024
23026
23027
23031
23035
23046
23047
23048
23049
23050
23063
23066
23073
23074
23075
23079
23089
23091
23092
23107
23120
23123
23124
23125
23126
23127
23134
23136
23143
23163
23199
23200
23219
23231
23236
23239
23246
23251
23254
23255
23256
23259
23283
23301
23333
23348
23390
23405
23428
23438
23450
23452
23458
23506
23508
23509
23511
23513
23515
23517
23518
23520
23523
23538
23541
23544
23547
23549
23567
23577
23589
23604
23605
23607
23609
23610
23612
23613
23617
23622
23627
23630
23636
23647
23656
23665
23667
23668
23671
23673
23674
23675
23678
23682
23685
23694
23695
23699
23700
23702
23725
23726
23735
23736
23737
23739
23740
23744
23762
23769
23774
23775
23776
23779
23781
23783
23784
23787
23816
23835
23840
23844
23845
23846
23847
23851
23853
23858
23864
23865
23867
23869
23871
23874
23877
23878
23879
23885
23886
23893
23916
23927
23930
23933
23934
23935
23944
23945
23954
23958
23961
23962
23965
23967
23968
23970
23972
23976
23978
23982
23984
23986
23990
23992
23995
24001
24003
24006
24007
24011
24012
24015
24017
24018
24019
24020
24021
24022
24023
24024
24025
24027
24029
24031
24035
24036
24038
24042
24044
24047
24049
24050
24053
24058
24062
24064
24066
24067
24068
24071
24072
24073
24074
24075
24076
24077
24082
24083
24090
24093
24095
24096
24098
24099
24100
24104
24105
24106
24109
24111
24112
24113
24114
24115
24118
24119
24120
24123
24124
24126
24128
24131
24132
24133
24134
24135
24136
24138
24139
24140
24145
24150
24153
24155
24156
24158
24161
24164
24167
24168
24169
24170
24172
24174
24176
24177
24184
24185
24186
24189
24190
24196
24199
24201
24202
24203
24206
24208
24211
24212
24213
24214
24215
24218
24219
24221
24222
24223
24224
24225
24226
24227
24230
24233
24240
24242
24243
24244
24245
24246
24247
24248
24250
24253
24254
24255
24256
24257
24258
24260
24261
24262
24263
24264
24265
24267
24268
24270
24271
24272
24273
24274
24275
24276
24277
24278
24280
24281
24282
24285
24286
24288
24290
24292
24293
24294
24295
24296
24297
24298
24299
24301
24302
24303
24306
24307
24309
24311
24326
24328
24331
24332
24340
24341
24342
24345
24348
24349
24350
24355
24357
24358
24360
24361
24362
24364
24365
24367
24368
24369
24371
24376
24377
24378
24379
24380
24382
24383
24384
24385
24386
24387
24388
24389
24390
24394
24395
24397
24398
24399
24401
24402
24404
24405
24407
24410
24411
24412
24413
24414
24415
24417
24419
24421
24423
24424
24427
24430
24432
24434
24438
24440
24443
24444
24446
24447
24448
24450
24453
24454
24462
24463
24465
24466
24467
24470
24473
24474
24475
24480
24482
24483
24484
24486
24487
24490
24495
24496
24497
24501
24502
24504
24505
24506
24507
24512
24515
24516
24517
24518
24519
24520
24521
24522
24525
24530
24533
24535
24537
24538
24539
24540
24541
24542
24544
24545
24546
24548
24552
24553
24554
24556
24557
24559
24560
24561
24564
24565
24568
24569
24570
24571
24572
24573
24574
24576
24577
24580
24581
24583
24585
24586
24588
24589
24591
24592
24595
24601
24602
24603
24605
24607
24609
24611
24612
24613
24614
24617
24619
24620
24621
24623
24624
24627
24628
24629
24631
24633
24636
24638
24639
24640
24641
24642
24643
24646
24647
24650
24651
24654
24656
24657
24658
24659
24660
24662
24663
24664
24666
24667
24668
24670
24671
24673
24676
24678
24679
24680
24681
24682
24686
24687
24688
24689
24691
24693
24694
24696
24698
24699
24701
24702
24703
24707
24711
24716
24718
24719
24721
24722
24723
24725
24727
24728
24729
24732
24733
24735
24738
24739
24740
24741
24742
24743
24744
24745
24747
24748
24749
24750
24752
24763
24767
24769
24770
24771
24773
24776
24777
24778
24779
24780
24781
24782
24783
24786
24787
24788
24791
24792
24795
24796
24799
24800
24802
24803
24804
24805
24807
24808
24809
24810
24811
24812
24813
24814
24816
24817
24818
24819
24822
24823
24824
24825
24827
24828
24829
24830
24831
24842
24844
24845
24846
24847
24848
24851
24852
24853
24858
24859
24862
24863
24865
24866
24867
24870
24871
24872
24873
24874
24875
24880
24891
24894
24896
24897
24898
24899
24900
24901
24904
24906
24907
24908
24909
24910
24917
24919
24922
24923
24924
24925
24927
24936
24943
24944
24947
24948
24952
24953
24968
24969
24972
24977
24985
24999
25007
25053
25063
25068
25069
25073
25080
25099
25101
25130
25143
25144
25162
25198
25207
25208
25217
25223
25253
25272
25275
25280
25289
25292
25308
25329
25344
25349
25352
25371
25384
25414
25421
25429
25467
25476
25481
25482
25491
25501
25503
25536
25568
25590
25593
25600
25610
25617
25635
25643
25677
25686
25704
25715
25721
25731
25734
25772
25784
25787
25800
25801
25811
25812
25813
25855
25865
25866
25873
25887
25908
25949
25962
25966
25969
25975
25983
25998
26001
26008
26009
26010
26015
26043
26044
26045
26047
26049
26050
26051
26052
26054
26056
26058
26062
26063
26064
26065
26067
26069
26074
26076
26077
26078
26079
26080
26082
26084
26086
26088
26089
26090
26093
26094
26095
26096
26097
26099
26100
26103
26104
26106
26111
26116
26119
26123
26125
26126
26127
26132
26137
26141
26155
26156
26168
26177
26194
26197
26209
26223
26229
26234
26240
26241
26262
26265
26272
26274
26301
26307
26308
26312
26320
26327
26340
26360
26362
26364
26365
26377
26392
26406
26410
26411
26412
26414
26432
26436
26470
26479
26480
26483
26487
26488
26501
26526
26537
26538
26539
26540
26541
26542
26543
26544
26545
26546
26548
26557
26567
26570
26574
26578
26580
26582
26584
26585
26586
26587
26589
26592
26596
26600
26608
26610
26624
26627
26628
26629
26630
26631
26633
26634
26650
26655
26656
26663
26677
26683
26685
26689
26693
26694
26697
26698
26706
26716
26717
26724
26734
26737
26738
26739
26740
26741
26742
26743
26758
26790
26793
26794
26795
26796
26797
26798
26800
26801
26802
26803
26804
26805
26806
26807
26808
26809
26812
26834
26840
26855
26864
26865
26866
26868
26875
26877
26878
26882
26884
26888
26890
26891
26893
26912
26925
26928
26930
26931
26932
26934
26935
26945
26958
26959
26961
26962
26966
26968
26969
26970
26971
26972
26976
26985
26989
26990
26997
26998
26999
27000
27002
27003
27004
27006
27008
27009
27011
27012
27017
27019
27020
27022
27025
27028
27032
27036
27037
27038
27039
27040
27042
27045
27046
27047
27048
27049
27050
27053
27063
27064
27065
27069
27080
27083
27091
27094
27096
27098
27100
27101
27102
27103
27105
27108
27110
27113
27115
27120
27123
27124
27132
27134
27136
27137
27138
27143
27144
27145
27146
27151
27159
27161
27167
27172
27174
27178
27182
27184
27186
27187
27188
27189
27190
27191
27194
27195
27199
27203
27211
27212
27220
27221
27227
27232
27233
27235
27239
27240
27241
27250
27252
27255
27257
27262
27267
27268
27275
27278
27287
27293
27297
27298
27301
27302
27306
27307
27311
27318
27321
27322
27325
27326
27335
27349
27360
27361
27364
27366
27367
27368
27369
27370
27377
27381
27382
27383
27384
27385
27388
27392
27399
27411
27412
27414
27420
27427
27428
27448
27453
27455
27477
27478
27484
27496
27500
27501
27502
27524
27525
27526
27527
27540
27545
27546
27549
27550
27551
27554
27555
27556
27557
27561
27563
27565
27568
27575
27580
27582
27583
27584
27607
27613
27633
27645
27656
27657
27664
27667
27675
27676
27677
27679
27680
27681
27684
27685
27687
27688
27692
27696
27709
27734
27740
27748
27768
27800
27809
27837
27855
27881
27885
27904
27908
27955
27958
27959
27960
27963
27980
27989
27997
28005
28032
28035
28044
28045
28046
28047
28048
28049
28050
28052
28053
28054
28055
28056
28059
28060
28061
28062
28063
28064
28065
28066
28067
28073
28075
28078
28097
28108
28110
28112
28115
28117
28120
28121
28124
28125
28126
28128
28130
28138
28139
28184
28185
28193
28202
28203
28204
28205
28208
28209
28211
28213
28218
28225
28230
28236
28237
28239
28243
28244
28247
28248
28249
28252
28255
28256
28257
28258
28259
28263
28265
28272
28277
28279
28280
28281
28283
28284
28285
28286
28288
28289
28290
28295
28296
28299
28301
28303
28304
28305
28307
28308
28312
28313
28314
28315
28316
28319
28320
28322
28329
28332
28334
28339
28340
28343
28344
28360
28362
28366
28368
28369
28370
28371
28372
28376
28377
28379
28382
28383
28385
28386
28387
28388
28389
28391
28392
28393
28396
28397
28398
28400
28401
28402
28404
28409
28410
28411
28412
28415
28417
28418
28419
28420
28422
28423
28428
28431
28432
28436
28439
28441
28443
28444
28445
28446
28455
28456
28457
28458
28459
28461
28464
28470
28473
28474
28475
28476
28477
28488
28489
28490
28491
28495
28498
28499
28501
28502
28504
28507
28508
28511
28512
28513
28515
28516
28517
28518
28519
28520
28530
28532
28533
28534
28535
28536
28537
28538
28539
28540
28541
28542
28544
28545
28548
28549
28550
28552
28553
28554
28556
28557
28560
28563
28564
28565
28566
28571
28573
28574
28576
28577
28578
28580
28582
28583
28584
28585
28586
28587
28588
28589
28590
28593
28594
28595
28598
28599
28601
28602
28604
28605
28606
28610
28611
28613
28616
28617
28618
28620
28621
28622
28623
28624
28625
28626
28628
28629
28630
28632
28633
28634
28635
28636
28637
28639
28640
28641
28642
28643
28644
28645
28646
28647
28648
28649
28650
28651
28652
28654
28655
28656
28657
28658
28659
28661
28663
28664
28665
28667
28668
28669
28670
28672
28673
28675
28676
28677
28678
28679
28681
28682
28683
28684
28685
28686
28689
28690
28691
28692
28693
28694
28695
28696
28697
28698
28699
28700
28703
28706
28707
28708
28709
28710
28711
28712
28714
28715
28716
28718
28720
28721
28722
28723
28724
28725
28726
28727
28728
28729
28730
28731
28732
28733
28734
28735
28736
28738
28739
28740
28741
28743
28744
28745
28746
28750
28751
28752
28753
28754
28755
28756
28757
28758
28759
28760
28761
28764
28765
28767
28768
28769
28770
28772
28773
28774
28775
28776
28777
28778
28779
28780
28781
28782
28783
28784
28786
28787
28788
28789
28790
28791
28792
28793
28794
28795
28796
28797
28798
28799
28800
28801
28802
28803
28804
28806
28807
28808
28809
28810
28811
28812
28813
28814
28815
28816
28817
28818
28819
28820
28821
28822
28823
28824
28825
28826
28827
28828
28829
28830
28831
28832
28833
28835
28840
28842
28843
28844
28845
28847
28848
28849
28850
28851
28852
28854
28855
28856
28857
28858
28859
28860
28861
28862
28863
28864
28865
28866
28867
28868
28869
28876
28877
28878
28879
28880
28881
28882
28883
28884
28885
28886
28887
28888
28889
28890
28891
28892
28893
28894
28895
28896
28897
28898
28900
28901
28902
28903
28904
28905
28906
28907
28909
28912
28913
28915
28917
28918
28919
28920
28921
28922
28923
28924
28925
28929
28931
28932
28933
28934
28935
28936
28937
28938
28939
28940
28942
28943
28944
28948
28949
28950
28951
28952
28953
28954
28955
28956
28957
28958
28959
28960
28961
28964
28965
28966
28967
28968
28970
28971
28972
28973
28974
28975
28976
28977
28979
28980
28981
28982
28983
28984
28985
28986
28987
28988
28989
28990
28991
28992
28993
28994
28995
28996
28997
28998
29000
29001
29002
29003
29004
29005
29006
29009
29010
29011
29012
29013
29015
29016
29017
29018
29019
29020
29021
29023
29024
29025
29026
29027
29028
29029
29030
29031
29034
29036
29037
29038
29039
29040
29041
29042
29044
29045
29046
29048
29050
29051
29052
29053
29055
29056
29057
29058
29059
29060
29062
29064
29065
29067
29069
29070
29072
29073
29074
29076
29077
29078
29079
29080
29082
29083
29084
29085
29086
29087
29088
29089
29090
29091
29094
29095
29096
29097
29098
29099
29100
29101
29103
29104
29105
29106
29107
29108
29109
29110
29111
29113
29116
29117
29118
29120
29121
29122
29123
29124
29125
29126
29128
29129
29130
29132
29133
29134
29136
29137
29138
29140
29142
29143
29148
29150
29151
29152
29153
29154
29155
29156
29157
29158
29159
29161
29162
29164
29165
29166
29167
29168
29170
29171
29172
29173
29174
29178
29179
29180
29182
29185
29186
29187
29188
29189
29190
29191
29192
29193
29194
29195
29196
29197
29198
29199
29202
29203
29204
29205
29206
29207
29208
29209
29210
29211
29213
29214
29215
29218
29219
29220
29221
29222
29223
29224
29225
29226
29227
29228
29229
29230
29231
29232
29233
29234
29235
29236
29237
29238
29239
29240
29241
29242
29243
29244
29245
29248
29249
29250
29252
29253
29254
29255
29256
29257
29259
29260
29261
29263
29264
29266
29267
29268
29269
29270
29271
29273
29274
29275
29276
29277
29279
29281
29282
29283
29284
29285
29286
29287
29288
29289
29292
29296
29299
29300
29301
29302
29303
29304
29306
29307
29308
29310
29312
29313
29314
29315
29316
29317
29318
29319
29321
29323
29324
29325
29326
29328
29329
29330
29331
29332
29333
29336
29338
29340
29341
29342
29343
29344
29345
29346
29347
29348
29349
29350
29351
29353
29354
29355
29356
29357
29358
29359
29360
29362
29363
29364
29382
29384
29386
29390
29394
29395
29399
29400
29401
29402
29404
29405
29406
29407
29412
29415
29416
29419
29420
29421
29422
29424
29433
29438
29439
29444
29448
29450
29455
29456
29457
29458
29483
29484
29485
29495
29496
29499
29500
29523
29530
29534
29538
29539
29547
29549
29560
29564
29565
29571
29574
29581
29583
29587
29589
29594
29599
29605
29610
29614
29615
29616
29617
29621
29624
29632
29639
29641
29642
29654
29663
29664
29667
29672
29676
29677
29688
29697
29699
29703
29706
29711
29718
29722
29723
29725
29726
29727
29731
29735
29740
29742
29743
29747
29749
29751
29753
29757
29761
29766
29768
29770
29772
29775
29776
29777
29780
29781
29786
29790
29812
29819
29827
29828
29829
29830
29839
29844
29848
29858
29860
29861
29867
29871
29875
29883
29886
29887
29892
29896
29901
29904
29907
29915
29919
29920
29927
29930
29931
29932
29933
29935
29938
29943
29947
29954
29956
29957
29959
29962
29966
29967
29978
29989
29990
29991
29993
29994
29995
30001
30004
30008
30009
30010
30014
30015
30025
30026
30032
30033
30034
30035
30036
30037
30038
30042
30043
30044
30054
30056
30060
30062
30063
30068
30069
30071
30074
30075
30078
30079
30081
30093
30094
30095
30099
30102
30104
30109
30111
30112
30118
30127
30129
30136
30138
30139
30142
30143
30149
30152
30156
30159
30164
30166
30169
30179
30184
30185
30186
30190
30191
30192
30198
30199
30204
30217
30224
30225
30226
30227
30228
30229
30235
30241
30246
30258
30287
30290
30291
30293
30303
30313
30316
30325
30330
30342
30349
30354
30357
30359
30361
30365
30366
30368
30372
30376
30377
30378
30379
30382
30387
30388
30397
30417
30418
30419
30421
30424
30425
30430
30435
30438
30444
30458
30462
30464
30467
30469
30471
30477
30479
30480
30481
30485
30493
30496
30499
30502
30507
30515
30516
30517
30519
30520
30521
30523
30524
30529
30533
30534
30535
30537
30538
30539
30540
30541
30542
30543
30544
30545
30546
30547
30548
30549
30550
30551
30552
30553
30554
30555
30556
30557
30558
30559
30561
30562
30563
30564
30565
30566
30567
30568
30569
30570
30571
30572
30573
30574
30575
30576
30577
30578
30579
30580
30581
30583
30590
30594
30602
30611
30615
30617
30618
30619
30622
30627
30630
30634
30635
30646
30647
30650
30652
30664
30667
30669
30670
30672
30674
30677
30678
30679
30682
30683
30693
30697
30705
30707
30715
30720
30721
30722
30725
30726
30727
30728
30736
30737
30738
30742
30748
30749
30750
30764
30767
30771
30781
30782
30794
30797
30806
30810
30811
30814
30818
30819
30820
30821
30831
30833
30838
30840
30845
30846
30848
30850
30855
30868
30869
30870
30871
30873
30874
30882
30883
30884
30889
30890
30891
30894
30898
30899
30901
30906
30907
30910
30912
30915
30916
30917
30918
30927
30928
30929
30930
30931
30932
30933
30934
30938
30945
30946
30947
30949
30953
30954
30955
30956
30957
30958
30966
30968
30969
30970
30973
30975
30982
30987
30989
30994
30995
30998
30999
31000
31002
31003
31004
31005
31006
31007
31008
31009
31010
31011
31012
31013
31014
31017
31034
31040
31042
31043
31048
31049
31050
31051
31052
31062
31068
31069
31074
31085
31086
31104
31106
31117
31120
31123
31124
31125
31129
31131
31133
31135
31137
31140
31146
31147
31153
31154
31156
31158
31167
31169
31170
31173
31178
31179
31181
31182
31183
31184
31185
31186
31190
31191
31193
31194
31199
31201
31202
31203
31204
31207
31209
31216
31220
31222
31226
31236
31240
31241
31244
31245
31246
31247
31248
31249
31250
31252
31259
31261
31262
31264
31265
31269
31270
31272
31280
31294
31295
31296
31298
31299
31300
31301
31302
31304
31305
31306
31307
31308
31309
31310
31312
31314
31315
31316
31318
31319
31320
31321
31322
31323
31324
31329
31330
31331
31333
31334
31336
31337
31338
31340
31344
31345
31349
31351
31352
31358
31363
31366
31367
31369
31374
31375
31379
31380
31381
31382
31384
31386
31387
31390
31391
31394
31395
31396
31402
31410
31411
31413
31418
31420
31423
31424
31425
31426
31427
31428
31429
31430
31431
31432
31433
31434
31436
31437
31438
31439
31440
31441
31446
31451
31454
31458
31459
31460
31461
31462
31463
31464
31465
31468
31470
31475
31477
31478
31479
31485
31486
31494
31497
31498
31500
31501
31502
31503
31505
31506
31507
31512
31513
31515
31516
31517
31518
31519
31526
31536
31542
31544
31548
31551
31555
31557
31559
31562
31563
31564
31565
31570
31579
31582
31583
31584
31585
31586
31587
31596
31598
31599
31600
31602
31605
31606
31612
31613
31614
31616
31617
31621
31627
31634
31642
31649
31652
31663
31665
31667
31673
31676
31678
31692
31693
31698
31704
31705
31706
31711
31716
31718
31719
31720
31721
31722
31730
31739
31742
31745
31747
31749
31751
31754
31763
31774
31777
31778
31793
31800
31804
31807
31808
31809
31810
31828
31829
31830
31832
31838
31839
31842
31847
31848
31851
31852
31853
31854
31857
31859
31864
31865
31866
31868
31869
31870
31871
31872
31873
31874
31877
31878
31879
31883
31884
31886
31887
31888
31889
31914
31915
31917
31918
31930
31931
31934
31940
31944
31948
31955
31956
31959
31963
31966
31967
31969
31989
31992
31993
31994
32006
32010
32037
32040
32041
32042
32043
32044
32045
32046
32047
32053
32059
32060
32063
32064
32077
32078
32088
32093
32098
32102
32103
32104
32105
32107
32112
32119
32123
32127
32145
32149
32150
32159
32175
32178
32181
32182
32185
32187
32188
32190
32195
32205
32234
32248
32258
32264
32267
32291
32306
32307
32314
32326
32331
32340
32345
32347
32348
32349
32350
32351
32352
32353
32357
32384
32388
32390
32402
32405
32408
32412
32417
32419
32442
32444
32446
32450
32451
32452
32454
32465
32469
32472
32473
32474
32475
32479
32489
32491
32492
32494
32507
32518
32525
32540
32542
32544
32546
32548
32570
32571
32581
32582
32583
32584
32585
32586
32588
32589
32590
32591
32593
32598
32599
32600
32603
32605
32606
32607
32608
32611
32612
32613
32614
32615
32616
32617
32620
32621
32623
32625
32626
32627
32628
32633
32636
32639
32640
32648
32654
32684
32703
32712
32713
32716
32717
32718
32719
32720
32722
32723
32728
32737
32738
32741
32749
32752
32757
32762
32763
32765
32766
32768
32770
32771
32772
32773
32775
32776
32777
32778
32779
32780
32784
32785
32786
32787
32788
32790
32791
32794
32795
32796
32798
32800
32801
32804
32806
32807
32809
32812
32814
32819
32820
32825
32829
32830
32831
32832
32833
32834
32836
32838
32839
32840
32842
32844
32846
32847
32849
32852
32854
32855
32856
32857
32858
32859
32860
32861
32863
32864
32865
32867
32868
32887
32888
32891
32895
32897
32898
32899
32900
32903
32905
32906
32910
32913
32914
32916
32917
32920
32921
32922
32923
32925
32927
32928
32929
32932
32933
32934
32938
32939
32940
32941
32942
32945
32946
32947
32948
32950
32951
32953
32954
32957
32961
32962
32963
32965
32966
32967
32969
32971
32972
32973
32974
32977
32979
32980
32982
32983
32985
32987
32988
32990
32991
32992
32993
32997
32998
32999
33000
33001
33002
33005
33006
33011
33013
33014
33018
33020
33023
33024
33025
33026
33027
33029
33030
33033
33034
33035
33039
33040
33041
33042
33044
33045
33047
33050
33052
33054
33057
33058
33059
33060
33064
33065
33074
33076
33077
33078
33079
33081
33082
33083
33085
33086
33087
33088
33089
33090
33091
33092
33094
33097
33098
33099
33100
33103
33104
33105
33106
33107
33108
33110
33111
33114
33115
33116
33117
33119
33120
33121
33122
33124
33125
33127
33130
33131
33133
33134
33135
33136
33137
33139
33142
33143
33144
33146
33147
33148
33149
33151
33152
33153
33155
33156
33157
33158
33161
33162
33164
33165
33169
33171
33173
33174
33175
33176
33177
33178
33179
33180
33181
33182
33184
33185
33186
33188
33192
33193
33194
33195
33196
33197
33198
33199
33200
33201
33202
33203
33204
33205
33207
33208
33209
33212
33213
33214
33217
33218
33219
33221
33223
33224
33225
33226
33227
33228
33229
33231
33234
33235
33239
33240
33241
33244
33245
33246
33247
33248
33249
33250
33251
33252
33253
33254
33259
33261
33262
33266
33267
33269
33272
33273
33274
33277
33278
33279
33283
33285
33290
33291
33292
33293
33295
33296
33298
33299
33300
33301
33302
33303
33305
33306
33307
33308
33309
33310
33311
33312
33316
33319
33321
33324
33325
33327
33328
33329
33331
33332
33333
33334
33335
33338
33339
33340
33342
33343
33344
33346
33347
33348
33349
33351
33353
33354
33357
33360
33362
33363
33365
33366
33369
33370
33371
33372
33376
33378
33380
33382
33383
33386
33388
33391
33395
33400
33402
33403
33405
33406
33407
33408
33409
33410
33411
33412
33414
33415
33416
33417
33418
33421
33422
33423
33424
33425
33426
33428
33429
33431
33432
33433
33436
33437
33438
33439
33440
33442
33444
33445
33447
33448
33450
33458
33459
33460
33461
33462
33468
33469
33473
33474
33479
33480
33482
33483
33485
33486
33487
33488
33489
33493
33495
33496
33500
33501
33502
33503
33504
33507
33508
33509
33510
33511
33513
33514
33516
33517
33519
33520
33524
33525
33526
33527
33528
33529
33530
33532
33533
33534
33535
33536
33538
33540
33542
33543
33545
33547
33551
33552
33560
33561
33562
33563
33565
33567
33569
33570
33571
33573
33574
33575
33576
33578
33580
33582
33583
33584
33585
33586
33587
33588
33589
33590
33591
33594
33598
33599
33602
33604
33605
33606
33609
33613
33614
33616
33618
33621
33622
33623
33624
33625
33626
33627
33628
33629
33630
33631
33633
33635
33639
33640
33641
33642
33643
33648
33650
33651
33652
33653
33654
33655
33656
33658
33659
33662
33664
33665
33667
33671
33672
33674
33675
33677
33678
33679
33682
33683
33684
33685
33688
33692
33693
33694
33699
33701
33703
33706
33707
33708
33712
33713
33727
33732
33741
33742
33743
33746
33747
33748
33749
33750
33752
33753
33754
33762
33764
33765
33772
33778
33785
33790
33792
33793
33794
33796
33797
33805
33807
33815
33823
33833
)


// ************************************************************************* //
