/*--------------------------------*- C++ -*----------------------------------*\
| =========                 |                                                 |
| \\      /  F ield         | OpenFOAM: The Open Source CFD Toolbox           |
|  \\    /   O peration     | Version:  v1906                                 |
|   \\  /    A nd           | Web:      www.OpenFOAM.com                      |
|    \\/     M anipulation  |                                                 |
\*---------------------------------------------------------------------------*/
FoamFile
{
    version     2.0;
    format      ascii;
    class       regIOobject;
    location    "constant/polyMesh";
    object      faceZones;
}
// * * * * * * * * * * * * * * * * * * * * * * * * * * * * * * * * * * * * * //

1
(
peak
{
    type faceZone;
faceLabels      List<label> 
350
(
468
750
1076
1079
1092
1153
1160
1162
1176
1185
1201
1219
1268
1272
1319
1337
1351
1359
1364
1372
1399
1472
1504
1539
1554
1658
1697
1771
1832
1872
1973
1974
2011
2012
2110
2172
2189
2307
2331
2362
2466
2528
2542
2659
2667
2721
2777
2855
2883
2887
2889
2891
2893
2916
2917
2919
2927
2948
2975
2983
2995
3022
3035
3039
3054
3058
3062
3065
3073
3080
3084
3094
3095
3097
3099
3100
3102
3103
3105
3111
3122
3129
3140
3143
3146
3147
3149
3170
3182
3359
3364
3365
3368
3371
3372
3379
3381
3382
3386
3398
3399
3405
3407
3410
3420
3425
3432
3439
3449
3470
3490
3544
3546
3550
3552
3553
3557
3564
3584
3612
3616
3619
3621
3640
3641
3643
3662
3667
3712
3715
3717
3727
3735
3772
3782
3784
3792
3795
3807
3810
3830
3837
3848
3880
3942
3960
3979
3986
4032
4041
4051
4065
4084
4097
4098
4122
4129
4132
4133
4135
4143
4148
4152
4155
4164
4170
4176
4181
4182
4185
4195
4239
4258
4306
4310
4324
4327
4328
4329
4344
4356
4363
4556
4681
4707
4751
4780
4794
4822
4865
4873
4893
4956
4963
4996
5010
5051
5060
5086
5090
5094
5250
5354
5471
5515
5545
5548
5578
5579
5620
5655
5693
5694
5834
5841
5861
5900
5909
5923
6150
6174
6179
6213
6282
6287
6289
6300
6321
6332
6365
6369
6373
6376
6380
6384
6385
6391
6395
6396
6401
6402
6407
6413
6415
6416
6418
6419
6420
6421
6426
6427
6429
6435
6441
6443
6444
6446
6448
6449
6452
6456
6458
6459
6462
6463
6465
6482
6494
6506
6508
6539
6581
6587
6588
6639
6640
6641
6656
6657
6658
6660
6661
6662
6666
6668
6669
6670
6685
6705
6729
6730
6731
6766
6774
6775
6777
6778
6829
6853
6854
6867
6868
6874
6913
6927
6928
6963
6993
6994
6995
6996
7039
7043
7045
7053
7069
7076
7112
7124
7144
7149
7177
7190
7191
7222
7225
7245
7258
7269
7271
7272
7274
7275
7276
7277
7278
7285
7288
7289
7293
7322
7331
16612
16619
16640
16643
16646
16650
16654
16770
)
;
flipMap         List<bool> 
350
(
0
0
0
0
0
0
0
0
0
0
0
0
0
0
0
0
0
0
0
0
0
0
0
0
0
0
0
0
0
0
0
0
0
0
0
0
0
0
0
0
0
0
0
0
0
0
0
0
0
0
0
0
0
0
0
0
0
0
0
0
0
0
0
0
0
0
0
0
0
0
0
0
0
0
0
0
0
0
0
0
0
0
0
0
0
0
0
0
0
0
0
0
0
0
0
0
0
0
0
0
0
0
0
0
0
0
0
0
0
0
0
0
0
0
0
0
0
0
0
0
0
0
0
0
0
0
0
0
0
0
0
0
0
0
0
0
0
0
0
0
0
0
0
0
0
0
0
0
0
0
0
0
0
0
0
0
0
0
0
0
0
0
0
0
0
0
0
0
0
0
0
0
0
0
0
0
0
0
0
0
0
0
0
0
0
0
0
0
0
0
0
0
0
0
0
0
0
0
0
0
0
0
0
0
0
0
0
0
0
0
0
0
0
0
0
0
0
0
0
0
0
0
0
0
0
0
0
0
0
0
0
0
0
0
0
0
0
0
0
0
0
0
0
0
0
0
0
0
0
0
0
0
0
0
0
0
0
0
0
0
0
0
0
0
0
0
0
0
0
0
0
0
0
0
0
0
0
0
0
0
0
0
0
0
0
0
0
0
0
0
0
0
0
0
0
0
0
0
0
0
0
0
0
0
0
0
0
0
0
0
0
0
0
0
0
0
0
0
0
0
0
0
0
0
0
0
0
0
0
0
0
0
0
0
0
0
0
0
0
0
0
0
1
0
1
1
1
0
1
0
)
;
}
)

// ************************************************************************* //
