/*--------------------------------*- C++ -*----------------------------------*\
| =========                 |                                                 |
| \\      /  F ield         | OpenFOAM: The Open Source CFD Toolbox           |
|  \\    /   O peration     | Version:  v1906                                 |
|   \\  /    A nd           | Web:      www.OpenFOAM.com                      |
|    \\/     M anipulation  |                                                 |
\*---------------------------------------------------------------------------*/
FoamFile
{
    version     2.0;
    format      ascii;
    class       labelList;
    note        "nPoints:1771  nCells:8465  nFaces:17538  nInternalFaces:16322";
    location    "constant/polyMesh";
    object      neighbour;
}
// * * * * * * * * * * * * * * * * * * * * * * * * * * * * * * * * * * * * * //


16322
(
1299
6105
6964
7821
117
2203
4837
6030
2221
2226
2251
2862
493
1028
1169
2920
1277
2866
3332
4312
2413
3108
3897
5635
2894
2896
3448
7411
4210
5017
7250
8130
605
1016
1553
8331
10
3485
4510
7796
1187
4657
6538
2697
4647
5449
6740
4365
4717
5973
6026
3049
4028
6455
452
3455
6172
8004
16
54
3487
4967
1454
5140
6805
805
3128
3815
8395
587
4022
4724
4850
1460
3352
6127
325
4984
7960
7962
3970
4151
4868
5944
138
4056
4954
5852
2359
4113
4303
6804
2298
2422
4970
7784
2360
2790
4437
7711
511
3227
4303
6440
905
1869
4416
4628
2699
4890
5103
7909
1160
5026
3930
4425
4497
6541
40
2792
5996
7596
1772
3036
4469
5144
2225
3280
8420
270
2229
560
3747
7160
7581
1351
3026
6832
7919
2584
3280
3341
2209
3969
693
8328
8436
5921
7804
7822
1832
5437
6250
7225
1654
3548
4632
7157
321
6034
128
4014
4794
97
1317
3277
6070
3612
6029
8380
8396
111
2038
2523
6025
1724
2810
3212
1891
3846
6017
8421
3177
4161
5958
539
1132
2427
6521
1512
3249
3596
6646
1473
2464
3983
4291
3490
3610
6805
4820
5020
5089
5832
1502
4025
4894
7579
547
5503
6848
8302
992
3823
6149
8403
1340
2021
4272
6399
435
3022
4227
6547
3463
6110
6115
7692
2621
5912
5963
8228
1529
2019
2134
5116
2720
3331
4657
7794
724
4399
4490
5113
1766
4446
5247
7537
173
683
3831
4564
2966
5128
6014
8051
296
5458
6660
7630
3333
4028
4044
6455
1771
1882
5474
7214
5378
5379
6581
6713
2531
3136
3522
7964
766
1080
5763
5783
283
1725
3324
5911
609
2358
5430
6448
902
2649
7061
7179
2982
3525
3896
7712
824
6037
388
658
2360
5423
2000
5076
5077
8050
93
3980
3784
6436
7705
7706
3396
4654
5044
7885
1371
2000
5077
7517
3439
4414
5232
6488
439
517
2704
4223
1267
4180
4236
8153
1997
2180
4011
5690
3742
4322
4724
880
3253
4972
5970
1181
1268
4019
4044
124
2309
4899
4901
2070
2221
2419
3001
3350
4053
610
998
3942
4126
4135
6196
8458
2196
7271
7420
7598
742
2978
3307
8182
587
4022
4821
1697
3213
5972
6348
2298
2326
2448
3003
3959
3960
5927
7935
3530
4093
7204
7913
2346
5176
3229
3230
4784
5974
1787
2853
5107
7413
1321
2222
6105
6965
2205
3473
4848
6092
2759
4390
7090
2029
6967
7206
7242
162
2418
491
5109
7238
7920
136
3074
5111
8174
2353
3109
5001
6089
151
4938
5694
604
2302
6014
6572
2330
2335
3272
7117
559
1444
3790
5389
3769
5277
5490
6869
275
4281
6082
7647
750
1065
1815
5405
4956
2420
2421
6263
6272
755
4583
5038
6340
530
1892
2191
2547
2225
3941
4003
1097
5983
6358
8423
7958
7959
3939
4209
5918
6323
410
2295
3476
4831
2730
4112
4191
5755
1517
2395
3327
5137
1230
6272
6420
7115
229
2537
4227
894
1583
7968
7989
6108
6986
7688
385
1918
2943
5005
3283
4957
2532
3384
4172
144
156
380
4305
1746
1854
5241
5838
148
2765
4323
339
3857
5978
7669
2527
3237
6383
7768
839
5203
6249
6906
156
513
7807
1979
3342
4428
5986
1505
4429
6360
6847
1116
7601
4060
6263
6420
7631
178
998
2251
5690
1346
1353
7141
7985
474
1165
3201
7683
5143
6685
1581
6213
6215
7131
5608
7752
2402
5401
5499
6307
675
4945
7877
1910
3156
3519
8000
7850
1569
1758
5753
7213
617
3414
4117
5806
3062
5036
5335
6573
1484
2381
2663
7838
1132
2231
2861
3280
5683
7665
592
2733
2759
6025
1380
2020
5008
8323
1607
4733
7348
7468
425
1638
4914
6773
3494
5431
7713
306
2282
7741
8454
4654
5053
6201
7924
2772
7785
8213
589
3099
3968
7480
4011
5942
1323
6449
7083
7179
3100
5373
8041
8303
3493
4573
6605
7711
1587
1643
3565
7480
673
2426
3484
8078
409
682
5898
2365
7882
7925
7966
1174
2300
2520
7685
1714
5227
7993
8399
2297
3511
6004
7697
2588
6521
7031
2397
5435
1107
1298
1644
1991
4507
5148
5366
6616
3681
7812
8155
197
3479
5272
7842
769
3673
3685
6927
1443
4661
4789
8032
1283
4108
7405
2750
5189
5993
6498
1540
2771
3674
6885
2450
5218
7077
8046
3374
4186
6115
6183
1456
6454
7952
7985
1871
2684
4464
4612
1665
3719
5288
7586
1149
2816
5719
7120
963
6154
6816
8402
1503
1835
2602
4927
2518
5514
1425
4025
4894
7726
308
2124
5524
7210
1799
3503
4805
5866
2357
4048
6439
8157
1254
3127
1151
1937
3245
5547
445
1361
2535
4299
1362
4082
5231
6483
756
1696
4259
6178
5665
6100
6119
7849
234
4055
529
1123
4038
4230
2586
2765
4471
7807
2940
3714
4618
6571
4766
4834
7553
985
2848
3036
5648
2395
3680
5138
6617
1316
3989
5685
7877
5776
7052
7190
7828
568
3938
7730
7998
3074
3503
4806
1244
3464
6166
8460
776
1707
6477
7000
552
4644
5655
8415
1946
4110
5067
7699
1248
1329
2082
581
742
1773
7864
2554
5365
6074
6425
6372
7006
7057
7066
3076
4054
7922
3506
6366
6682
7687
1272
4665
6147
7751
4236
4924
7859
7991
528
4073
4085
7809
4440
5960
6357
8032
587
1139
2206
4326
1644
3752
6095
6457
3923
5039
7280
7429
1399
2673
2706
6303
1243
3287
4835
5989
2750
3506
6366
6694
3628
4521
7981
8275
918
1631
1868
5207
434
6555
8207
8208
1605
4244
7436
8178
307
2376
2524
6047
2620
5401
8305
8306
3211
4649
5907
7402
2399
2692
3190
5991
1320
2543
2836
2977
2287
5908
6099
6537
2257
4130
7396
7399
3214
5940
7030
1125
2243
3333
4151
1179
1657
3339
7844
2410
4284
6372
7003
4231
4283
5179
7986
1308
5754
6184
7854
1337
4680
4963
5925
3334
4678
6212
7897
3062
3816
6373
6400
3241
4659
1232
3245
6011
6279
1360
3255
7282
7921
289
3294
4973
5325
1167
1491
3622
4324
2292
4883
2470
3523
4217
5130
507
1398
4099
6053
2656
2658
3010
3538
1778
5542
5986
7154
1548
3798
5846
8410
905
1359
1125
2011
2814
8017
3210
7656
7657
2652
6194
6763
7574
2373
2419
7389
7690
1288
1302
3892
7971
2435
3373
4980
5696
6201
7437
7926
8111
2054
2457
5671
522
2497
3418
7757
882
4254
4256
5751
480
533
3083
5099
1653
3735
4487
4596
745
5075
5182
7524
4314
4482
4915
6920
1811
2262
5842
418
2966
6673
6766
4238
6337
2503
3372
5998
1154
4192
7015
7125
4207
4222
5044
7882
1128
2229
2543
2794
5899
754
1283
1645
2222
511
1338
1738
2674
1137
2537
4806
3304
3381
5876
3866
4174
4962
879
3315
5768
7095
706
1376
4243
4910
2306
2678
5873
6421
2472
5798
5922
7076
1477
2078
5120
7750
1054
1448
1525
2476
876
1986
2318
7365
799
948
956
2329
806
1745
1943
1955
1973
2128
2293
2323
866
2152
2323
4635
2521
2636
4915
6171
4971
5606
7684
326
1464
2142
2143
796
943
1395
1945
3469
4984
3469
5814
7961
978
1197
2141
363
2004
2175
5710
1214
1941
2060
2334
3158
3419
4885
7378
2559
2822
3884
4730
793
956
978
7450
403
1432
6114
7611
2488
3384
7939
2012
2471
3388
4255
2267
5214
7824
7843
437
1543
3465
4675
1051
1381
761
3839
4446
8426
4039
4212
4228
1272
4671
7280
7754
4109
4110
4958
899
6339
7827
7942
724
5264
5381
7214
525
2350
6321
8180
573
1297
1672
4613
763
1142
3118
4171
1514
5515
7020
7475
3229
3679
4498
7812
354
6829
6873
6876
2527
6046
6381
6383
1021
2208
3219
2206
2342
3991
7035
1307
3102
7315
8093
1862
4277
6997
1702
3427
5732
6583
1715
5861
5967
6418
2977
3831
4357
6545
872
1110
1619
1945
2003
2566
5965
7709
1211
4404
6198
6891
958
1151
3428
4056
4320
4858
6093
8453
1258
3070
7195
2611
4401
4904
6454
2379
5022
5088
7649
1088
1965
2325
3953
2435
4086
4672
4935
966
1292
1916
4648
1436
3151
4656
7391
1013
3122
4241
8397
2723
3544
3894
5382
2023
2901
3707
7094
509
3818
5587
8264
3684
5083
7222
8363
1562
4404
6640
6882
3555
5081
6001
8166
3292
4247
6046
6381
571
633
1002
2167
2710
6717
6903
5949
6620
8023
1280
1554
2357
3679
711
782
985
3785
1016
1168
6348
6692
1335
2706
7887
8106
6322
7442
8432
1805
2834
4625
6789
1776
1866
4531
5577
5153
6382
7711
2390
2555
6767
6770
4458
5270
6776
8030
636
1624
1632
3146
5525
5545
5549
8052
889
6679
7078
8239
3958
4803
7045
7351
3368
3375
6176
7906
6393
6978
7113
7740
2637
3531
7183
8136
953
4697
4884
6222
1385
5537
7184
1436
3005
3399
2057
6150
6170
7690
911
3112
3144
1035
4931
7109
1413
7300
7317
1528
2791
3026
7081
2366
3940
4176
6042
1270
2076
2990
7186
3092
6057
7033
7572
5032
5146
7848
3287
4921
8437
4311
4443
6602
6612
561
2203
2803
3944
7797
8170
8422
8423
1454
2358
4865
5430
3041
6539
6540
571
1274
1287
3771
1427
2239
7677
8270
5529
6834
7616
1002
1264
1274
1957
1441
2030
2033
8308
2295
3092
3240
8462
689
5366
6383
8034
2099
3922
5573
7828
477
3257
5271
5364
6450
1785
4123
4566
5151
1170
1341
1754
1916
1269
3620
4864
7794
1211
1741
6968
8145
2619
3078
3987
6984
2227
3244
592
2441
5178
6362
539
2774
3183
1743
5384
7084
2646
3498
7710
4587
4599
4606
5403
2515
4684
8044
1461
1529
2639
5892
4375
6492
6877
935
1557
1880
2938
3871
4153
8001
8005
3422
4191
5069
5325
1916
2016
2219
2347
3513
4949
5918
6326
983
7158
8006
1245
1612
4167
2229
7382
2162
2969
3110
8151
1365
5814
6232
7009
1039
1395
5527
5733
1474
2459
3875
7365
1153
3514
5098
2711
3654
5066
7163
3427
4369
5732
8285
2054
2457
4932
6257
1683
4479
4524
5792
2387
2606
5033
6432
1314
4681
7986
7989
596
823
1940
1948
624
1678
3064
4384
2633
3500
6885
8134
3100
5447
5688
6795
1465
6286
6478
8100
1178
4034
4036
5382
1870
4745
5626
7446
2644
4288
5135
6428
4350
6286
6290
8067
3567
4485
6593
7064
1728
5155
7916
8070
1440
2846
3637
6643
1807
5393
5403
7500
2367
2821
6217
8154
1793
3687
6464
8274
6028
7603
7682
2942
6297
8432
3590
4331
6467
6528
7824
578
2358
4433
4438
662
1692
1808
5342
1203
3006
3872
1566
3419
4964
7180
4152
5298
6131
6137
630
6950
7188
7274
1229
1830
3581
7408
3465
7190
7295
7302
716
3791
3803
5108
2601
2760
4390
4393
1042
1597
5805
6715
2454
3890
5223
7241
2637
5255
7305
7912
3694
6765
6854
3121
6908
6910
8430
5147
6015
6373
3637
6552
7202
8069
1143
5624
6365
8450
708
1604
2672
5493
3370
3688
4309
7782
1750
7204
7582
8208
1717
2582
3098
6019
945
1203
1219
1423
2459
2505
3562
4742
3079
3117
5220
6068
5315
6922
6927
6956
3128
3948
6159
7229
506
942
1990
2052
1037
1326
1974
4147
5798
5923
1716
5841
6688
7562
3204
6794
7557
1493
4329
6633
7486
1115
5104
1694
5143
8221
8247
3296
3670
3744
771
935
5509
7863
567
2044
2895
3087
2666
6459
6733
8068
4407
6492
7290
1390
2452
4675
7295
738
4593
6312
8395
4870
5142
6425
8070
1723
6894
4174
5524
5615
1509
3584
5306
7568
2878
3119
3446
8142
2475
6868
7053
3800
5660
7636
8214
2434
5226
5522
5713
1160
4987
5026
1108
4103
7649
1598
2634
3146
3486
3748
3749
6095
533
535
807
1219
1203
2212
830
2034
2241
7330
840
3457
4719
610
2860
6070
6745
1774
3793
6228
6241
821
2726
4393
7552
1113
6680
1300
3496
4427
5954
1721
2820
5945
8211
2795
5654
5901
6916
680
4766
4834
5159
619
5445
6710
7592
817
862
2753
2992
1294
1979
3496
6578
8301
3171
3475
4013
7314
2820
6248
7554
8071
4006
5269
5544
8250
2839
3786
5565
6809
787
819
6542
3587
4991
5320
6210
1781
6659
7917
8071
1428
1477
5010
7858
1757
3028
6570
7480
3153
6938
7707
8097
1757
3032
4399
7207
1426
1696
4553
1639
2461
6433
3472
3477
4327
1469
4079
4372
5169
5148
6616
7778
8025
1195
2344
6364
7453
1305
4673
5019
7791
867
2092
923
3085
5035
1452
4333
7089
1719
5797
7046
8059
2163
3932
4579
5495
629
1947
1549
3186
5736
6140
763
1043
1968
4581
5047
6911
1311
3074
4243
6166
698
5282
5663
5677
2088
5642
5770
6756
1454
2283
5274
4914
5314
5351
7889
637
3421
6161
6739
2558
3038
6062
8120
3929
4497
4562
6094
4122
5213
6351
7581
4908
4925
4940
5872
1442
2751
5861
7708
3742
4441
6303
6367
6587
624
3565
8177
699
1717
4484
6919
674
1950
2215
3182
1407
1746
1562
3638
7494
8193
3760
3766
5283
6608
1520
5588
7546
8255
701
816
6519
1486
1806
4392
5084
650
768
3762
5616
2970
5519
8356
8416
2696
4098
7389
7956
2438
3426
6279
7859
3678
4504
6659
6661
2303
2371
3105
5999
4605
5335
7616
2393
3966
7604
4481
4877
4079
4364
4986
5270
730
4861
6928
7517
3631
4436
6523
2588
5942
3490
3504
4967
5424
4959
6096
7575
8295
2449
2730
6050
8087
3657
4517
6664
6665
1878
2958
4747
4780
1784
1854
3685
5241
5808
6333
7013
5558
6828
6830
7140
625
5324
6711
1399
5294
7120
7485
2978
3042
5739
8369
760
1826
3530
6699
2434
5851
8410
8438
3132
4523
5450
5452
8118
925
1634
1885
4609
825
4739
4741
5502
1597
2445
3021
5375
708
1604
2144
1288
1868
6953
1825
5354
6727
7462
767
787
1080
7557
708
2232
2325
763
1043
2754
5498
1456
5905
8028
8195
1941
2634
4635
2282
4840
6107
1375
2940
3108
7972
2899
3737
6394
7455
2843
5442
6737
6947
5307
5342
5415
6718
3061
5419
5482
6124
5080
7895
8101
8138
770
965
1866
2909
1545
3020
3146
7973
1875
2289
2890
6717
685
3208
4327
7309
788
1013
1138
1192
3227
5310
7706
7812
2714
3559
4576
1175
1244
3394
5886
2295
4831
4844
8462
694
4538
5247
6726
5083
5185
6567
7520
2665
4356
4690
6352
891
3717
2952
3087
5021
6775
2595
3491
5141
2523
5188
5838
6779
1293
4854
7082
5171
5353
6193
6771
688
4448
6481
3715
6966
7390
7409
3927
6295
6795
8041
2690
2849
4453
5486
774
1226
6185
8236
3761
3766
4571
6177
3243
4059
7299
2838
6673
6831
6834
1874
3061
6787
8446
2600
3673
4591
6956
1992
3840
4721
6780
2287
2863
3486
732
1208
1995
4096
5684
5687
1231
1451
6427
6451
1735
1777
4480
5817
3044
4791
5032
909
2047
6708
7629
2252
3309
1661
2913
8241
8255
1156
1236
2796
4126
2738
7086
7676
8280
3279
3281
3969
5909
7593
820
4049
7706
8408
1853
5280
5730
3709
6079
6498
852
960
1959
2336
1004
1310
3014
7470
1369
1704
5228
6164
4834
1766
2653
6652
973
1055
2101
2139
753
1011
1722
1923
2518
6524
2889
4638
7145
993
5317
8281
1156
2200
5757
1163
1677
1948
1235
2675
7116
8110
1406
5613
6074
6294
810
4584
5499
8305
2942
6301
6347
4986
6216
7952
2047
3785
3904
8291
1611
2899
4496
4706
5436
4061
4137
7258
7694
4394
4505
6643
2739
3042
4447
6653
910
2784
3739
6814
2339
4954
7114
2874
4545
6669
7226
743
5589
8374
738
3793
3846
6312
3027
3035
6809
8069
3699
3932
5597
6787
5520
6866
1708
1777
2884
4315
4262
4926
6254
7944
1755
1814
4710
8259
3170
7212
2704
6478
6485
8100
2828
7373
7376
8359
3443
7237
7262
8044
729
1995
2214
2322
862
865
3141
2000
2639
5206
3305
6071
1142
1967
8123
798
1498
2177
2304
1818
4629
7108
8245
1065
5662
6185
6189
2396
2545
6354
7658
739
3734
5336
7168
1774
4852
3803
3816
8374
1815
5659
5661
5738
2397
3329
4049
5742
1834
3330
3899
6017
8421
1453
2289
6717
8450
1414
5118
5926
1626
4830
6490
8144
2682
8265
8359
8384
1651
3949
4757
8381
2772
6113
2161
8118
8293
890
1870
2505
3102
770
2773
2909
5582
1801
1884
6718
1134
6880
6881
1656
4634
5507
2560
3632
6452
6800
7722
7745
8298
1207
1740
4428
5601
2809
5340
5341
6790
1044
2104
4035
2620
5247
5401
1763
1890
2921
6403
3566
780
2886
6893
8362
823
2679
5705
6519
767
1079
3649
6542
6794
2037
3761
4551
1500
4476
7257
3804
5574
2979
3087
5037
2716
4539
4842
6821
6068
6529
6930
7169
1065
2827
5486
1728
2283
2556
4433
4483
4486
6473
3237
3268
3430
7768
3482
7640
3802
5491
5655
5821
5494
8361
8410
923
1900
5035
6914
4505
5647
6283
3322
4785
7040
7658
2034
2816
6681
7327
1066
1877
2982
5234
5346
5655
5666
7373
4779
5766
1257
1611
5493
2420
2645
3426
3924
2980
3582
3656
6349
933
3855
4091
4220
4226
4674
7976
799
1104
798
845
1498
1976
1755
4710
7508
7510
846
1907
3153
1962
2107
2192
4715
1678
3064
841
3994
1860
1992
6129
6780
1288
2451
3892
6067
3072
3117
4689
5826
979
1010
1039
3563
861
1975
1989
2063
3834
4537
5485
807
2455
7363
2212
2479
1210
1511
2023
2030
811
862
2214
3603
6228
817
2128
2250
1875
4610
2916
5456
7635
7664
6890
6898
2591
6639
7639
8016
826
863
2062
1131
5827
1168
1697
2194
8014
3832
5538
5766
2397
5310
7865
1218
3686
4390
1228
3412
7013
7876
864
1258
843
3741
3950
5824
5825
1070
1851
4414
1644
1724
2719
6541
829
842
1901
7322
1072
1194
3745
6681
6689
883
1068
1356
7104
1938
1975
3220
1674
5840
6362
6770
1525
5780
6954
7189
3253
3348
4972
3652
4538
5087
5399
2869
6026
6193
6592
1227
1245
2352
7368
1349
2134
4272
1086
1215
1956
860
1233
1194
1197
2143
1609
7311
7477
878
1972
2258
2321
971
1970
4768
1395
1513
2006
2433
2662
3353
6013
864
1007
1999
2005
2068
2091
2210
8183
1276
1287
2152
6936
853
2201
2276
3949
961
1241
3823
1241
1262
2073
877
1177
1651
2245
1043
1214
1964
2187
1287
2152
2334
3247
1282
2093
2293
6513
860
1233
1873
2317
861
954
1438
2137
884
7303
1051
1938
2993
1940
4380
7191
2210
2679
995
2188
7392
1142
1941
2334
1859
1985
4726
1091
1513
2006
2112
957
2076
2106
1782
1957
2068
5795
1013
1192
1987
940
943
946
1010
1202
1849
2332
4177
4680
5926
6466
973
1059
1124
3534
1748
1955
3922
1172
1936
5561
1576
1952
2254
4686
5969
6970
4040
4815
5978
953
1958
1191
1988
4097
2508
5016
8300
1423
1767
2329
1669
1931
2318
2459
1998
6126
6136
7746
1009
1228
2492
5057
1172
2201
2245
5502
904
2782
3601
1307
1471
8047
3159
3953
4377
3570
4213
7073
7077
2402
5499
5534
1414
5922
6343
5802
5803
7171
7880
1710
3573
7384
8184
2038
6025
6474
6589
1392
4089
6034
7956
3523
5122
5131
4558
4577
5660
8313
2998
4142
4881
7456
3626
4203
8086
2122
4336
5095
7998
3641
6677
6679
3848
7201
1463
4193
5798
5924
2031
3441
7227
7970
3197
3691
6859
7623
2786
4712
7111
2789
3785
6308
5864
7387
1584
2031
3441
5621
1004
3013
4366
5526
1631
1759
3416
4869
5238
6638
6705
8191
5382
7832
7971
8262
3185
3590
3884
7246
1418
5209
7061
921
6975
7246
8201
3597
3682
5854
6415
2823
5246
7268
1602
5818
5820
6785
987
7871
3200
4608
6722
6815
2736
4123
7723
1695
4471
7519
8247
5577
5595
8258
8378
2546
3732
5470
6307
3797
3926
6859
8254
2897
5346
6138
7377
1804
2975
3908
6244
2966
6014
6292
7616
1906
3550
1801
2960
2975
4639
3160
5038
4071
4784
7040
8011
3137
3143
3522
7976
940
941
2067
3058
2211
6848
7549
7566
3579
4344
943
1851
5232
2051
2061
6044
5233
2178
2538
5854
8104
969
2137
4195
1110
3080
6246
1977
1978
2198
6394
1058
6392
7533
4280
5227
7055
7993
2055
5806
953
2106
4698
6222
1000
1984
955
1003
1960
5831
957
2991
1155
1899
6243
3300
3976
3977
965
1653
1664
2336
1651
2080
4757
1912
1959
2146
1958
4878
1642
1664
1981
966
986
1987
3585
1164
1981
967
1859
986
1754
7871
2354
4086
4935
7877
1438
1873
2317
1013
1965
3159
1210
1976
1978
3178
1005
2228
2277
3286
7767
3275
4009
7598
2343
3944
4015
4825
2946
7324
8223
8405
2100
2333
1084
3113
6460
2026
3519
6192
8000
3377
3886
6924
8046
3536
3588
3882
5181
1372
4803
7619
1241
3774
3823
6574
4714
8370
1192
1257
2895
7870
7872
3989
5714
6130
4150
4943
4946
7702
1246
3397
5791
7747
3982
5679
5843
7094
1842
2933
6574
2884
6693
7580
2744
3125
3238
4171
3141
6757
8178
1042
1671
5786
7525
3549
4269
7804
8252
2226
3263
2251
3266
7640
1971
2313
3730
1003
1434
1700
2049
1234
5295
2063
5832
2006
5527
1054
1969
2513
1032
1188
1297
2291
1131
2250
8126
2667
4188
5935
7099
1365
1585
5089
3915
6460
6209
6224
7509
1819
2799
4051
5985
1024
1031
1162
6626
2196
3914
4824
1165
3215
1021
3278
4024
6031
3967
7511
7514
8270
4301
7656
8011
1128
4939
7601
7602
1152
1164
1415
1902
1912
1304
1949
2041
2191
1025
2260
2742
1032
1952
2032
1051
1989
3870
6175
1885
4637
8182
8367
1892
3774
6015
1758
4521
4716
7981
1887
2689
3852
4453
1952
2248
8095
2064
3179
1541
3081
4141
6131
2360
2602
3371
4437
5014
5020
7009
4239
4958
6004
8304
7275
3107
5848
1838
6401
1952
1972
2064
3029
2932
2935
4617
7443
7527
7528
3205
5023
5750
6703
2179
4520
6577
8095
3067
3722
4716
5333
2899
5385
7445
8309
1429
4263
4291
6396
1086
3873
4718
5857
2078
2465
4220
6234
5777
4216
4699
7882
7883
2135
3961
4293
4746
1059
2670
1849
1954
3915
1201
1623
1849
1954
3112
3606
4744
8038
2017
3994
6398
1525
2290
3055
3825
8401
8445
1169
1641
1912
2741
1705
3096
3713
3801
2133
5073
7618
7988
3516
4454
5285
8124
6862
3119
5221
7196
4878
6204
7927
8111
5809
6223
6238
3148
3390
7151
1163
1310
1907
1082
1485
1628
1939
1206
1852
4271
1094
1213
1561
1930
3871
5880
5932
8004
1078
1499
2107
8290
2048
3154
4240
7255
1936
2272
2278
6139
1162
1239
8287
5763
6180
8236
5134
5756
2108
2729
6038
6298
1088
1930
2127
1604
1896
2144
6910
1433
5733
5889
4150
4947
5687
8350
4719
5856
1267
1714
2438
3851
1213
2301
1216
1513
1615
3435
2174
4396
4643
6895
1628
2220
5526
1324
5009
6169
7248
1645
5551
5603
5650
1264
1782
5201
2590
3171
3913
3049
3244
7314
3613
7673
8396
1130
2284
3279
3478
5940
7641
1157
2279
2812
4021
2795
2796
6196
8342
1109
7519
7811
1133
2621
3218
7767
2333
8040
2586
7806
1158
2718
3748
7575
1136
2285
8014
2379
4381
5762
3089
3229
2066
2332
1214
2060
2144
2190
2071
2377
3340
3612
2226
3942
4798
1130
5310
7749
8247
3088
7382
7602
5956
5983
6639
8016
4798
4826
5692
4326
4822
8463
4030
4423
6546
7823
2441
5995
6024
7483
2732
5112
7431
8202
2299
4068
4816
1849
2290
2619
2813
5944
4321
4434
6376
6635
4509
5875
5876
6479
3943
1556
4795
7308
7675
7417
2324
2694
5943
8420
2627
4899
1726
5603
1650
1739
2846
8072
1490
3753
4426
3464
5453
7259
1965
2232
4780
3614
7035
7672
1161
1163
1677
8062
2294
4810
5912
7771
1961
4627
2242
3171
4001
1332
2309
7122
7434
3381
4440
6356
6357
1195
4328
4858
7761
1424
1505
1508
4510
1701
4190
5291
3236
3242
4506
8167
3710
5852
2230
4024
6032
1526
5932
6187
3405
5290
7115
1669
2141
6392
5032
1765
5145
5146
3749
1401
2201
2331
6910
2320
4168
1199
2053
2112
2177
2260
1199
1959
6261
1427
4836
2530
4953
4700
6009
7814
1698
2285
2949
3823
1172
2347
4740
1430
1565
3161
7940
1341
8456
2292
2337
6010
1386
5762
7119
2484
4356
6886
7070
1936
2085
2934
3906
4528
7983
1458
4211
2252
2343
4829
2814
4020
2081
2272
3810
3934
1501
1902
1983
2090
2546
2630
5483
8181
4959
8296
1338
4324
6009
6075
4130
5759
5956
1410
1678
2304
1260
1611
2331
6117
1250
3343
5961
3418
4254
4671
1841
2310
2316
4708
5373
2111
4743
3508
7728
1212
3312
3489
4802
2333
4121
2997
6000
7667
1310
7470
2061
2076
2106
7937
1202
1216
4749
1838
1945
1767
2428
2585
4828
4937
1489
4417
4125
4431
5672
2215
2351
3965
2589
4070
7733
7764
2198
2511
6171
7802
4026
1234
4330
2754
1219
1960
3424
1838
2164
2474
2674
6441
7705
4052
4389
5318
7531
3663
4323
4892
8023
5315
5598
6850
7738
4754
5313
6158
7788
4913
6254
8398
7311
7471
7473
7477
4501
4606
6277
6768
2690
3770
6186
4167
6206
7902
4337
5604
3119
3898
4683
2306
4175
7888
1791
2804
6425
2520
3207
6010
4781
1264
2325
4961
6386
7737
2218
7645
8299
1502
2295
7560
7579
2105
3236
6069
8423
2107
2177
3065
2395
2469
3327
5421
2276
1715
2306
2526
3499
2294
3310
8322
4228
7838
2320
4158
1447
4941
5697
2009
4941
5980
7747
6126
3267
5428
6880
8280
1295
2524
7263
3408
3460
5017
5052
1343
3350
4053
4764
7665
8461
2388
3126
3347
1282
1999
2093
6530
4975
4987
1260
3593
1940
2004
2509
3856
5816
6237
1401
1754
1327
4096
4120
2187
2190
2900
2219
2313
2430
8358
4367
3046
4849
4850
1491
2361
2864
6355
5124
7613
4020
5900
1443
2233
8162
1990
3402
7976
2337
2389
7685
4186
7283
2983
2990
7967
1951
3142
3140
3399
3522
4713
1282
1951
3116
3484
3486
3617
5128
6766
6888
8244
3756
3830
5151
7720
3041
4424
8157
2401
2943
4267
5066
2091
1319
2259
2835
3025
6288
7537
2983
4172
5830
7967
1654
2572
3548
3553
1947
8075
1466
6304
7130
7985
1311
3395
4910
6534
3857
4038
4068
5453
1859
1971
2016
7897
1522
3235
3304
3235
3304
5961
3379
3946
4072
6047
1410
1968
1724
4563
6748
3474
7405
7841
2069
5950
6356
4434
5836
5844
6378
1868
2651
5208
2603
4842
5544
8458
1410
1678
2315
1457
3869
7881
1309
4989
5698
5700
3521
7448
5578
5747
1331
3001
4672
2006
5111
8460
2733
4387
6611
8021
1323
5211
7061
8074
3466
4199
4694
2478
3140
3520
6172
2057
4149
4182
2234
2261
5955
2716
4539
5901
6196
3195
3479
6880
1795
1837
2400
5533
2330
6306
7117
8031
7163
8263
2458
4182
6146
2009
7177
7746
1990
3993
1330
1850
3407
3442
2489
3993
1475
6406
6906
2435
3350
5700
2340
3282
7463
4099
4191
5069
7847
4362
4863
5314
6557
3380
4442
7019
4156
4973
5012
7697
2381
4882
7294
1521
7744
1537
4896
6379
7770
1850
2460
6906
1401
5847
2001
4292
5062
5063
2077
4169
6184
1465
2264
4115
5920
1445
4345
6980
7008
5884
7952
8088
3959
4163
4263
7532
2129
2667
4655
7101
2948
5617
6215
1374
1405
3255
6184
2661
7837
8276
1366
1400
4681
7986
2367
5884
7294
1428
2510
6110
7170
3255
3374
4942
7252
1383
2056
5060
2572
6917
8073
8074
4808
4861
6926
7241
4405
1405
3104
7911
2058
2473
7858
2307
2643
3924
6082
1910
4066
7127
7934
7961
3377
7517
7522
4674
7101
7964
7965
2366
4338
6393
7734
3710
5292
6276
4041
5398
6090
6871
5182
6952
7522
2507
5858
6257
3150
4156
4164
5012
1447
4942
5697
2269
2684
6016
4364
5167
5383
3529
4830
7176
7231
1579
6410
7380
8125
1641
1909
2041
3192
3156
3407
6406
1413
4160
7894
3398
3401
7437
4977
7051
8300
2124
4256
4751
7900
1388
3869
7791
4102
4381
7847
1620
2050
5097
6175
3415
4172
4253
2054
6003
6262
7856
1400
5564
7968
2078
4188
6188
6221
2536
6033
7175
3358
3468
3513
6333
3359
3959
4782
7935
1838
3433
4197
4814
6234
1437
7950
8007
8009
2605
5069
8031
6361
6367
5071
5179
4578
3439
5258
7198
7348
3596
5163
6525
6646
3389
6052
6206
7903
5049
5751
5363
6609
7550
1888
5838
6025
1455
1536
3165
4730
2643
3509
4082
6797
4613
1511
1962
2023
2192
5638
6800
7704
7745
4065
6341
7524
1915
2090
5386
5489
5849
6141
2153
3142
6415
6512
1484
2649
6534
1834
2787
3330
3729
1802
2358
4433
7722
3250
5959
7148
7797
3692
4474
6391
7630
1873
2578
3621
4427
4511
2236
3177
7775
2691
5339
5413
1553
1636
7751
7923
2464
2502
4336
3521
3874
8043
2132
2265
3454
6477
5020
5072
5857
5074
5233
6246
3008
3873
5020
2123
3149
7128
8003
3004
3149
3510
4198
4949
1938
3221
2409
3518
3996
7941
1650
6809
8069
1497
2042
2262
1515
4961
8110
4136
6847
5155
6452
8019
6040
6979
7006
3351
5203
6911
7388
4097
5751
1969
2099
5780
3784
4424
8155
8156
3757
3760
6161
6614
1706
5566
6426
4345
6979
7730
2665
5511
6365
7813
3075
4887
7268
1466
4986
7892
7911
7930
3829
7065
7091
3443
3877
7315
8089
4148
5980
6311
1942
3445
4818
1711
1742
3726
7588
4284
4694
7857
3562
4745
7446
6983
7979
3018
7029
4696
4880
4925
5872
1936
2159
2347
4727
3272
6007
6418
1615
1852
1939
3541
3952
6411
8002
3996
5615
6174
8323
2455
5198
5931
2098
4742
7315
5203
6247
7378
1478
2514
3465
8044
5042
5058
3569
5775
7237
1481
3582
5894
7278
2030
2042
2198
3737
2980
4418
7288
2170
2495
6387
7073
4142
4257
5207
6217
1489
2301
3106
1883
3778
6670
3671
4472
5354
5355
1745
1899
1935
2329
1939
2247
3322
3930
3048
4876
4810
7732
7762
7771
1646
3615
6059
2350
6873
6997
7267
5433
6297
8375
8377
1516
3686
3727
7536
3867
3982
5679
1510
7525
1671
1683
7527
1610
4473
5515
1977
1980
6315
4921
7553
3495
5275
7406
3219
3241
4659
5952
3485
6560
3895
7242
8175
8179
2097
3186
3884
5736
4508
5432
7817
5178
6024
6607
1671
2107
2192
1976
3068
1887
2689
6946
6937
3507
3709
6601
2576
5368
6076
5312
6316
7555
4260
6009
6064
3273
3313
4805
5967
2877
3200
3697
4601
4550
5443
8253
4305
5104
5143
2868
5876
6475
1524
2992
3577
3887
1605
2753
3888
7929
5129
6191
7943
1534
3461
3570
6388
4363
7919
8197
2481
7199
2993
3887
6899
7392
1540
2541
4451
6374
3543
3639
4033
7022
2910
5450
5452
8271
3576
7323
8131
3800
5307
5415
5416
1542
2559
2618
4072
5175
6158
2294
3743
5912
7479
3217
4238
4948
6338
5244
7338
4107
4689
5827
1843
2097
7253
2669
5071
6928
2479
5856
7045
7363
1598
3968
4522
1566
1586
2371
4215
2374
2456
3413
1864
1894
8361
1558
5625
6137
3645
7046
8187
8188
1624
3020
3656
7349
3122
3585
3593
3806
2393
2720
2717
6096
2244
4430
4432
8170
3311
4797
7662
1903
2125
3160
3015
3909
4462
2671
5735
7284
7321
3020
3032
4522
5636
2053
2148
2220
2681
6637
3577
5630
5631
5641
2734
5283
6608
7718
2494
5882
6245
4869
6218
3987
4339
7089
7189
2055
3412
4285
7963
1587
4520
8094
2476
2670
6462
7237
3458
7815
2786
5476
6317
6708
3711
5324
5732
6580
1578
1680
2947
5779
3600
4289
6497
7126
2246
6630
8238
1913
6623
8381
8430
2174
4348
5123
1603
5216
6877
4041
5132
5536
6876
2974
3525
7712
3832
5134
5763
5845
2131
4295
7627
2348
2699
7912
2157
4337
7869
4139
4685
7896
5771
7982
2788
5278
5301
6291
2755
3666
7337
7425
3809
4499
6719
6737
2709
2944
5433
6298
2085
2933
3807
6149
2116
4522
5767
6568
2155
6586
7432
7913
2635
3133
3509
4287
4455
5080
5375
6915
6629
6713
3132
5767
1747
3360
6593
6788
2648
5331
7246
8201
3023
3601
7078
8135
3723
5896
7605
3598
4450
4763
1720
1625
2551
3577
3885
4732
5249
3014
7469
7470
3507
5995
6002
6601
3741
6990
7055
2767
6606
6607
2232
3972
4158
5552
2601
5187
6779
6922
3490
4439
6380
6807
1628
2164
2833
3564
5326
7042
3170
3448
6467
6595
5276
5957
6210
6316
3078
3861
7707
4221
5098
6172
5259
6931
7169
8144
2452
3878
5117
7524
2657
4749
5867
6941
6962
2753
3081
3141
2415
5218
7269
2688
7218
7345
8142
4368
2086
2980
5895
6963
5321
5374
8206
8277
3626
6218
3655
3849
6963
1675
4247
5836
6376
6182
6500
8367
2719
8321
2720
7673
7677
5909
6350
7821
7822
4094
6761
8196
3091
5657
8327
1662
1871
7034
8203
2920
6258
1655
1982
4758
3030
4468
7982
3753
5550
6965
1660
4077
4321
2390
2604
6771
8122
3292
3584
5369
6369
3543
6550
7084
8197
2870
5609
2276
4361
4909
5273
7889
2081
3804
4046
5521
1866
1981
1983
3847
4618
6344
3829
4841
8279
2268
3618
4609
8376
1823
2805
4456
5138
2864
6049
6376
4585
5588
8366
3438
7540
7541
2404
2550
7238
8262
4487
6154
2757
6913
8030
2088
4178
4635
6940
1687
3643
4518
6901
1771
1772
4469
4530
1770
1899
3327
3492
5362
6760
3608
3179
3566
4526
2580
3031
6640
7183
4441
5171
6724
4662
4928
5990
4402
6697
7569
7570
1688
3862
6506
6946
6997
8278
3806
4774
5376
3036
3718
4469
7390
3098
5238
5316
8284
3724
8288
2000
2454
2481
2639
3166
3168
7276
8075
2701
5632
6777
8132
2782
3636
5772
1782
2068
2614
5288
5316
7585
8282
2843
5340
6648
7787
2839
2893
3556
6858
5633
7413
7785
4586
5302
5305
8248
4471
7807
8224
2765
3089
8320
4447
6452
2207
7642
3215
5962
6353
2237
4590
7027
7475
1956
3873
5098
5292
5719
6164
3502
3795
4484
2748
2827
6813
8236
3423
5546
6276
4525
4527
6915
2280
4421
6300
2308
6476
6593
4484
5378
5379
1823
2558
4895
6061
2703
3602
5707
6576
6579
7585
5575
5595
8359
8360
1777
2445
3711
5375
5033
7054
2499
5862
6689
6691
7330
3361
5316
3098
3403
5632
7488
2679
6835
8126
2672
3771
7573
6210
7543
8207
1884
2046
7634
3045
3084
4425
4071
8011
5214
7835
5466
6562
6817
8338
3632
6973
2394
3323
3991
5913
3327
6760
6807
8324
3834
5455
5485
7228
1806
2698
8113
8354
2890
4574
4610
8426
3427
3502
4912
8140
4516
5801
6785
2731
2790
4862
6836
2516
3767
7865
8408
3680
3703
3767
3661
4514
5278
2199
3552
5602
3404
3599
5252
2781
7585
8281
1821
5957
6210
2748
2827
5166
6862
1748
3983
5837
8121
2541
2680
3568
1770
2464
2385
2891
6823
8335
2039
3530
6675
3725
5186
5279
8365
2756
4091
7233
8371
2830
7584
7589
8277
7870
3901
5406
2831
6496
8260
8293
4490
5474
3720
4252
2572
3319
3449
4866
5268
5427
6523
4224
4770
5518
5543
2038
3659
4912
7570
4597
5434
8402
1787
5414
5649
5729
2286
4422
5760
2835
4359
1935
3985
2736
2739
3042
8182
3908
6241
6741
2318
2502
3900
4492
4467
7216
4050
5280
7219
3907
5500
2832
3698
3728
5938
1983
3863
5373
6580
4866
5532
7825
2960
2975
3908
6655
2834
3813
5456
5571
3678
3705
6698
2053
1914
3842
2349
2764
6002
2736
5968
6666
1922
4481
5478
7413
7785
2630
5673
6296
7152
3747
5758
6803
7398
2888
5315
6729
6730
2554
2769
6674
2546
7234
2769
6451
7550
1847
3624
4354
6014
2461
4357
6537
4006
4135
6196
8341
1898
1908
2560
2712
6973
4242
4372
5383
2856
3693
5359
7536
4547
5676
3191
5387
7713
2824
6564
6819
8246
2961
3732
6296
2693
3826
8360
3775
8119
3697
4599
5395
2973
3809
5307
2798
2880
6300
8338
2883
3800
7516
8313
5458
5688
7042
2877
3690
3739
6831
1853
2937
4050
5469
2693
6328
8383
2758
5662
4600
5395
6325
7500
2739
3757
6566
7723
4466
6283
8244
1865
5400
8240
1879
1903
2955
4544
4991
7084
8196
2105
2253
4430
6559
2356
6674
2431
4229
5176
7741
2752
4387
6724
4992
7059
7913
2783
3698
4275
5938
3678
3705
5422
5472
2867
5152
5355
5423
2451
3057
6067
4609
5619
6182
6657
3750
4341
5570
2612
6430
6851
7606
3421
8182
4311
4443
6605
2113
3624
5247
8055
6853
3060
4625
6649
7661
2598
2609
5487
8215
3781
4780
7871
5108
5510
5512
5641
7176
8081
3808
5407
6329
6330
2551
6140
7211
7240
6509
6510
6673
6815
5349
6572
6596
1878
1965
2301
3519
6405
1907
2067
1901
2136
7221
7787
5187
6779
2888
3038
5086
6062
1864
1897
3798
5821
1948
2068
2210
8083
3071
3773
7444
7455
3085
5471
2403
4967
5141
5274
6749
6813
6874
2305
2568
7472
7786
5513
8411
1867
2798
7718
8257
5083
6608
6725
3416
5624
6346
8057
3456
5833
3447
7038
4397
4650
6871
8261
3217
2628
2851
8413
2512
3035
3554
6966
2154
4412
8080
2165
4332
8424
2931
5509
5512
3716
6948
7972
7973
2939
4469
7409
4392
4393
7548
5415
6162
2736
8368
4391
4476
4559
8223
2690
3586
2441
5839
7562
2429
5347
5496
8440
6159
7168
8346
3526
4616
5349
2150
2900
4264
4288
6981
7727
2575
2928
2563
6898
2754
6908
7573
2906
5491
8356
2268
5215
6043
7449
2114
2951
6778
1934
3285
1981
2741
4580
6838
4638
4707
6845
7145
1906
3839
4091
7539
4266
5387
7714
7716
1912
1915
1949
2460
6909
3525
4416
5894
7201
3818
4779
7557
5002
5426
6370
1970
1978
5323
2717
4561
8295
8319
2729
8377
8432
2190
2201
2331
5505
2267
3196
6881
8280
7065
2853
8407
4547
5455
6720
2165
3106
5864
5897
4580
4582
6331
8424
5193
5530
5807
5916
7815
8064
2084
4378
4641
5518
2655
4335
6985
8099
2166
2220
2101
2142
3562
1933
1934
1954
5788
2101
2142
5197
2143
2189
1943
6527
3362
3428
6011
3425
2984
1963
4412
5888
5890
2212
3077
1980
2216
2316
4496
7707
4940
4958
7862
2060
2173
7469
2146
2315
2321
2322
6630
1957
2091
1969
2228
2318
4334
2189
3957
7047
1960
3514
4776
4884
6704
2137
1963
1968
2351
3628
4251
1964
2634
1968
2191
1972
2215
2321
3819
1973
1995
2323
1986
2315
3096
1985
5848
5740
2214
3252
1989
3187
6302
2065
2090
4470
3488
7154
2328
6419
2328
5434
8402
2328
1992
2099
7367
2092
4241
2432
4143
4144
2050
2076
1993
6457
6748
2313
2257
5420
7639
4930
7358
7374
8352
5769
2007
2859
4010
6745
2011
3277
8017
2999
4142
5607
2210
5709
3349
6335
8007
3299
5719
6681
7948
2499
2675
4373
2005
3054
2324
7347
4011
8017
2054
2473
4813
5671
3127
6136
3984
4340
5073
7351
3333
4044
2383
5101
7210
3011
4963
5050
8154
2470
3971
7287
7302
2411
4719
6191
7943
2313
3124
3434
6332
7533
2624
2981
4217
5778
3376
6404
8092
3996
5078
5611
6173
6405
8048
2608
2668
6487
6488
2033
7303
7450
3467
3571
7088
7316
5882
7129
8043
2640
3876
5121
7756
3113
3563
3606
6402
3172
4399
4489
5643
3165
3166
2246
2742
3173
2901
3695
6944
7481
2775
3130
7424
8229
3500
3502
5229
8140
2712
2801
6500
5350
2118
6554
6699
3652
4503
5695
8337
2547
4384
2065
2216
4094
5270
7017
7085
2952
3124
4729
3734
4593
5336
5589
3800
6224
7635
2789
4693
6041
8064
8066
2050
2063
2110
2052
2052
2110
2504
5097
7465
6239
7876
4119
5809
7036
2373
8350
4813
5010
7158
5096
5809
6229
7107
3849
4735
7938
2067
2607
3560
4225
2215
2291
2198
2487
2290
3078
3954
6842
6631
6635
8162
2862
4824
2105
4016
8380
2095
3259
4088
4214
2146
2187
3205
2150
3820
6948
7973
2891
4979
6605
7719
3368
4181
7854
3433
4715
5260
5820
7605
2081
2085
2336
3919
2384
2416
4183
4793
7784
8304
2517
3672
5868
2272
2553
3656
6962
3073
3880
6686
8179
3965
5769
4645
4646
5773
5849
3864
6512
3107
2128
2250
2444
3362
6010
7773
2300
3325
7780
2175
3956
6746
7195
2559
3581
2513
5205
7367
3533
5626
7446
7450
2228
3869
4219
7939
3390
4166
6081
7301
3883
5263
8200
8170
5481
5429
5545
7452
3258
5272
6878
7549
3008
5829
2333
7011
2126
2220
2824
5695
7615
5504
5764
6907
2617
3682
3953
5123
3819
3965
6756
2153
5855
6514
6517
4494
5264
5265
3574
4287
6593
6797
2254
3644
5256
8238
2363
7186
7966
7967
2464
7344
7997
7127
7129
8000
4173
4911
2931
5651
6775
2166
6937
8062
2538
3425
5782
4107
3007
4656
7182
2625
3960
5928
6336
3958
5073
5564
3290
6497
7729
5564
7331
7932
5203
7131
2578
3217
6338
2164
2189
8042
5777
2148
3013
4687
7465
2513
3915
7447
2969
5505
6117
7872
2142
5199
3111
2331
2227
2792
3244
6097
3203
2905
3061
3841
5426
5526
8149
3948
4597
6153
6159
3146
3655
2933
3918
5510
6125
2293
6895
7576
2688
7698
8037
4398
6600
7430
2564
3468
4198
5094
3856
4746
4838
4361
7085
7837
7919
2219
2278
2963
4186
4671
5800
7505
5405
6793
8117
2167
4105
4747
2970
4647
7357
6401
2301
3115
2538
4347
2173
5295
2662
4815
4817
6022
3057
3890
7276
8144
3537
7130
7857
4651
5867
7731
8103
2780
3666
5285
6515
3110
6958
2660
4650
3079
5220
3600
5062
5560
8009
3066
3682
5782
5868
2248
6035
8237
2183
2185
4808
5074
5889
6929
2183
2185
4668
4019
4044
2185
3266
4009
5690
3265
4157
7385
7901
8108
2191
2321
2322
5772
3973
4118
5819
6690
7654
7655
7701
3473
5962
7642
2590
3263
4009
7174
7652
2377
5585
4125
4432
7133
2593
3175
4326
4823
5951
3309
4825
2361
4568
4876
6359
2223
3323
5962
7041
8463
4563
5972
2230
5948
5952
2244
6878
7819
8299
3083
4843
5898
5921
8124
2310
5436
2945
6689
6736
7478
4357
6537
6544
8441
3183
2259
3746
3228
3991
4322
2427
3311
4797
7032
4794
5158
5692
3969
7596
7136
7602
4900
7660
2803
3180
5943
4105
2425
2592
4128
3942
5212
7839
3475
5689
5955
7691
8328
2686
4952
6772
3248
4077
6377
7489
4836
7310
7578
2244
5959
7416
8457
2638
5194
7949
4013
5212
4791
6455
7594
5586
2276
4739
3634
6021
3753
6541
8295
2254
6626
3345
5966
6197
7793
3528
4825
3051
4016
2258
3233
3248
3966
7776
3484
3549
3617
5146
5759
8161
4488
7393
7103
8250
2304
7529
3063
4792
4827
2310
3867
4896
5065
6077
8110
2635
6472
6494
5135
6476
7727
4723
4725
7733
8243
3264
8279
4981
6657
5064
5596
7038
4971
5088
5606
4040
4068
4146
8445
3392
3543
7085
8189
3184
5691
7312
3088
3219
6031
3000
7762
2886
6839
2858
5032
5757
5150
7916
8068
4138
4248
8167
2431
5444
3291
6760
3088
7382
4302
5420
2407
4021
5761
3258
7556
2302
6018
6572
6668
5165
8428
2332
2351
4523
3288
8091
3251
3287
2447
2466
5725
7697
2422
4111
4969
4998
7299
4067
5176
4088
4883
6016
6573
4966
5979
7098
7526
2689
6506
7260
2327
3423
5195
5227
3568
3599
8133
3978
8035
6660
3257
4840
7680
3485
3552
7796
7797
4815
4817
7649
3713
2328
4709
4065
7372
3516
4178
5249
5250
2617
4232
5865
7439
5863
7861
7888
7534
4410
5863
3101
3118
4410
6007
8029
6149
3853
4997
2750
3507
6366
6498
6253
2528
3508
4063
2344
4062
4329
5148
3092
3093
8462
2585
3616
4328
7496
4064
4809
5963
8449
3273
7439
7721
4729
5906
6065
7427
6934
6959
7472
4262
8398
4452
4184
4999
6206
4988
6130
5686
6151
4140
4630
4678
7069
2554
3662
6641
4498
4786
4048
4786
7658
4310
3623
6631
3622
4308
5658
6804
4697
5473
7882
3465
3569
5623
7932
4653
5042
7750
3103
3938
3393
4963
2512
3786
6858
6860
2412
7070
7071
7188
2998
3547
7175
7505
4204
6219
2440
3274
4793
7703
2490
4149
3469
3850
5479
2466
3925
4999
6167
2594
5177
6077
4004
2490
3356
4934
4947
7503
8087
4157
5787
5828
7383
5794
7239
4430
7743
3640
5555
7900
3126
3993
5684
3387
4636
6824
2778
5965
6264
7959
2438
2645
4282
2416
4989
6136
4087
4996
5171
6303
5001
7874
7903
4408
5711
6746
7231
3331
8158
6634
7482
8462
5266
3323
7040
8010
3188
3555
4611
6971
7542
2954
7814
8164
2718
6539
2738
2967
5046
3839
3491
4893
4927
2723
4528
5382
4137
4978
5177
7263
2873
3395
5111
8174
3189
3212
3544
4400
5112
7227
4656
5879
5936
6389
7002
7074
2479
2981
4297
2482
6886
7274
2896
2940
5637
2505
6413
7449
7450
4408
5711
7193
5031
6126
3018
6216
6304
7117
2433
3353
5606
6146
6169
5136
6424
3426
6268
6422
6004
8304
3294
3511
4929
5325
7667
7824
7846
3620
7511
7795
2863
5760
2588
3942
5921
5996
2927
2957
3798
2434
3730
8438
3947
3271
3352
6063
4817
5088
5494
8389
2665
3447
8065
8107
4701
5796
5800
6013
4236
3076
3306
4872
4946
7702
5840
3812
3865
3889
8258
3292
4441
6368
7483
3853
5379
6707
3432
6622
7383
2610
6167
8294
4037
4970
7440
4037
4191
7503
4213
7269
7908
7274
7969
5119
7287
2515
3162
3877
8049
4695
6952
3983
7531
4698
4734
6231
2500
4812
2664
3937
6151
7449
3134
4415
2718
6852
6954
7187
7618
7988
2500
7159
7167
7867
2504
4226
6188
4076
4239
2868
3235
3345
4090
3504
3669
5668
6479
2474
3190
7704
5131
5883
5003
4081
6053
7297
5011
7856
5266
7814
2749
4990
3569
7355
2478
3149
3520
5880
4713
7100
4719
3543
3580
4034
7983
4695
5076
7131
7199
7712
3553
7072
8077
8107
2651
6712
7200
3444
4296
5883
6339
4256
5751
5791
5793
2511
3864
5679
3401
5492
4672
7389
4653
6202
7282
7880
5092
7934
8008
2501
3940
3960
4176
3444
7941
8045
4213
5621
7912
5055
7977
4174
4964
5100
4207
4878
5492
7927
2526
4058
3437
5054
2625
7621
7997
4334
6396
3417
6230
3008
6234
7446
2573
3999
4665
7754
3921
4932
7158
3406
7104
7875
3187
3406
3409
5010
4768
7094
3027
3694
5202
5774
7302
7307
2570
8050
2691
6799
8248
3120
3154
5869
6826
5063
5858
7622
7628
6086
7992
2746
3404
4482
3461
6526
7277
7359
3660
4912
3379
5177
4509
5859
5875
6587
4196
4879
4756
5844
3239
3299
5723
7687
7948
4300
4323
4891
3399
7947
4736
6235
3957
4217
5776
7052
3871
5878
5882
8001
5041
5051
7827
4098
4942
5698
4268
7261
4748
2702
3589
3605
5180
2642
3133
5061
7979
3674
7650
6764
7034
7108
8210
5280
5729
5730
7220
3233
4113
5149
2756
2920
2932
5753
6558
7981
8289
3097
4479
5256
6626
2894
4679
7410
4244
6135
2982
3119
4462
8142
3909
7209
7218
5363
2652
6589
6769
3492
3632
6178
2842
4769
5321
6661
6606
6641
6067
6758
7717
4565
5638
6759
7745
4631
4854
6861
8433
2710
5508
6333
7013
7935
4931
5860
7611
8008
4058
5082
6868
4278
4591
6956
6684
7026
7471
7478
4675
5077
5119
3404
4482
8134
8233
8077
3995
6341
6342
3875
3957
5774
7365
5846
8392
2706
4961
6361
5014
5829
7009
7868
7531
7534
6640
6783
7183
8145
3635
6600
8146
2755
3501
7332
7337
5329
5378
5380
3024
7079
7587
8191
3180
6030
4851
4777
4859
4956
8453
7028
4809
4918
3481
7597
4010
4043
5972
3270
6635
7789
4722
5761
3498
5876
6045
4567
5423
5914
4362
4374
5172
6557
2627
3093
4832
8463
3794
5661
8353
2817
4915
6943
7891
6870
7354
8349
3660
6670
3491
6535
3495
4866
6523
2819
6303
6585
5325
6003
6005
2615
4209
4376
5225
5235
7191
3163
4808
5259
6524
6826
7945
4159
6083
6266
3392
4036
7837
3293
3494
4865
4898
7417
3862
5201
8183
3539
3540
4179
3053
3598
5705
5797
2672
4367
3165
3167
3529
2657
3534
3624
5349
2629
5964
2625
4799
5198
5931
5059
7106
7155
7158
3077
3957
4669
6233
3515
3988
5780
7998
2629
8012
2903
5344
5712
4849
8228
2964
3732
2994
4406
5251
5284
2679
6417
6835
8183
3674
5377
6749
4452
4376
7979
6943
6993
7798
6065
6371
6590
6996
7328
7241
3157
5127
6408
2656
2704
6480
8061
3600
4290
7060
6432
8399
4286
5061
6485
6375
6432
2751
5368
6395
2757
2781
4991
7586
4245
6594
7212
7838
8460
4246
4887
5248
5634
4679
8152
8020
8122
3761
4572
5402
2655
3459
4234
6289
3987
6319
6429
7290
6984
7132
4234
6429
7320
3377
4861
5622
6926
3597
3682
4783
4036
5109
6765
5796
7458
3394
5884
7294
4935
6146
8389
4464
5150
6299
7782
4189
5936
2700
3605
6463
5179
5623
7356
3101
5202
3588
3882
7194
5123
5294
6767
7887
3680
5266
4879
6264
3882
7002
7021
7320
2704
3575
3860
6933
5872
7861
7862
2705
6374
6410
2815
4404
5319
2829
4579
7373
3053
3070
5219
7285
2940
6668
3080
3535
3955
6960
4318
7020
7777
5357
8112
8117
8293
2982
8085
4278
7739
4553
8408
4649
6808
8164
8256
8259
2992
3145
5249
2995
3633
7340
7384
3150
4164
7690
2916
3040
7636
3700
3775
5357
4246
4886
2702
5222
5259
3470
3607
8137
6925
7193
3082
5284
6905
2930
3360
6877
6585
3770
5398
6873
8235
3425
3541
4748
6863
6297
2941
4633
4047
4853
5765
4551
7717
3557
4853
6442
7920
2802
3627
8068
2842
2923
5321
5333
4007
5046
7659
3091
3189
3212
6358
6294
6609
6611
7090
5438
5902
6602
7713
3452
6889
5364
5461
5957
6450
3496
4429
6847
8032
3686
5359
6609
3978
5718
7118
7121
2867
5354
6193
7461
6890
7451
2996
7441
2840
4363
5461
3392
5905
8189
6362
6591
2809
3764
6427
4551
5139
7916
8019
2791
5559
6453
8172
3267
4007
3421
2854
8216
8314
6260
6816
3097
7529
6021
6627
7421
8229
3650
4403
7350
4453
5309
6505
7260
3708
4483
6473
3677
3706
3738
8273
2771
3649
6321
6385
5866
6407
3584
3662
8022
5827
3118
2995
3633
3592
6676
4623
5659
8293
6611
8121
2887
5187
8121
4316
4319
4475
6870
5289
5839
5840
6767
5837
6641
8018
8022
3673
5125
6684
4300
5313
6356
6635
7790
4473
4993
5306
6549
6621
7559
7890
3687
5363
5230
5480
6868
8347
2826
6707
2919
3583
5587
8264
8382
3184
6521
3470
5380
8137
4473
4993
5143
8221
2842
2924
4769
5643
4083
7580
7588
8281
8284
2995
7339
7350
3587
5317
6899
6901
5945
7543
8272
2877
3858
5465
2877
3697
4598
5457
5036
5385
3792
7222
7724
3693
6271
7554
3739
4495
4309
5352
2840
5463
3044
3616
7513
8329
8394
6101
6810
3202
8302
3202
8299
2970
5513
5519
8312
4421
6725
3903
4501
4587
2880
3676
5300
5459
5616
7716
8166
2806
4573
4576
4837
7313
5142
5389
6672
6617
6671
6672
3493
6066
6612
4550
5584
5588
6752
3688
5613
6074
6293
3754
6464
2812
4021
4553
5105
5417
6617
2813
6747
2814
2858
5237
6019
8129
5294
6945
4314
4916
7481
5455
6844
7225
7518
3546
5371
6584
2846
5276
4401
5261
7970
3892
3894
8199
3880
5628
6975
4355
4607
3735
3804
3826
7371
3021
3649
5245
8285
3139
4533
7975
3699
3932
6789
4382
5374
8211
2908
3933
4623
4420
6604
7558
5448
5681
8269
3060
8259
4572
5085
3609
6539
6753
3740
4353
6091
7502
5408
5467
6815
4352
8339
5559
6836
3691
4545
4570
7224
3789
3905
8274
4549
4550
5447
5584
3068
3071
5333
5643
4095
3629
5036
5102
6888
2923
7216
7217
4449
5405
5661
5310
5435
7519
7811
6787
7653
7664
3123
3815
5674
6837
4621
6113
6654
3693
3725
3740
6091
3740
6604
7551
7632
7634
7664
8315
4020
4791
3090
5972
3214
6028
7028
3311
3944
4015
5692
7420
3749
4077
4078
3225
3483
4312
8168
3619
5908
6099
2869
6667
3498
6547
4310
5423
5559
6106
6811
2954
4308
5758
6006
3490
4568
5917
5953
5987
6972
8276
2922
2968
6312
4500
5356
6209
7516
3791
3828
4692
6015
3916
6731
8143
3724
5260
7591
8288
5985
8339
3776
5164
5324
5450
3700
3796
5583
8260
4500
6719
6782
4484
6583
4224
4397
5845
6864
3814
5347
3038
4393
5361
4391
6927
3797
6314
7623
7544
8054
4311
4515
3789
5299
6814
8370
3765
6563
8338
6467
7200
4740
5037
4464
4690
3699
4625
5482
5034
5108
5589
6148
5388
3774
4778
3982
5418
2913
5282
6796
8249
8413
4386
7749
8220
8221
3821
5419
8444
2970
5495
5513
4624
4642
5488
8355
2911
5575
7975
4531
6261
3712
5443
8253
3812
6496
8101
3700
5441
8113
8255
4585
5441
3677
3696
4516
5324
3809
4499
6468
6743
3813
7653
3123
6741
6837
4646
5849
8356
8392
5415
6113
8212
2935
3731
5558
6650
3420
4537
6841
3722
8206
3095
3675
3692
5471
6129
8400
8412
3735
4596
6649
7371
5496
5821
7370
5519
8392
3917
5764
6121
6897
3056
6412
8185
5021
5510
3132
4384
2934
3918
4739
5147
6256
3059
3796
4549
4760
3684
5340
7521
3899
4580
4583
5064
6598
6599
5508
8105
8348
7442
4540
5653
5517
8251
3745
4615
7473
5610
4224
5528
6522
4131
5835
6373
6816
8403
3845
4626
4857
6134
5038
5507
7863
2953
4728
3840
5501
5670
5658
8326
6121
4627
5504
4645
4779
6867
3781
4405
4721
6780
8443
4274
8317
4341
6250
8442
3821
5540
5674
8412
6839
8358
8391
4538
5396
5399
3618
3830
4609
7670
4355
5394
6301
7149
3420
3793
8306
3772
4395
3033
3896
4462
5297
3563
3838
3915
3973
5411
5416
5633
3144
8037
8085
6116
4610
6179
6754
3308
7864
4741
5021
5509
3820
3083
4703
3136
2985
4380
7469
2986
2987
6531
2989
3164
4411
2989
3054
6735
3386
7096
7665
6529
6930
3402
6243
6235
2993
6900
3647
6883
7286
7342
4701
6013
8087
4201
8461
3353
7850
4941
5007
6136
4839
4098
7389
4053
4169
7250
7252
3422
5865
7695
3007
3399
4713
3138
7128
4153
4195
6709
7101
7947
5014
7004
7627
7928
7999
3012
7021
7860
3168
3881
5070
6493
7290
7362
7345
7468
3439
4414
3033
3656
5625
5286
6901
6912
8239
3019
5264
5645
5750
4986
8029
5265
6664
8209
6349
6696
6915
5314
6395
7889
3641
4246
8146
5029
6700
8286
3556
3765
8246
5462
6765
3786
6453
4490
5771
8096
6575
8095
8177
3069
3720
5477
6065
6882
7427
4489
6570
3582
5627
3637
4714
5374
5648
5647
7390
5647
4070
4839
6508
3826
6781
8257
8383
4558
5449
5660
6096
7567
6666
5525
8052
7594
7804
5764
3047
7671
3050
3622
7395
8268
3475
6097
4042
7657
4248
5988
4151
6561
7594
8252
3602
5707
3079
5826
3129
5419
6123
4223
4763
6877
4683
5223
3535
4344
5225
4614
4759
8039
3736
5484
3836
5147
6318
4129
4936
6070
4477
7459
3066
4252
7213
4477
7215
3071
5337
5477
4251
7454
3194
4252
4477
5705
7360
7454
6132
7256
8143
3895
5639
7236
5383
4688
5628
7253
7346
3083
6511
6319
6529
3954
4344
5770
6135
3573
6900
6904
3085
4726
5035
3124
4020
5757
3917
5694
3230
4307
3214
6745
6539
7567
3476
3476
4831
3324
5913
8010
8227
3737
5643
7455
4768
5386
4524
7197
5329
4522
6568
6570
3865
3981
6246
6460
3456
4742
3984
4338
7730
4254
5749
7280
3271
4144
4215
3974
4368
4241
6598
7208
3367
4930
7595
3849
6963
3973
4743
4745
3974
7012
5204
5890
3116
4776
6958
7209
4330
4747
5897
6936
8082
4732
7265
3125
3806
4578
6623
5493
5779
4273
3840
3247
7577
4871
3844
4593
3825
3844
6133
5332
6581
7336
4902
5630
7235
7364
3968
3454
4286
4066
6399
3952
4669
5878
7448
3137
3402
3140
7894
5662
6189
8415
3143
5770
3771
4367
3870
6175
3606
6215
5219
5707
6905
3148
3868
4170
3410
7144
7391
3366
7251
5003
5614
6174
5003
5614
4266
6937
3672
4115
3156
4676
6909
5614
3158
4177
6466
5127
6950
3917
6121
3162
3440
8045
3971
5119
3164
5257
6931
6488
7198
4886
3167
7908
6490
7276
7908
8027
3259
3260
3314
5381
6594
4790
3185
4331
5625
3179
3634
4478
3179
3182
3634
3648
6054
7563
3281
3614
4023
4664
7433
7726
3341
4825
6030
4837
4938
7417
4454
6630
3186
6967
7240
3220
3856
3759
7325
7535
4422
5997
8324
3494
7722
8298
3193
4470
4493
4384
7443
7459
5477
7454
7459
3267
4006
8341
3257
3316
3746
3198
3199
6645
5408
7224
7497
3200
5567
6744
5408
4833
5946
7641
4564
5503
3205
3713
3783
3206
3783
6651
3206
3949
8431
7613
7773
7992
3241
4939
4018
4892
7638
7808
3990
4042
4322
7398
7400
7606
3214
7644
7683
3964
7776
5570
6310
7145
7623
3221
3286
8013
3221
4746
7031
7561
8419
5593
7103
7918
8250
4003
4005
7662
7839
3474
7464
7841
3262
5454
6644
6650
4498
6439
3232
7035
7672
3297
3301
3489
7769
7775
7792
3963
5962
7272
6354
8268
3485
4657
6069
8423
3342
8380
8396
4897
6364
3247
3251
6514
5958
7467
7728
6057
6634
7514
7602
4136
6069
7794
4058
4232
4032
6278
4512
5156
5934
6064
7576
3967
6634
5480
6939
6946
4868
7416
8422
3252
3646
8123
8124
3386
4305
4324
5949
5975
4169
4431
4968
5672
3264
3483
8169
3972
4168
3833
4996
7780
7087
7834
8279
8280
3276
3731
6781
3277
5690
6969
7824
3266
3275
5394
5162
7434
7689
4320
6103
7122
8035
4128
6636
7790
4106
4966
4242
5967
4061
4232
4054
4085
7640
5454
6647
8383
5689
4898
6031
7561
5157
4823
4955
4957
5992
4651
5788
7322
7774
6011
6012
7647
4381
7439
7503
7847
6274
6424
7955
5153
5154
6872
7568
5430
5431
6851
4159
7697
3305
4506
7795
8329
4323
6772
7777
4303
5975
8320
4056
4320
4956
8035
3506
3595
3980
5190
6012
3321
4071
4325
4903
6093
6683
7686
4649
6805
6808
7813
6357
8163
8167
4120
7922
3308
7234
5649
4024
4900
4025
6633
7725
4795
4440
4661
7790
4137
5861
5866
7173
7245
4146
7096
7668
3337
7676
8250
6127
3347
5578
5696
5700
3548
4873
5028
4211
4540
4307
4891
4114
8319
6353
3992
4304
4109
4923
6992
4401
4904
6217
6534
3476
4832
5159
8437
5741
7504
7219
8181
4864
6538
4752
6548
7823
5689
4630
4541
6438
6764
7419
6298
6890
4840
6107
7678
5214
5533
7835
4201
4792
5586
8170
5157
3345
4968
3379
4867
4875
5650
7014
3549
4846
7464
8168
5746
5678
3512
7867
8008
8389
5047
7071
7131
4143
5680
3547
3389
3410
4166
4977
4074
4182
5009
6170
4183
4672
5031
5552
6155
7301
7905
5133
6334
8063
3517
5094
6042
3567
7249
5319
6019
6920
4955
7612
4192
4410
7296
7907
3373
3937
4764
8389
3373
5748
7538
5017
5744
7879
5728
6089
6170
6201
6205
3975
4264
6372
6389
5152
6667
7460
5271
5351
5464
6073
6203
8108
7283
7692
4219
5045
7881
5892
8049
8089
7987
5453
5969
7179
7674
4920
4458
6776
7891
3429
6047
3429
4509
5836
5990
3388
7184
7893
3415
4736
3398
6225
7936
3557
4853
8335
5555
7181
6622
7899
4165
7142
4166
4906
6081
8294
4034
3537
5261
7985
4235
8088
7016
8276
5045
6201
7926
5578
4218
3859
8109
8385
4720
7926
3470
5329
6471
8133
5871
6008
7125
5015
5043
3519
5078
3409
5802
7171
6223
7104
4170
7051
4200
6155
6323
6327
4198
5092
4698
5481
3513
8234
4222
7939
7188
8152
4737
4884
6203
4974
5612
5100
6466
6250
6251
3757
3511
4037
3924
6163
3961
4819
5831
3986
6275
3763
4957
6012
6356
6378
6158
7433
7765
4803
5858
7611
7621
5998
6073
8219
5058
7106
4116
7624
7884
3541
5200
7731
3462
3571
7002
7008
3471
5580
7626
4541
6285
6764
4413
3442
3874
6404
5261
5906
3876
6247
5204
5205
3518
5126
4270
5234
7199
6531
7198
7348
4464
7412
3897
6599
3626
5028
8074
5251
6884
7379
8058
6981
7192
7286
8131
3590
6467
6594
5092
7166
7934
7963
3509
6497
3514
4206
5777
3838
6402
3514
5099
6191
4121
6398
8040
4773
6319
7931
5060
5744
7104
7289
8131
6980
7316
7320
4112
4973
5012
4038
5210
4100
7298
7857
3879
6955
6961
3517
4949
6236
5079
5062
5063
7628
4900
5937
7309
3931
6118
8459
7597
4663
4833
5941
4833
7030
7561
7820
8332
5432
5984
7817
7825
4009
4668
3914
4824
3551
8078
8168
5908
3610
5140
5268
4428
4429
6560
4754
7772
4362
5421
6671
4438
4443
7232
5541
7407
6357
5557
7835
4978
4060
4175
6418
3708
6749
6410
7381
8231
4057
4807
7710
5953
6762
4161
7434
7463
5993
6684
4858
7122
6432
4200
4285
6326
7695
5092
6259
8007
6435
7089
7189
7996
3643
6630
5133
7980
4000
5936
8003
8004
6173
8048
4674
4297
6409
4581
6903
7010
8085
3846
4584
8305
3887
4460
5236
5631
3645
6513
8126
5629
6490
7079
4406
7192
7305
4288
6428
6493
6989
3569
5775
7828
7137
7189
3605
6487
3578
7002
7075
3881
5621
6480
6977
7067
3542
5033
8194
4651
5536
5716
6321
4682
8202
4227
4374
5275
5541
5368
6395
6585
4185
6013
4140
7848
5517
7530
8251
4108
5272
5984
6560
4140
5521
4466
7037
7108
4012
6658
7063
8245
5548
6854
5657
6430
6433
6545
4575
6563
6663
6820
6842
7466
6041
6732
6983
8067
7447
8038
3982
5681
5688
4477
7215
3665
3668
4375
5919
5377
8231
4409
7277
3578
5224
4244
5628
6967
7240
7340
8187
5132
6788
6876
6520
8061
8097
4264
6389
7021
3888
4231
7088
3861
6842
6918
4033
7059
8202
5736
8084
5635
5342
5729
7785
5156
4241
4648
3852
6646
6826
4275
7543
3589
6287
7088
7306
8199
4460
4731
7304
8135
5317
6919
7571
4578
5493
5235
7195
7284
7360
5174
5719
5721
4278
7024
6412
6895
4407
5216
6875
6988
7057
3641
4460
4459
6883
3645
8124
8187
5253
7281
7285
7359
5225
8037
5286
6516
8132
5786
5819
8230
4029
5106
7610
4027
8325
6056
7310
7572
7578
4005
4827
4129
4827
7682
4823
5939
4329
4507
4756
4829
4937
5145
6548
3756
5215
4752
6431
6543
6072
8270
3623
6359
7403
4113
4864
8162
7617
3900
5474
5640
7185
7061
4551
6973
7916
4715
5752
5640
6016
6573
3758
5554
6182
6656
6448
6602
8458
5155
7381
8058
6627
6586
6588
7492
3644
6677
7393
8211
6882
6892
7432
3719
5460
7204
4751
5101
5749
5634
5320
5350
7570
7574
5285
8056
4518
6516
3646
6513
6514
4459
6982
7379
3668
4454
6515
6921
4451
5244
6625
4616
5349
8054
8426
5706
6726
5508
5545
5553
8052
4853
6824
8263
3820
4778
6675
7079
7587
5226
7696
4057
4916
7571
4389
4390
3688
6291
8072
4512
6727
7778
8025
8455
4062
4328
8451
8455
5243
5245
6696
3667
7421
5242
6515
6627
4171
4403
4509
5173
5990
4590
6772
8222
5934
5973
6027
4342
7254
7257
6813
3789
4594
6708
5566
6281
6300
6603
8269
3733
3681
5105
4424
3740
5186
7499
7546
4050
6790
6508
6606
7090
4261
6160
6299
5458
6295
6795
8311
3902
4603
7495
5437
5570
4594
6324
5301
4502
8204
5418
5752
8308
5801
6710
8269
6744
3706
6211
5346
8253
3797
4585
4600
8388
4092
6510
6819
7625
4895
5138
7744
3709
5366
6615
7568
3728
4353
4420
4519
5813
5818
5819
4482
5229
7020
3977
5228
5166
6711
3775
3778
6793
4613
6018
6345
6668
4494
5381
8205
4617
5594
5640
5528
5779
8397
5648
6552
8209
6892
8193
4716
7982
3812
3889
5445
8101
6695
7216
3738
6784
7600
5789
8230
4051
4587
6226
7543
8283
5318
7558
7569
6211
7917
3792
4536
5483
5713
6866
4709
5434
5396
4855
5393
6533
6148
6159
6781
4710
6644
6857
5436
5893
6211
7629
7672
4831
4844
8228
5515
6363
6685
5194
7948
5533
6881
6543
8334
3752
6852
4422
5667
7145
7147
4876
5907
6006
8164
5213
7160
5213
3764
5341
6160
4586
5304
5478
6481
5899
7608
7724
4091
4359
7233
4621
5742
7414
7724
8363
6499
4572
5348
6563
4389
4912
6697
3790
5389
4572
6562
5139
6725
4386
7749
4447
4566
5425
6666
5845
6085
6864
7267
7944
7576
4118
5505
5824
5337
5476
5644
3950
8117
5358
6603
8271
3778
5358
5443
7547
4532
3933
4614
5575
8256
4481
5411
6734
8218
6914
4316
7025
8349
3801
6704
5638
6437
8370
8172
5976
6509
6815
7620
6599
6966
7037
7411
7217
4554
6614
3899
5512
5087
6177
8305
4449
4556
8215
5379
6707
6885
3808
6330
5282
4646
3918
4728
4741
5021
6269
7559
3805
5346
5597
6145
6373
8382
5322
5821
8411
6142
3825
6125
6153
4614
7515
4448
4595
6139
7375
5404
5409
6295
6489
6495
6789
8387
5322
5496
6139
3821
8444
5335
7564
4740
4741
5037
5502
3837
8409
5740
6757
6887
3844
4446
4574
5549
6285
6309
6419
8373
8402
3948
5574
4692
5592
6018
6571
3950
5512
5825
6970
7087
4123
7714
6179
7232
4642
6180
4080
3835
6720
7632
8414
8444
5426
5822
8447
4622
5823
8381
4745
7447
8425
6894
4273
8413
5002
3845
8443
5439
5440
5345
3848
6346
7288
4418
8150
4118
4738
5814
7868
4032
5546
6278
5163
6850
5008
6406
7378
7700
6656
8251
4225
4146
5969
4598
4855
6391
4181
4218
7437
4223
4775
7056
4233
8097
6417
8060
3864
5682
6270
5386
4759
5446
5563
5568
8330
3981
5688
4162
4984
7153
5537
5618
3985
6511
6709
4702
6173
6405
4669
4670
5078
8045
7307
8044
5126
6339
6341
4773
6289
7316
4461
5262
4100
4963
7321
4992
5246
8201
8199
5220
5630
5710
3890
7910
8027
7436
4732
7211
5682
6621
6924
4244
4888
6755
7242
8198
4400
4730
7246
7268
7227
7971
4888
5475
5894
6886
6595
6598
6930
8084
8143
3951
4468
5102
5356
5392
5407
6536
7111
7629
6501
6504
8340
4529
6708
7217
4569
5340
6464
4502
6551
8205
6241
6837
8395
5470
6731
8142
6286
6480
6978
8099
3943
4939
5691
3941
4014
4826
7655
4001
7654
6531
6735
7203
6775
4727
4595
4622
8382
6644
7228
7229
8393
5860
7155
7159
7047
7344
4653
4655
7435
5136
4214
4940
7810
6856
7508
7518
4548
4760
5584
4301
4562
5693
3931
8014
4114
4497
7653
4761
7515
4596
7375
8445
5496
5561
5823
6139
5001
7368
7902
4187
7248
5095
7134
4250
4889
7978
4292
7622
4798
5212
5941
3946
7428
4026
4067
5444
8401
8430
6574
4583
4692
6018
6709
8001
5782
4773
6961
5074
6246
6462
5222
6463
6529
5122
7619
4176
6335
5930
7531
5000
6152
7245
8153
3964
5947
7033
4836
6057
4452
6355
8268
4077
6355
4617
8457
4874
6548
8252
7307
7940
6152
7245
8042
4417
5864
4289
7015
7729
3978
5722
8035
3979
8033
3980
5174
5722
5723
7121
5373
5682
7534
7622
7928
6413
6527
6985
4334
4336
7996
5686
5737
3991
3992
7041
5913
8228
4781
8040
4000
5126
7756
3998
3998
5039
5615
7757
4000
5611
4000
4189
5039
7655
4003
4004
5212
4005
4828
4007
5269
5902
6582
7826
8336
6070
8017
5765
5903
7826
5585
5955
4851
5157
4138
5665
7849
4064
4304
8227
4722
7272
7672
5989
4440
7779
5140
6805
7402
4668
7597
5151
6753
8159
4752
7693
8161
4788
7553
7769
7792
5547
7613
7431
7913
8202
5264
6699
7212
7832
4969
4228
4103
4815
5796
4208
6873
4724
4850
5944
6748
7639
6098
7404
7842
8448
6917
7157
7666
5004
5429
6442
6351
6804
5339
8160
6846
8240
8364
5358
7551
8266
4210
4944
7374
4943
5608
4905
4314
6919
4059
4196
5168
7737
7486
8025
8243
7638
8451
4195
7300
7317
4068
5720
6103
6144
7689
4723
8010
4083
7428
5731
6089
7873
4164
5013
6150
7247
4184
5725
7247
4324
5949
6618
7018
7783
5027
6147
6343
7856
6477
7000
4896
4920
4907
6034
7702
7956
6051
6168
4945
4980
6036
6086
4934
5608
7753
4978
5966
7263
4465
6812
8340
5330
6586
8191
5170
5367
4383
6277
8071
4976
4881
7505
7252
5755
7119
4199
5070
7299
7784
4360
5886
6112
4228
5762
4792
5586
5955
7416
4780
6117
4911
4962
4141
6530
5550
7841
7809
4923
4907
5012
6111
6115
7441
5975
4562
6092
6041
7977
5808
6080
6332
6337
4778
6073
7112
7898
4872
4976
5199
7322
7567
8157
8327
6758
4429
4431
5982
6559
4430
7743
5431
8333
6043
6347
7149
4661
4788
5983
6028
6538
7604
6215
4133
5781
7668
7680
4704
6342
6466
7756
5544
8448
4789
6360
4994
8380
4202
5030
6219
4632
4152
4178
7850
4148
7457
5612
6055
4186
6115
6147
7297
5978
4235
7076
7119
4881
7456
4935
6146
4944
8352
7691
6940
8082
4206
5099
4977
5726
5828
7899
4210
4764
7248
8385
5725
7875
6073
7898
4168
4999
4696
5054
4195
4206
5777
7433
6240
7146
8219
4336
5095
6974
4907
7143
7301
6206
7301
4214
6205
6622
8219
8123
7210
7900
8330
6007
6420
5095
5182
6951
5769
5536
6472
8435
4753
5000
4764
7538
5737
4947
5684
5728
7595
7175
7441
7684
5041
5120
4655
5120
4379
6263
6945
5290
7139
5068
6003
6005
5237
6020
8137
8232
6082
6421
5811
7105
7938
8007
5075
5118
4249
6165
4841
7829
7831
4204
4294
6218
7669
8086
5784
7873
7874
8005
4697
4736
4913
5536
8398
4282
4753
6169
7091
7834
4294
4965
7669
7273
7809
4962
4964
5018
5810
5811
4297
7538
4720
7936
7186
7965
4226
7100
7102
7885
7925
6414
4650
4838
5829
5097
5273
7264
4360
4804
5210
5622
7987
5862
6319
7931
8061
6040
6980
7141
7294
4282
6326
7855
8234
4781
6332
6168
7810
5869
7803
8036
4805
6112
5383
5887
4682
5114
6889
6600
6049
6369
4435
4285
5093
7150
6084
6327
7951
4252
4521
5830
7791
7925
4751
6174
7182
8343
6063
6311
7326
7456
4965
5296
5612
7239
4566
6758
6800
4700
6380
6807
5343
6062
7866
6939
7267
5090
7624
7860
4290
4949
5918
8009
8062
8098
5653
7086
7163
5541
6104
8454
6118
7464
7822
4818
5221
5223
4743
7012
8042
5617
8092
8316
8444
5715
4402
7569
4406
7078
7183
8192
4279
4486
6786
5163
6997
6998
8180
4615
5195
6998
6421
6422
7699
4889
5224
7005
7988
5068
7004
7855
5135
7064
6494
7064
7860
6372
7124
7979
7980
7533
7624
6042
6335
4337
5604
6338
7239
7838
4298
6262
7619
5881
5935
7942
7050
4299
6343
7856
7619
7827
4307
6092
7039
4426
6354
7397
5974
5911
5963
8320
4325
4892
8024
8227
6351
7395
4419
5461
4419
5271
6823
8169
8459
6723
7092
7093
8020
5229
4385
4480
6714
7027
4810
4917
7761
8322
6078
6683
8226
7806
6108
6059
7789
4848
5149
8010
4821
7313
7561
7736
7453
5295
8149
5627
6595
6320
7134
7995
7136
6040
6978
7995
6039
6979
7007
4345
6289
6955
5569
7618
7730
5667
5708
4349
5920
7244
5915
6774
7135
8066
4772
7187
6429
6820
6918
7318
5201
5854
8060
4643
4774
7573
6933
6935
8100
4351
6976
8099
6290
6520
7748
4505
6812
7625
5184
6604
8051
8055
8203
6509
8242
6532
7072
6433
4383
4504
4714
6659
5554
7539
4381
7721
5167
7017
6535
5464
6450
4372
7017
5354
6193
6724
4744
5527
7698
6415
4744
5526
4370
5164
6505
4389
4532
6670
6691
6736
6792
7472
6407
4994
5861
8110
5542
6547
6428
6485
5918
6472
5782
8102
6090
5136
6163
7949
4411
4414
5945
7917
8272
6643
6768
5378
5792
6715
4895
6061
6362
8022
4391
6060
7415
8220
6730
4602
5086
6308
6768
6812
5506
5507
7863
4451
6625
8261
5398
5497
4400
4992
5248
6595
5331
7832
4519
5317
5243
6515
8145
6778
8150
8135
5704
6414
7270
8147
5181
5735
7321
7888
6463
6488
5234
8037
5258
5527
5733
6214
6906
6213
8057
7012
5895
7201
5364
6667
5318
8266
5139
7718
6095
4856
5267
7918
6540
4563
6351
7658
6847
8162
4431
5959
7797
6066
4755
5313
4789
8163
8167
4438
4443
4927
4862
6605
5274
5424
6027
6872
5369
5170
6585
7886
4866
5267
7401
7825
4541
5545
5549
7545
7539
5339
5304
7787
4535
8116
5797
8059
8125
8186
5767
4535
8123
5372
5817
8292
4512
5137
5362
5987
6824
6972
7406
6143
7018
5216
7380
6899
5236
5628
7436
7408
5475
6575
6577
8175
4608
6308
6510
5144
5647
4529
5091
5102
4767
7185
6302
7444
7324
4512
6727
6843
6685
4769
5842
6661
4590
5161
8222
5161
8224
4526
6629
7528
6471
8286
5805
5885
5633
6993
6996
5135
6428
6476
5231
7000
4597
4758
5475
5639
6035
5636
7242
7214
4606
4855
5465
6768
4530
5645
7982
5644
6258
7444
6553
6554
4693
6510
6673
4604
6419
5974
5360
6782
6208
6796
5985
6569
6765
7081
5708
6818
7615
4855
5299
6809
6072
8394
6046
6049
4511
6195
8325
7403
7817
5917
5954
5859
6048
6076
6361
5300
5609
6733
7293
7715
7914
6580
8273
6558
6706
7584
5286
8056
6693
6697
7213
7215
5333
5767
8177
6715
7527
4768
5372
7525
4527
6696
4613
7526
6889
8205
6317
7216
6695
8209
6270
8378
5164
5358
6189
6549
7890
4615
5480
6736
8278
5303
6850
6499
6652
8367
6251
8395
5483
8336
8458
6301
7442
5553
5046
5901
6916
7438
4544
4626
5345
6838
8427
6841
8372
4619
4626
6116
7225
4585
6491
8388
5446
5583
5410
5739
6739
7414
7864
4555
5341
5413
6161
5389
6672
6791
5411
6742
8353
5132
6788
6871
7249
5412
8386
4560
5610
6870
4877
7353
8218
6094
8296
8319
8014
5654
6101
5620
5657
5994
8159
5424
5668
6027
4928
6380
7521
8240
8365
5467
5976
6669
5402
5466
5706
4979
6459
7544
8052
5562
5605
7914
7715
7914
5659
8112
8353
6910
5535
8418
8421
4630
8053
4616
5193
8428
6331
5397
5531
7415
7418
4589
5442
6737
7221
8249
5279
6504
6728
6502
5125
7024
4847
5589
6313
6840
6840
6814
7629
5823
7369
8401
6154
5393
7630
4601
6728
6314
8366
4608
5465
5308
5360
6949
5457
6536
8344
4706
6309
8345
6017
7226
8374
6533
8051
8055
8246
6518
8425
5433
5652
6390
5511
6596
6668
6329
5230
5531
7185
6887
7288
5500
4621
7325
8407
4757
8264
7975
8384
6798
6825
8225
7371
5006
6340
8424
5624
5128
7034
8051
7010
4633
4633
5521
7010
4692
5506
6887
6941
5462
6832
7719
8371
5391
5469
5676
6296
7220
5514
6525
4783
6871
7244
5277
5538
6625
7577
5491
5535
5538
5766
6624
5846
5712
7653
5311
5848
7818
4783
6863
6012
8091
5019
5803
5804
7750
6174
6358
4880
4889
6375
7126
4660
7563
4787
5173
5934
6369
5937
5946
7310
5947
7272
7641
5051
6282
5501
5670
6134
8443
5540
5669
6134
6642
6511
7307
7315
7448
4974
7181
7435
7930
6242
5071
6214
6406
5024
5049
5790
5793
4873
6470
5208
8076
5050
5794
5075
7968
5331
7059
5221
6931
5206
6928
7262
4873
7068
7897
5030
6219
8086
7218
7223
8149
4887
5236
5631
5250
7347
5637
7200
6226
6706
7584
7589
6766
8291
5922
7989
4801
6950
4929
5871
6235
5018
5042
5802
4876
8164
5762
7836
4718
6187
6188
5099
5618
6191
5100
5611
7757
5357
8112
8313
8354
6536
8309
5281
5391
7520
4709
5409
6489
8345
5454
6834
7490
7495
7498
5036
5529
6766
6242
6643
8289
6695
5173
5369
6587
6221
7943
5045
7939
6894
5757
4771
4917
4728
8391
4729
4740
7227
5284
6905
7366
5250
6531
7469
8083
4737
4738
6230
5479
6044
7868
5492
5812
6222
6240
7107
6574
7447
7011
6401
5831
8151
5200
8104
5025
7731
7322
8036
5524
8165
7607
6636
7790
4756
6059
7788
4897
6651
5434
6781
8258
8303
6330
8039
5572
5576
8386
4763
6517
6835
8059
6414
4766
4829
8329
6056
5337
5477
7443
8308
6864
4777
4773
6918
7319
5756
6908
6416
8060
8098
5295
7223
8243
5824
7370
5133
6334
7532
5518
4785
4786
7659
5974
4788
4802
8163
7795
5988
7314
5900
8422
5941
7032
6690
7308
7839
6680
4819
5072
5856
5204
5890
5892
7262
5223
7199
7274
7792
6114
4807
5176
7721
7721
4807
5210
7741
5734
7763
7764
4811
7761
7764
8449
4932
5043
7159
4932
5043
5014
7105
7109
7649
5734
7241
4820
5930
5057
5072
6054
5948
7660
7309
7420
7701
7839
6029
7662
5711
7169
4845
7660
7603
8436
5946
7601
5089
5832
7762
7679
5768
6969
5269
7407
7849
7852
7479
7482
4899
4901
8437
5898
7852
8079
5345
6838
8421
7039
7041
8012
7041
5158
7662
5006
5345
6840
5005
6322
5602
5984
7825
5006
5540
5674
7735
7114
4870
5362
6843
6872
5891
5464
7719
5914
6479
6802
8158
6806
7722
6122
6965
7148
8015
4873
4885
5154
6833
4945
5702
6120
7148
7823
5665
6122
5610
4884
6267
7737
5871
6273
4941
5296
5925
7076
4923
7699
6470
7188
4887
4890
6757
8178
4924
4902
5629
4892
4967
5268
5370
6058
7769
4993
7116
7453
7765
7766
5159
7648
5631
7304
6252
6253
8026
4910
7952
4956
4957
5992
4999
6167
7904
5013
6036
6422
7859
5351
6461
8439
7016
6063
6090
5271
6592
6143
6194
6474
4919
7467
7637
8026
7732
5065
7801
5989
8436
5291
5292
5874
6268
4925
6084
6083
6610
6939
6523
5950
6631
6008
7861
5727
6150
5040
6232
5052
5053
5804
5877
4943
7956
5983
8016
8422
6029
6030
7313
6036
6183
4947
4946
7922
5684
4982
5110
6186
7944
4953
7806
6683
8307
8452
6772
8452
5853
5992
5192
7810
5550
6964
7476
7841
5168
5048
5612
5796
6055
5981
7793
4970
6050
7799
6050
7799
6022
6128
5015
5296
7755
7346
5687
5702
8297
7710
6465
7914
6039
6622
7144
6156
7144
7151
6051
7372
5714
7358
5007
5031
5717
7053
6676
5331
7744
5065
7709
7426
7433
7173
7685
8091
6004
7695
7862
8139
7696
8447
6446
6917
7666
8433
8434
5500
5698
6033
5100
8330
5787
7878
5059
6110
6147
7751
7702
7703
5671
6110
6238
7159
7164
5743
5058
6223
7172
7925
7851
5263
5646
8176
7892
6984
7707
7748
5027
7068
7156
6471
6678
8190
7065
7068
7753
8399
5510
6125
6313
5764
7872
5504
7754
5096
7109
7155
6221
7942
7880
5671
7883
7927
7885
5066
6213
8053
7896
5754
7911
6951
6953
5120
7858
7898
8130
8115
8130
5580
6266
6435
5639
5646
6677
6686
5929
6336
5059
6223
5828
7898
6478
7067
7058
7867
5144
7037
5177
8173
6421
7299
7862
7124
7999
6306
7910
8027
7517
6233
7627
6487
7522
5116
5127
6408
7941
5256
6471
6516
5445
6711
5085
5554
7542
8347
5400
5303
6729
8116
5348
7291
5308
6729
5185
5706
8087
7009
5915
7532
7884
5144
6888
8244
6227
7142
7760
6335
7935
6238
6280
7976
6187
5524
8343
6317
6526
7304
8135
8247
8320
7705
8408
6540
8156
5414
6481
7414
6145
5390
8267
5488
7946
7261
5906
7430
7205
7206
8200
6699
7059
7983
6558
7394
7981
8277
6247
6404
5119
5121
6408
5922
5925
5126
8045
7050
7933
5779
7054
7026
7472
6247
5596
5618
5881
5932
5778
5881
5883
6339
7287
6494
6732
5376
5766
6483
5138
6064
5283
5427
5153
5424
5155
6671
6095
6458
5760
5594
7496
5975
6377
6426
8070
7609
6382
6833
5274
6382
8070
6369
6597
5158
7572
5162
6265
7023
7768
6870
7257
5720
7118
7738
6793
5193
5732
6707
7016
8174
7708
8106
6407
7019
7708
6761
6776
6770
5370
6578
7154
5973
5718
8033
6047
6378
6379
5837
8022
7331
5622
6960
7088
6287
7077
6408
5191
5488
8416
5422
5448
6752
6845
7222
8241
8366
6508
6721
6934
6959
6383
7023
7485
5874
7121
8033
5277
5489
5539
5853
7612
8424
5195
6163
6590
5915
6396
6397
7994
5199
5788
7994
7363
7997
6397
6937
6938
6415
5205
6460
8089
7237
5892
8050
5794
6953
5209
8262
5211
7080
6166
7915
8073
7575
6881
5654
6101
6492
5704
6820
7290
7360
6923
7193
5710
7366
5703
5257
5711
7169
7008
7187
7319
5239
5546
5723
6991
7328
7055
7311
6590
6996
5233
6487
5733
7712
6820
7318
5634
5287
6777
7488
8282
5471
5494
7696
8307
6002
6384
5243
6628
7338
5244
5245
5783
5248
5262
7268
5710
5827
6912
8192
5287
6884
8232
7286
7362
8131
6387
6994
7015
7907
6371
6387
7289
7197
5734
7196
7698
8080
6925
6706
8289
6454
5634
6686
6686
7205
6553
6665
6009
6423
7693
6195
7676
8195
6102
6461
8174
6461
6535
7555
8072
5488
5459
6277
5391
6314
5414
6310
6501
6504
7507
6614
6883
7339
7423
6783
8145
5319
8193
5294
7327
7484
6008
7888
6263
7737
8033
5311
5850
6866
8438
5800
6712
6886
7969
5642
6940
7349
6391
6661
5565
6281
6565
8364
5341
5343
6648
5309
5315
6648
6743
5343
6060
6799
6597
6619
6719
6743
7866
6670
6922
5323
6142
6294
7090
7092
6378
5371
8281
6697
6913
6316
7569
8275
6138
8362
8440
8441
5418
5472
5893
6254
6255
7944
7946
5419
7661
8393
8414
5792
6638
7204
7491
6628
6713
8229
5485
6841
6844
7230
5529
7226
8374
6317
5435
7519
6653
5730
6160
8312
8446
8410
8441
6001
7292
7092
8020
6535
6459
7711
7782
6723
7093
7461
6027
6843
6796
7512
8260
7550
7552
6947
8113
6609
8018
8120
6671
8120
7093
6727
6833
7460
6046
7017
7886
7889
6045
6724
6195
6762
6592
6802
5786
5813
6659
5817
6522
6624
8133
8134
6020
6581
7409
6106
6550
6555
5476
6318
6269
5438
6066
6305
6315
6419
7080
7832
8262
7523
5571
5576
7516
8310
6879
8301
6744
6751
5401
8442
8427
6255
5673
5708
7520
7521
6562
6726
6091
6533
6325
7043
8254
5486
5407
6328
6827
6491
6831
6647
8041
5448
7599
8271
6468
5659
8384
8418
6739
8248
7864
8212
8214
5421
6178
7704
5896
6692
7396
6617
7042
8310
7990
8156
8160
8412
5430
7401
6879
7833
6971
7545
6448
5532
6560
6038
6324
6841
6844
5556
6612
5540
6642
6840
5674
6491
6796
8241
8365
8271
5453
7679
5843
5447
6495
7599
6603
6613
7357
6793
5487
7592
7974
7508
7509
5484
6224
6482
7044
8310
5985
8364
7084
7586
8208
6811
5463
6854
5562
6465
8439
6308
6567
6725
6834
7224
6564
6817
6819
8337
7221
7523
6370
5842
7042
5811
6222
7937
7207
5740
7455
6734
7415
5481
7275
5516
6787
7661
6652
6849
6857
7229
6505
6524
7001
5490
6141
5495
8400
5597
5763
8235
8261
5756
6908
8431
6837
6775
6896
5505
6810
7566
6121
5824
5825
8150
7452
5825
6345
8428
5523
6646
6502
7024
7025
7026
5525
5868
5850
8348
5851
5597
8411
8446
6298
5543
6087
7490
5531
5534
6195
7154
8425
6825
8415
7892
5539
5849
8356
5542
7014
6423
6990
6987
7612
5599
7291
7292
7530
5551
6100
6152
7904
7541
8105
6284
7893
7930
5902
6822
7716
5603
5650
6403
8345
5609
5580
7126
7978
5847
8381
6860
8172
7700
7933
5609
8172
6293
6662
6722
6751
7623
5573
7344
7998
6818
5572
8259
8256
8387
5780
7618
5595
8257
8258
7515
8313
8257
8303
5699
6855
8315
8318
7123
5660
7001
8214
8353
5595
7376
8378
7974
8253
6795
5586
5666
7376
7499
5591
7793
7845
5600
5672
5594
6015
6948
5600
5602
8456
6573
6016
6888
7353
8215
8218
5605
6858
6860
5601
7845
5602
5986
5929
6080
6563
7292
6033
7752
7850
7756
6291
6565
8323
8343
6001
6822
5833
6402
5778
6658
7670
8166
6437
8326
8327
7908
7356
7331
7355
8379
7349
5834
7011
5635
6528
7231
7270
5703
7487
8129
8213
5637
6755
7349
7278
8159
7393
7972
7211
7253
6135
6755
6256
7443
5771
7214
6035
6700
8206
5724
5665
6134
6313
6838
6657
6658
8375
7091
8434
5904
7370
6434
7232
7720
8298
6759
6441
7814
7945
5738
5664
7147
7507
5675
5677
6207
7369
8409
5673
6296
5914
5973
5670
6129
8391
6780
7743
6845
5676
5730
6718
7147
7221
8249
5680
6127
5682
5981
6128
6710
7599
5981
5687
5701
8350
7877
7597
8419
7271
6094
6031
7417
6564
6726
5746
5748
5698
5699
5700
6184
5702
5714
7358
7176
7235
5705
7466
6567
8184
8442
6530
7203
7347
6738
8312
5724
5729
7220
6786
8180
8399
7054
5720
5722
5721
5993
7023
6103
6986
7234
6109
5728
5745
6109
6051
7247
7595
6052
5737
6130
5888
6287
8147
7408
6151
6825
8225
5742
6653
6575
5742
8369
7171
7250
7251
5745
7875
5828
7878
5748
6225
7429
7930
6556
8094
7605
8275
6556
6702
5790
6176
7297
7836
5783
7581
8326
6546
8015
6971
8173
5781
6970
5770
8094
7392
7393
5850
6088
6624
5775
5776
7367
7302
5878
6969
7680
6625
5785
7383
5787
7873
5805
7901
5867
5792
6714
8284
7180
7223
7465
8083
8184
6053
5800
7076
7297
7836
5818
8292
5804
6202
7924
7883
5817
7876
5808
6334
7884
6337
5810
5812
7112
5812
7107
7094
8292
7962
5816
6236
6237
7869
5896
5820
8230
6124
6893
8362
8409
6735
7347
6044
7964
7966
5832
5835
6399
5835
5870
6384
7565
6474
6688
7483
6385
6694
7327
8308
6710
8292
5870
6048
6522
5851
6623
8440
6866
5851
6987
6991
6987
7056
6512
6513
6835
5857
6114
5860
5870
6367
7867
5863
5967
5865
6306
7710
7135
8102
6381
7123
5873
6272
6422
6267
7647
6045
6584
6204
7112
7883
6245
5880
6192
7391
5933
6409
6192
6245
6217
6714
6785
8230
5887
6166
6112
6216
5889
8080
5890
6928
6929
7356
5896
8269
6532
7386
8151
7386
8149
7848
6101
6179
6455
6582
5904
6582
6658
7438
6582
7670
5906
6454
6456
7399
6852
7596
6252
8452
8449
7482
6026
5916
6398
7884
6359
8325
6485
7062
7064
7062
8100
7849
5924
6304
8031
7130
7296
5926
6342
5928
6080
7624
5929
5931
5930
5931
5933
5935
7099
6380
5936
5939
7572
6248
7558
5947
7033
7644
7513
6745
7312
6747
6248
5947
5951
6377
5953
5990
5952
7563
7309
5954
6762
6358
8331
6811
6750
5961
7779
7501
7501
7671
8013
7264
7741
7609
8368
8086
5971
5978
7096
5979
5999
6128
6818
8242
6311
7177
5981
7097
7177
5988
7742
8032
7796
7014
6461
6832
6559
8328
5994
5997
7818
7114
6682
6803
8326
6385
7562
8417
6806
7745
7146
6055
7669
7846
6181
7565
6053
7139
7296
7395
7399
7783
7139
6011
6572
6020
8233
7197
8238
7326
7458
6884
7422
7651
8232
6601
7568
6802
7683
8171
7646
7753
7684
6577
7699
7477
7686
8307
6971
8377
7869
7876
6977
8063
7734
6916
8375
7275
6076
6379
7770
6618
6111
7374
7874
7899
7457
7663
8329
7578
6632
6636
7788
6632
6061
6062
6799
6075
8028
6973
7276
7176
8081
6360
8163
7677
7794
7460
6597
7744
6077
6379
6079
6093
7736
6144
8034
7013
6227
7905
6267
6084
6167
7904
6088
6141
7859
7991
6088
6522
7874
6255
6698
7040
6199
8321
6561
7594
6878
7645
8169
6544
8169
7476
7852
7549
8332
6108
6449
7407
7678
7103
8456
6453
8069
7845
8454
6199
7875
8297
7441
7684
7117
6162
8006
6244
6720
7870
6120
7821
6350
7476
7822
6750
8252
6350
6124
6839
8445
6138
6133
7752
7457
8358
6132
6135
6137
6140
6642
8391
6731
7375
7256
6624
6867
6171
6198
6199
6682
6148
8403
6153
6157
8352
7991
6157
6157
7143
8139
7266
7760
7960
8403
7426
6791
6790
6855
8317
6164
7948
6227
6327
7950
7247
7703
7879
7878
7800
6175
8092
7854
7936
6499
7724
6800
7720
6185
6542
6822
7293
7826
8166
7175
7505
8355
7739
8355
7102
7102
6542
7181
7184
7791
7947
7941
6769
7891
7014
7845
8454
6913
8030
7688
6880
7172
7921
6204
7112
8115
7921
7924
6208
6209
6718
6719
8249
7512
8272
7388
6909
8088
7180
7098
6947
7546
8241
8255
8006
7516
7538
7854
7588
7600
7162
6240
7036
7759
6231
7146
6280
7934
6336
7611
7938
7967
7279
7275
7155
7266
7279
7962
6251
7100
7101
6250
6251
7940
7917
6683
7637
7686
6865
6258
6318
6262
7626
6260
7162
7167
7950
6305
6315
6269
6704
7999
7116
7957
6386
7116
7770
7167
7951
7957
6275
7647
6270
6621
6277
6698
8071
6273
6424
7115
7115
7798
7954
6276
6279
6278
6279
7165
7759
6663
6733
6341
6343
7827
7625
8291
6390
7530
7542
7537
7540
6983
7193
6764
7063
7291
6980
6935
8103
7555
6669
7617
8242
6299
6426
8021
6325
6347
6733
6663
7454
7459
7141
7445
8373
7847
6403
7853
6722
7620
7226
6642
6751
6394
7092
7445
6985
7089
7110
8398
6326
7607
6536
7044
8388
7905
6329
8127
8039
6491
6340
6345
6338
6334
8008
7815
6344
7755
6345
6365
6352
6365
6639
7683
7208
7973
6964
6532
7278
6354
7776
8158
6456
6559
6386
6615
7020
7777
7689
8034
7478
6368
6381
7485
8412
6994
8136
7332
8186
6424
6497
6631
8024
7782
6606
6607
7484
7120
6388
6389
7073
6656
8251
6814
6396
6397
7134
7995
7444
7886
6398
8047
7445
7853
8373
8038
8093
8404
8049
8043
7886
7942
7943
7332
6413
6709
7300
7056
7244
7303
6416
6417
7466
6519
7708
7633
7918
8448
6426
6447
7718
7931
6803
8334
6544
7643
8334
8334
6545
6754
6759
7977
8063
6437
6439
6441
8157
6444
6446
8090
6440
6441
6804
6446
7419
6445
7410
8076
8090
8105
8107
8348
6446
7920
8073
6451
6464
8240
7713
6972
7261
8196
6662
6566
7081
7403
7816
6458
8165
6548
6747
6836
6929
6957
7191
6836
7719
6469
6742
6729
6734
6743
7071
7388
7977
6749
8133
6769
6479
6557
6578
6988
7955
6480
7413
6489
7043
8344
6995
7955
6968
6981
6988
7727
6690
7652
7701
6660
7269
6493
6982
7062
7592
7974
7974
8118
6682
6500
7723
6503
7520
7257
7475
6567
6817
8337
6518
8285
6792
6801
8416
6927
6819
6527
8183
8188
6678
7341
8185
6722
6728
7466
6932
6938
7312
8464
7354
8349
7305
7909
7449
6712
7200
8082
8057
6698
7080
6853
7403
8321
7160
8165
7645
7232
7148
7796
6557
6794
7376
6551
7081
6554
7983
6553
7390
7202
6555
7202
6664
6703
6664
7691
8457
6564
6662
7550
7717
8019
6575
8177
6812
8339
8340
8175
6887
6948
6638
6705
7582
8176
6762
7582
8208
8283
6583
7334
6693
6587
6802
7494
6687
7487
8190
6591
8020
6998
6723
6770
6771
6889
8054
8203
6618
7207
7409
7427
6607
8336
8266
8266
8363
8018
7715
7001
8464
8019
6616
6619
6620
6620
6620
6685
8378
6867
6701
6628
6629
6696
7579
7789
7479
7579
7776
7769
6640
7492
8129
8282
6692
8120
6649
6828
6859
7043
6827
8127
7866
8393
6830
8346
6704
8264
7233
6739
6855
8314
6741
8316
8318
6657
7044
8364
8068
6675
7583
8357
7461
7616
6674
6791
7582
6763
7574
6678
6687
6687
8146
8420
6694
7475
8132
7327
7481
6694
6934
7329
8331
8273
7394
6703
8237
8237
8286
8287
7213
8237
8287
7079
7587
7590
7591
8138
8198
6715
7580
6732
6774
6974
7532
8065
7632
6801
7329
8140
8021
6751
6734
8218
8148
7113
8143
7026
7787
6740
8314
8116
8351
7043
7235
7361
6748
7593
8457
7502
8311
6754
6759
7720
6756
6757
7714
6872
6763
8122
6776
6769
6773
7093
8122
7138
8067
6783
8129
6907
6914
6959
8113
8354
8192
6785
7580
8273
6797
6876
7650
8265
8363
6799
7329
8278
7559
7000
7357
8416
8464
6874
7260
7606
7813
7818
6808
8324
8072
6829
8373
8340
7620
6823
6824
7406
7715
8336
8418
7739
7508
8254
7497
8344
7650
8235
6856
7230
7495
8439
6843
6893
8098
6856
6846
7219
7222
7819
8332
7661
7664
8414
8215
7400
7643
7160
7556
7566
6860
7634
6859
7228
7509
7063
6898
7895
8138
7255
8036
6865
6869
8440
6939
7946
8140
8285
6884
7379
8231
7842
6891
7285
7334
8432
6902
8028
6902
7022
8400
6896
8185
6897
8443
7451
6900
6905
6904
8030
8195
8379
6912
7340
8058
6920
6921
7149
7178
7931
6920
7559
7895
7786
6924
6925
8144
6926
6926
7262
6931
6933
6935
8104
7056
7565
7254
6941
6958
7748
6941
6943
6945
7631
7887
6944
6945
7949
7267
6949
7548
8274
6951
6952
7910
8154
6955
7929
7187
7738
6960
7355
7356
6962
7786
6961
7929
6963
6965
8204
6975
7953
8136
7667
7674
8263
7110
7134
7206
6984
6985
7138
6978
7066
7995
6989
6989
7286
7113
6991
7474
6990
6989
6991
7780
6995
7955
6999
7953
6996
7949
8278
7029
7802
8028
7004
7006
7008
7005
7627
7989
7007
7058
7928
7954
7837
7019
7781
8106
7323
7431
8189
7120
8349
7471
8347
7471
8307
7030
7603
7907
8029
7031
7308
7603
7035
7038
7051
8219
8210
8210
7656
7630
7049
7050
8126
8184
7049
7052
7049
7344
7351
7997
7363
7052
7758
7055
7993
8194
7058
7060
7734
7066
7740
7249
7108
7082
7067
7860
7082
7071
7072
8053
7072
8152
7074
7075
7857
7077
7298
8146
8267
8434
7086
7674
7678
8197
7087
7091
7097
7098
7829
7097
7665
7831
7100
7102
7405
7107
7868
7109
8006
7138
7996
7490
8309
7980
7434
7958
7836
7958
7689
7124
7126
7125
7139
7128
7317
7894
8001
8002
7907
7135
7137
7138
7593
7840
8456
7994
7137
7994
7996
7498
8372
8404
8088
7150
7151
7150
7960
7153
7225
8301
7219
7220
8181
7157
7178
8434
8433
7162
7164
7167
8294
7166
7178
7165
8300
7166
7758
7760
8372
8404
7171
7692
7923
7881
7885
7992
7271
7598
7654
8074
7259
7239
7182
7435
7480
7937
7932
7933
7195
7289
8136
7306
7318
7320
7198
8080
8229
7387
7984
8083
8148
8096
8179
8179
7208
7972
7223
8148
7265
8200
8095
8370
7386
7498
8414
8346
8346
8372
7235
8367
8181
7392
7436
8178
7410
8204
7253
7272
7642
7644
7249
8390
7924
7252
7692
7255
8104
8103
7265
8084
7263
7264
7261
8460
7786
8081
7961
7963
7270
7273
7701
7277
7909
8147
7288
7869
7961
7282
7284
7360
7362
7283
7923
7361
7366
7295
7305
7419
7293
8335
7933
8031
7987
8046
7303
7364
7316
7319
7682
7513
8347
8419
8419
8002
7319
7323
7362
8405
7329
7330
7481
7988
7342
7334
7651
8134
8233
7336
7336
7337
7424
7651
7338
7338
7340
8187
7343
8059
8188
7343
8125
7350
8186
7348
7698
7358
7374
8188
7621
7353
7354
7738
7929
8418
7361
7364
8147
7366
7367
7372
7595
7377
8382
8409
7377
8415
7377
7388
7381
7381
7384
7899
8125
8128
8130
8385
7387
8085
8000
8206
8209
7397
7397
7604
8268
7399
8161
7401
7693
7402
7816
7405
7918
8459
7407
7969
7411
7412
8090
8210
7418
8406
7691
7535
8248
7545
7640
7425
8056
7423
7424
8137
7425
8058
7425
7428
7772
7430
7435
8343
7432
7432
8114
8173
8375
7440
7503
7851
7940
7452
8433
7666
7725
7458
7458
7462
7462
8021
7476
7468
8322
7470
7478
7687
7477
7687
7688
7506
7493
7484
7485
7489
7506
7488
7492
8190
7493
8024
7564
7494
8193
8282
7494
7506
8227
7497
7736
8034
7498
7502
8366
7502
8311
7763
7990
8160
8451
7512
7518
7510
7512
7518
7560
7789
7681
7560
7578
8260
7523
7910
8365
7968
7526
7528
7529
7529
7539
7534
7865
8406
7554
7558
8055
7544
8203
7544
8065
7545
7547
7548
7551
7552
7556
7552
7663
7555
8431
7663
7565
7853
8404
8299
7575
7571
7574
7577
7577
8327
7584
7984
8283
7586
7591
7590
7600
7605
7591
8284
7599
7821
8417
8272
8331
7818
8139
7609
8376
7610
7614
7614
7773
7617
8242
8306
8337
7622
8245
7628
7999
7928
7633
8106
8316
7781
7798
7635
7636
8314
7638
8455
8015
7644
7693
8333
8333
7648
7660
8261
8231
8319
7795
8348
7716
7675
7682
7679
7681
8171
7678
7681
7680
8394
7780
7688
7879
7709
7861
8361
8304
7705
8155
7801
8298
7723
7726
7728
7765
7729
8322
7954
7748
7735
7761
7740
8243
8453
8226
7945
7980
7865
7965
7858
7753
7755
7757
7759
7960
7962
7963
7764
7788
7767
7774
7771
7770
7774
7778
8226
7783
7800
8029
7800
7802
7953
7805
7848
7815
8064
8222
8222
7810
7812
8324
7817
8325
7820
8342
7842
8341
8459
8335
7932
7830
8461
7831
7834
7844
7844
8279
8309
7872
8274
7871
7879
7923
7906
7891
7895
8101
7893
8003
7897
8390
7903
7905
7911
7921
7912
7920
8263
8267
8439
7927
7938
8225
7964
7951
7978
7954
7958
7959
7966
8198
7971
8075
8359
8009
8207
8211
7987
8357
8153
8153
8180
8047
8005
8005
8463
8016
8121
8024
8025
8453
8046
8042
8141
8141
8048
8048
8050
8057
8428
8238
8062
8099
8064
8105
8067
8103
8076
8154
8077
8152
8079
8168
8084
8148
8093
8107
8093
8176
8175
8176
8098
8128
8114
8128
8114
8115
8351
8128
8119
8119
8138
8351
8141
8383
8239
8303
8151
8160
8159
8270
8165
8394
8396
8377
8186
8195
8191
8239
8197
8199
8201
8205
8283
8213
8216
8216
8217
8223
8406
8224
8224
8355
8455
8233
8236
8291
8246
8388
8360
8360
8387
8276
8277
8288
8290
8290
8290
8297
8296
8321
8300
8302
8342
8442
8311
8316
8413
8318
8330
8448
8339
8342
8345
8352
8354
8369
8400
8429
8429
8376
8450
8386
8390
8387
8401
8406
8407
8429
8426
8447
8431
8437
8441
8447
8451
)


// ************************************************************************* //
