/*--------------------------------*- C++ -*----------------------------------*\
| =========                 |                                                 |
| \\      /  F ield         | OpenFOAM: The Open Source CFD Toolbox           |
|  \\    /   O peration     | Version:  v1906                                 |
|   \\  /    A nd           | Web:      www.OpenFOAM.com                      |
|    \\/     M anipulation  |                                                 |
\*---------------------------------------------------------------------------*/
FoamFile
{
    version     2.0;
    format      ascii;
    class       labelList;
    location    "constant/polyMesh";
    object      pointProcAddressing;
}
// * * * * * * * * * * * * * * * * * * * * * * * * * * * * * * * * * * * * * //


1771
(
23
24
25
26
27
28
29
30
31
32
33
34
35
36
37
38
39
40
41
42
92
93
94
95
96
97
98
99
100
101
102
103
104
105
106
107
108
109
110
162
166
263
264
265
266
267
268
269
270
271
272
273
303
304
305
306
307
308
309
310
311
312
313
314
315
446
447
448
449
453
454
457
458
459
462
463
464
470
471
472
473
474
478
479
485
486
487
488
489
490
491
492
493
588
590
591
592
593
594
595
596
597
598
599
600
601
602
603
604
605
606
607
608
609
610
611
612
613
615
635
636
641
643
645
657
658
665
669
670
671
685
690
691
692
693
694
695
696
697
698
699
700
701
715
724
728
740
741
742
743
744
745
746
750
751
757
778
780
915
917
918
919
920
921
922
923
924
925
926
927
928
929
930
931
932
933
934
935
936
937
938
939
940
941
942
943
963
981
982
983
984
988
994
996
997
1004
1012
1020
1023
1024
1025
1026
1027
1028
1029
1030
1031
1032
1033
1034
1054
1056
1063
1078
1079
1080
1081
1082
1083
1084
1095
1099
1101
1112
1113
1229
1230
1231
1233
1234
1237
1238
1239
1243
1244
1247
1249
1250
1252
1255
1256
1257
1261
1262
1263
1264
1265
1269
1270
1271
1272
1274
1277
1278
1294
1299
1300
1303
1313
1315
1330
1546
1547
1548
1549
1550
1551
1552
1553
1554
1555
1556
1557
1558
1559
1560
1561
1562
1563
1564
1565
1566
1567
1568
1597
1598
1599
1600
1603
1604
1605
1606
1610
1611
1613
1614
1615
1618
1943
1953
1954
1961
1962
1963
1964
1965
1971
1972
1973
1974
1981
1983
1984
1986
1987
1988
1989
1990
1991
1992
1993
1994
1995
1996
1997
2006
2007
2029
2031
2032
2033
2034
2035
2036
2037
2038
2039
2040
2044
2045
2046
2047
2051
2052
2053
2055
2056
2058
2066
2067
2068
2069
2078
2079
2083
2084
2085
2086
2087
2088
2089
2090
2091
2094
2096
2097
2098
2102
2109
2111
2121
2122
2123
2124
2125
2126
2127
2129
2166
2167
2168
2169
2170
2171
2172
2173
2174
2175
2176
2177
2178
2179
2180
2181
2182
2184
2185
2186
2187
2188
2201
2202
2203
2211
2212
2214
2215
2216
2246
2256
2273
2297
2298
2299
2300
2301
2310
2311
2329
2330
2331
2332
2333
2335
2336
2338
2339
2340
2341
2342
2343
2344
2345
2346
2347
2395
2396
2692
2693
2694
2695
2697
2699
2702
2703
2704
2705
2708
2729
2730
2731
2732
2733
2748
2749
2772
2778
2798
2799
2800
2801
2802
2803
2804
2805
2806
2807
2808
2809
2810
2811
2812
2813
2814
2815
2816
2817
2818
2819
2820
2821
2822
2823
2824
2825
2826
2827
2828
2829
2830
2831
2832
2833
2834
2844
2845
2862
2864
2865
2871
2872
2873
2874
2875
2876
2877
2878
2879
2880
2881
2882
2883
2884
2885
2886
2887
2888
2889
2890
2891
2892
2894
2895
2898
2899
2907
2908
2909
2910
2911
2912
2913
2916
2917
2918
2919
2953
2966
2969
2973
2974
2975
2988
2989
3008
3009
3011
3012
3013
3014
3015
3016
3017
3018
3019
3020
3021
3022
3023
3024
3025
3026
3033
3034
3053
3055
3056
3057
3058
3059
3060
3061
3062
3063
3064
3065
3066
3067
3068
3069
3070
3071
3072
3073
3074
3075
3078
3079
3080
3081
3082
3083
3084
3085
3086
3090
3091
3092
3093
3094
3095
3096
3097
3098
3099
3100
3101
3102
3103
3104
3105
3108
3109
3110
3112
3113
3114
3115
3116
3117
3118
3120
3121
3122
3123
3124
3125
3126
3127
3128
3129
3130
3131
3132
3133
3134
3135
3136
3137
3139
3140
3141
3142
3143
3148
3149
3151
3152
3153
3154
3155
3156
3168
3169
3170
3171
3190
3191
3193
3194
3197
3198
3202
3203
3204
3205
3206
3208
3209
3210
3211
3212
3213
3215
3221
3225
3226
3227
3228
3232
3236
3238
3241
3244
3245
3246
3247
3248
3249
3250
3251
3252
3253
3254
3255
3256
3257
3258
3259
3261
3262
3263
3264
3265
3266
3267
3270
3271
3272
3273
3276
3277
3278
3279
3280
3281
3282
3283
3284
3285
3286
3287
3288
3289
3290
3291
3292
3299
3300
3301
3302
3305
3306
3307
3308
3309
3310
3313
3314
3315
3316
3317
3318
3320
3321
3322
3323
3324
3325
3326
3327
3328
3329
3330
3331
3332
3333
3334
3335
3336
3337
3338
3339
3340
3341
3342
3343
3344
3345
3346
3348
3349
3350
3351
3352
3353
3354
3357
3358
3359
3360
3361
3362
3366
3367
3368
3369
3372
3373
3374
3375
3376
3377
3378
3379
3381
3382
3383
3384
3385
3386
3387
3388
3389
3390
3391
3392
3393
3394
3395
3396
3397
3398
3399
3400
3402
3403
3404
3406
3407
3408
3409
3410
3411
3412
3413
3414
3415
3416
3417
3419
3420
3421
3422
3423
3424
3425
3426
3427
3430
3431
3432
3433
3434
3435
3436
3439
3440
3441
3442
3443
3444
3445
3446
3447
3448
3449
3450
3451
3452
3453
3454
3455
3456
3457
3458
3459
3460
3461
3462
3463
3464
3465
3466
3468
3469
3470
3471
3472
3473
3474
3475
3480
3481
3482
3483
3484
3485
3486
3487
3488
3489
3490
3491
3492
3493
3494
3495
3496
3498
3499
3500
3501
3502
3503
3504
3505
3506
3507
3508
3509
3510
3511
3512
3513
3514
3515
3516
3517
3518
3519
3520
3521
3522
3523
3524
3525
3526
3527
3528
3529
3530
3531
3532
3533
3534
3535
3536
3537
3538
3539
3540
3541
3542
3543
3544
3545
3546
3547
3548
3549
3550
3551
3552
3553
3554
3555
3556
3557
3558
3559
3561
3562
3564
3565
3566
3567
3568
3569
3570
3571
3572
3573
3574
3575
3576
3577
3578
3579
3580
3581
3582
3583
3584
3585
3586
3587
3588
3589
3590
3591
3592
3593
3594
3595
3596
3597
3598
3599
3600
3601
3602
3603
3604
3605
3606
3607
3608
3609
3610
3611
3612
3613
3614
3615
3616
3617
3618
3619
3620
3621
3622
3623
3624
3625
3626
3627
3628
3629
3630
3631
3632
3633
3634
3635
3636
3637
3638
3639
3640
3641
3642
3643
3644
3645
3646
3647
3648
3649
3650
3651
3652
3653
3654
3655
3656
3657
3658
3659
3660
3661
3662
3663
3664
3665
3666
3667
3668
3669
3670
3671
3673
3676
3677
3678
3679
3680
3681
3682
3683
3684
3685
3686
3687
3688
3689
3693
3694
3695
3696
3697
3698
3699
3700
3701
3702
3703
3704
3705
3706
3707
3708
3709
3710
3711
3712
3713
3714
3715
3716
3717
3718
3719
3720
3721
3722
3723
3724
3725
3726
3727
3728
3729
3730
3731
3732
3733
3734
3735
3736
3737
3738
3739
3740
3741
3742
3743
3744
3745
3746
3747
3748
3749
3750
3751
3752
3753
3754
3755
3756
3757
3758
3759
3760
3761
3762
3763
3764
3765
3766
3767
3768
3769
3770
3771
3772
3773
3774
3775
3776
3777
3778
3779
3780
3781
3782
3783
3784
3785
3786
3787
3788
3789
3790
3791
3792
3793
3794
3795
3796
3797
3798
3799
3800
3801
3802
3803
3804
3805
3806
3807
3808
3809
3810
3811
3812
3813
3814
3815
3816
3817
3818
3819
3820
3821
3822
3823
3824
3825
3826
3827
3828
3829
3830
3831
3833
3834
3835
3836
3837
3838
3839
3840
3841
3842
3843
3844
3845
3846
3847
3848
3849
3850
3851
3852
3853
3854
3855
3856
3857
3858
3859
3860
3861
3862
3863
3864
3865
3866
3867
3868
3869
3870
3871
3872
3873
3874
3875
3876
3877
3878
3879
3880
3881
3882
3883
3884
3885
3886
3887
3888
3889
3890
3891
3892
3893
3894
3895
3896
3897
3898
3899
3900
3901
3902
3903
3904
3905
3906
3907
3908
3909
3910
3911
3912
3913
3914
3915
3916
3917
3918
3919
3920
3921
3922
3923
3924
3925
3926
3927
3928
3929
3930
3931
3932
3933
3934
3935
3936
3937
3938
3939
3940
3941
3942
3943
3944
3945
3946
3947
3948
3949
3950
3952
3953
3954
3955
3956
3957
3958
3959
3960
3961
3962
3963
3964
3965
3966
3967
3968
3969
3970
3971
3972
3973
3974
3975
3978
3979
3980
3981
3982
3983
3984
3985
3986
3987
3988
3989
3990
3991
3992
3993
3994
3995
3996
3997
3998
3999
4000
4001
4002
4003
4004
4005
4006
4007
4008
4009
4010
4011
4012
4013
4014
4015
4016
4017
4018
4019
4023
4024
4025
4026
4027
4028
4029
4030
4031
4032
4033
4034
4035
4036
4037
4038
4039
4040
4041
4042
4043
4044
4045
4046
4047
4048
4049
4050
4051
4052
4053
4054
4055
4056
4057
4058
4059
4060
4061
4062
4063
4064
4065
4066
4067
4068
4069
4071
4073
4074
4075
4076
4077
4078
4079
4082
4083
4084
4085
4086
4087
4088
4089
4090
4091
4093
4094
4095
4096
4097
4098
4099
4100
4101
4102
4103
4104
4105
4106
4107
4108
4109
4110
4111
4112
4113
4114
4115
4116
4117
4118
4119
4120
4121
4122
4123
4124
4125
4126
4127
4128
4129
4130
4131
4132
4133
4134
4135
4136
4137
4138
4139
4140
4141
4142
4143
4144
4145
4146
4147
4148
4149
4150
4153
4154
4155
4156
4157
4158
4159
4160
4161
4162
4163
4164
4165
4166
4167
4168
4169
4170
4171
4172
4173
4174
4175
4176
4177
4178
4179
4180
4181
4183
4184
4185
4186
4187
4188
4189
4190
4191
4192
4193
4194
4195
4196
4197
4198
4199
4200
4201
4202
4203
4204
4205
4206
4207
4208
4212
4214
4215
4216
4217
4218
4219
4220
4221
4222
4223
4224
4225
4226
4227
4228
4230
4231
4232
4233
4234
4235
4236
4242
4243
4244
4245
4246
4247
4248
4249
4251
4252
4253
4254
4256
4257
4258
4259
4260
4261
4262
4263
4264
4265
4266
4267
4268
4270
4271
4272
4273
4274
4277
4281
4282
4283
4284
4285
4286
4287
4288
4289
4290
4291
4292
4293
4294
4295
4296
4297
4298
4299
4300
4301
4302
4303
4304
4305
4306
4307
4308
4309
4310
4311
4312
4313
4315
4320
4322
4326
4327
4328
4329
4333
4334
4340
4341
4342
4343
4345
4346
4347
4359
4369
4371
4372
4373
4375
4401
4402
4403
4479
4480
5553
5554
5555
5556
5563
5565
5573
5574
5577
5578
5579
5580
5581
5582
5583
5584
5585
5586
5588
5589
5590
5591
5592
5593
5594
5595
5596
5597
5598
5599
5600
5601
5602
5603
5604
5605
5606
5607
5608
5609
5610
5611
5612
5613
5614
5615
5616
5617
5618
5619
5620
5621
5622
5623
5624
5625
5626
5627
5628
5629
5632
5633
5634
5635
5637
5752
5753
5893
5894
5895
)


// ************************************************************************* //
