/*--------------------------------*- C++ -*----------------------------------*\
| =========                 |                                                 |
| \\      /  F ield         | OpenFOAM: The Open Source CFD Toolbox           |
|  \\    /   O peration     | Version:  v1906                                 |
|   \\  /    A nd           | Web:      www.OpenFOAM.com                      |
|    \\/     M anipulation  |                                                 |
\*---------------------------------------------------------------------------*/
FoamFile
{
    version     2.0;
    format      ascii;
    class       labelList;
    location    "constant/polyMesh";
    object      pointProcAddressing;
}
// * * * * * * * * * * * * * * * * * * * * * * * * * * * * * * * * * * * * * //


4330
(
34
35
36
37
38
39
40
93
94
95
96
97
98
99
128
130
189
190
191
192
193
194
268
269
270
271
272
273
274
275
304
305
306
307
308
309
310
311
312
313
314
315
316
317
318
319
320
321
322
323
324
325
326
327
328
346
347
348
349
350
351
352
353
354
355
356
357
358
359
360
381
382
383
384
385
386
387
388
389
390
391
392
393
394
395
494
495
496
497
498
554
555
608
609
670
674
871
872
873
874
875
876
877
934
981
982
983
986
1201
1202
1203
1204
1205
1206
1207
1208
1209
1223
1224
1225
1226
1227
1228
1229
1230
1231
1232
1233
1234
1235
1236
1237
1238
1239
1240
1241
1242
1256
1257
1258
1269
1270
1271
1272
1273
1274
1275
1276
1285
1290
1291
1292
1293
1297
1298
1299
1300
1301
1302
1303
1304
1305
1306
1307
1308
1309
1318
1319
1320
1328
1329
1330
1331
1332
1333
1334
1335
1337
1338
1343
1348
1353
1354
1355
1356
1357
1358
1359
1360
1361
1362
1363
1368
1369
1374
1376
1383
1384
1385
1386
1387
1388
1389
1392
1397
1407
1408
1409
1410
1411
1412
1413
1414
1419
1420
1422
1424
1425
1432
1433
1434
1435
1436
1437
1438
1444
1445
1446
1447
1448
1449
1450
1451
1452
1458
1462
1465
1468
1469
1475
1476
1477
1478
1479
1487
1488
1489
1490
1491
1492
1493
1494
1500
1501
1507
1509
1510
1511
1512
1515
1516
1517
1518
1520
1523
1529
1531
1535
1536
1537
1540
1541
1542
1543
1545
1549
1554
1558
1559
1560
1562
1563
1564
1565
1575
1581
1583
1584
1585
1601
1602
1603
1604
1605
1606
1607
1608
1628
1629
1630
1631
1632
1633
1634
1635
1636
1637
1638
1639
1640
1641
1651
1652
1653
1667
1668
1669
1670
1671
1673
1674
1675
1676
1678
1681
1683
1686
1687
1688
1689
1699
1700
1701
1702
1703
1704
1705
1706
1708
1709
1722
1723
1724
1725
1727
1728
1732
1734
1744
1745
1746
1747
1748
1749
1750
1751
1753
1754
1756
1757
1758
1759
1760
1761
1762
1772
1773
1774
1776
1780
1787
1788
1789
1790
1791
1793
1794
1797
1801
1802
1803
1804
1806
1814
1815
1816
1821
1822
1829
1830
1831
1832
1833
1835
1836
1838
1840
1841
1852
1854
1855
1856
1862
1863
1865
1867
1868
1870
1872
1873
1879
1887
1888
1889
1892
1895
1896
1898
1899
1900
1905
1911
1912
1914
1917
1919
1923
1924
1932
1935
1939
1943
1944
1945
1946
1947
1948
1949
1950
1951
1952
1953
1954
1955
1956
1957
1958
1959
1960
1961
1962
1963
1964
1965
1966
1967
1983
1984
1985
1986
1987
1988
1989
1990
1991
1992
1993
1994
1995
1996
1997
1998
1999
2000
2002
2003
2004
2005
2006
2007
2008
2009
2010
2011
2012
2013
2014
2015
2016
2017
2018
2019
2020
2021
2022
2023
2024
2025
2026
2027
2028
2029
2030
2031
2032
2033
2034
2035
2036
2037
2038
2039
2040
2041
2042
2043
2044
2045
2046
2047
2048
2049
2050
2051
2052
2053
2054
2055
2056
2057
2058
2059
2060
2061
2062
2063
2064
2065
2066
2067
2068
2069
2070
2071
2072
2073
2074
2075
2076
2077
2078
2079
2080
2081
2082
2083
2084
2085
2086
2087
2088
2089
2090
2091
2092
2093
2094
2095
2096
2097
2098
2099
2100
2101
2102
2103
2104
2105
2106
2107
2108
2109
2110
2111
2112
2113
2114
2115
2116
2117
2118
2119
2120
2121
2122
2123
2124
2125
2126
2127
2128
2129
2130
2131
2132
2133
2134
2135
2136
2137
2138
2139
2140
2141
2142
2143
2144
2145
2146
2147
2148
2149
2150
2151
2152
2153
2154
2155
2156
2157
2158
2159
2160
2161
2162
2163
2164
2165
2166
2167
2168
2169
2170
2171
2172
2173
2174
2175
2176
2177
2178
2179
2180
2181
2182
2183
2184
2185
2186
2187
2188
2189
2190
2191
2192
2193
2194
2195
2196
2197
2198
2199
2200
2201
2202
2203
2204
2205
2206
2207
2208
2209
2210
2211
2212
2213
2214
2215
2216
2217
2218
2219
2220
2221
2222
2223
2224
2225
2226
2227
2228
2229
2230
2231
2232
2233
2234
2235
2236
2237
2238
2239
2240
2241
2242
2243
2244
2245
2246
2247
2248
2249
2250
2251
2252
2253
2254
2255
2256
2257
2258
2596
2597
2598
2599
2600
2601
2602
2603
2604
2605
2606
2607
2608
2609
2610
2622
2633
2634
2635
2636
2650
2651
2652
2653
2663
2664
2665
2666
2667
2668
2669
2670
2671
2672
2673
2674
2675
2676
2686
2687
2688
2689
2690
2691
2692
2698
2699
2700
2708
2710
2711
2713
2714
2719
2721
2722
2723
2724
2725
2726
2727
2728
2729
2730
2731
2733
2744
2745
2746
2747
2748
2749
2753
2757
2759
2764
2769
2770
2771
2772
2773
2774
2775
2776
2777
2779
2788
2789
2790
2791
2792
2794
2798
2802
2804
2808
2809
2812
2813
2814
2815
2816
2817
2818
2826
2827
2828
2829
2831
2838
2844
2845
2846
2847
2848
2849
2856
2857
2866
2867
2868
2869
2870
2878
2880
2883
2884
2889
2890
2897
2898
2902
3683
3684
3685
3688
3689
3692
3693
3694
3701
3702
3703
3704
3705
3706
3707
3708
3709
3710
3711
3712
3713
3714
3715
3716
3717
3719
3721
3722
3723
3724
3725
3726
3727
3728
3729
3730
3731
3732
3733
3734
3735
3736
3737
3738
3739
3740
3741
3747
3748
3749
3750
3751
3752
3753
3754
3755
3756
3757
3758
3759
3760
3761
3762
3763
3764
3765
3766
3775
3776
3777
3778
3779
3780
3784
3785
3786
3787
3788
3789
3790
3791
3792
3793
3794
3795
3796
3804
3805
3807
3808
3809
3811
3812
3813
3814
3815
3816
3818
3820
3821
3822
3823
3824
3825
3826
3827
3828
3829
3855
3856
3857
3858
3859
3860
3862
3863
3864
3866
3867
3868
3869
3872
3873
3874
3875
3876
3877
3881
3882
3883
3884
3885
3886
3887
3888
3889
3890
3891
3892
3893
3894
3895
3896
3897
3898
3899
3901
3902
3905
3906
3908
3910
3911
3912
3913
3920
3921
3930
3931
3932
3933
3934
3935
3936
3937
3938
3939
3940
3941
3980
3981
3982
3983
3985
3987
3988
3989
3992
3999
4000
4001
4003
4004
4005
4006
4007
4008
4010
4015
4027
4028
4029
4032
4035
4038
4039
4084
4094
4095
4096
4097
4099
4101
4102
4103
4104
4105
4106
4107
4108
4109
4110
4111
4120
4121
4122
4123
4126
4143
4150
4151
4152
4153
4154
4157
4158
4159
4160
4195
4219
4223
4229
4230
4231
4232
4233
4234
4235
4304
4305
4388
4392
4413
4414
4492
4495
4949
4950
4951
4952
4953
4954
4955
4956
4957
4958
4959
4960
4961
4962
4963
4964
4965
4968
4969
4971
4972
5065
5066
5067
5068
5069
5070
5071
5072
5073
5074
5075
5076
5077
5078
5079
5080
5081
5082
5083
5084
5085
5086
5087
5088
5089
5136
5138
5139
5140
5141
5142
5143
5145
5146
5147
5148
5153
5154
5155
5160
5162
5171
5172
5173
5175
5187
5383
5384
5385
5386
5387
5389
5390
5391
5393
5394
5395
5396
5397
5398
5399
5400
5401
5402
5403
5404
5405
5406
5407
5408
5409
5410
5412
5413
5415
5416
5420
5421
5422
5423
5424
5425
5426
5427
5428
5429
5430
5431
5432
5433
5434
5435
5440
5442
5443
5444
5445
5446
5447
5453
5454
5455
5456
5457
5458
5459
5460
5461
5462
5463
5465
5466
5471
5481
5482
5483
5484
5485
5502
5503
5567
5568
5569
5570
5571
5572
5573
5574
5575
5576
5577
5578
5579
5580
5581
5582
5583
5584
5585
5586
5587
5588
5589
5590
5591
5592
5598
5599
5600
5601
5602
5603
5604
5605
5606
5607
5608
5609
5610
5611
5612
5613
5618
5619
5620
5621
5622
5623
5624
5625
5626
5627
5628
5629
5630
5634
5645
5646
5647
5648
5649
5650
5688
5689
5690
5691
5692
5693
5694
5695
5696
5697
5698
5699
5700
5701
5702
5705
5706
5722
5723
5724
5725
5726
5784
5982
5983
6012
6013
6016
6017
6018
6019
6021
6025
6026
6027
6029
6032
6033
6034
6035
6036
6037
6038
6039
6040
6059
6067
6068
6083
6092
6093
6111
6112
6113
6120
6121
6181
6182
6183
6184
6185
6186
6187
6188
6189
6190
6191
6192
6237
6238
6240
6244
6245
6246
6415
6416
6418
6419
6421
6422
6423
6426
6430
6431
6432
6433
6446
6447
6448
6449
6450
6451
6453
6455
6469
6470
6489
6490
6491
6492
6493
6494
6495
6525
6526
6527
6528
6529
6588
6589
6590
6591
6592
6593
6594
6595
6596
6597
6598
6623
6624
6651
6652
6653
6654
6655
6656
6657
6658
6659
6660
6661
6662
6663
6698
6699
6702
6742
6743
6820
6821
6822
6823
6859
6861
6867
6868
6869
6870
6871
6898
6899
6900
6904
6905
6906
6907
6908
6909
6910
6911
6912
6913
6914
6915
6916
6917
6918
6919
6920
6921
6922
6923
6924
6992
6993
6994
6995
6996
6997
6998
6999
7000
7001
7002
7003
7004
7005
7006
7007
7008
7009
7010
7011
7012
7014
7015
7016
7017
7018
7019
7021
7022
7023
7025
7026
7027
7028
7031
7032
7033
7034
7035
7036
7039
7040
7041
7048
7049
7050
7051
7052
7054
7062
7063
7077
7078
7079
7080
7081
7082
7083
7087
7088
7089
7090
7091
7092
7093
7094
7095
7096
7097
7098
7099
7107
7122
7123
7124
7125
7126
7127
7128
7155
7156
7157
7158
7159
7160
7169
7170
7178
7179
7350
7351
7352
7353
7354
7355
7356
7357
7358
7359
7360
7361
7363
7364
7365
7366
7367
7368
7369
7370
7371
7372
7373
7374
7375
7376
7377
7378
7382
7384
7385
7386
7387
7392
7393
7394
7395
7396
7397
7398
7399
7400
7401
7403
7404
7413
7414
7421
7422
7423
7424
7425
7426
7427
7428
7429
7430
7431
7434
7461
7463
7464
7465
7473
7474
7475
7476
7477
7478
7479
7480
7481
7482
7483
7484
7485
7486
7487
7488
7489
7490
7491
7492
7493
7494
7495
7496
7497
7498
7499
7500
7501
7502
7503
7504
7505
7506
7507
7508
7509
7510
7511
7527
7528
7529
7530
7531
7532
7533
7534
7535
7536
7537
7563
7564
7565
7566
7567
7568
7569
7570
7571
7572
7573
7578
7579
7580
7583
7584
7586
7588
7589
7590
7591
7592
7597
7598
7603
7604
7605
7606
7614
7623
7624
7625
7626
7627
7628
7646
7652
7653
7654
7655
7656
7657
7658
7659
7660
7749
7762
7779
7780
7811
7812
7843
7844
7845
7846
7847
7848
7849
7850
7851
7852
7853
7854
7855
7856
7857
7858
7859
7860
7861
7862
7863
7865
7866
7869
7870
7871
7872
7873
7874
7875
7876
7877
7878
7879
7880
7881
7882
7883
7888
7889
7890
7891
7892
7893
7894
7895
7896
7897
7899
7900
7901
7902
7903
7904
7906
7907
7908
7909
7910
7911
7912
7913
7914
7917
7919
7920
7921
7922
7929
7930
7931
7932
7933
7934
7935
7936
7937
7938
7947
7948
7949
7950
7951
7952
7953
7954
7955
7956
7958
7959
7960
7962
7976
7977
7978
7979
7980
7981
7982
7983
7984
7985
7986
7987
7988
7989
7990
7991
7992
7993
7994
7995
7996
7997
7999
8000
8001
8009
8013
8014
8015
8016
8017
8027
8028
8029
8030
8032
8041
8042
8043
8044
8045
8046
8047
8048
8049
8050
8051
8052
8053
8054
8055
8056
8057
8059
8126
8127
8128
8129
8130
8131
8134
8135
8136
8137
8144
8145
8146
8147
8148
8149
8150
8151
8152
8153
8154
8155
8156
8157
8158
8159
8160
8161
8162
8163
8164
8166
8175
8176
8177
8178
8179
8180
8181
8182
8183
8184
8185
8192
8193
8194
8195
8196
8197
8198
8199
8200
8201
8202
8203
8204
8205
8206
8207
8208
8209
8210
8211
8235
8237
8238
8239
8240
8245
8246
8247
8248
8251
8252
8253
8254
8255
8261
8262
8263
8267
8268
8269
8270
8277
8278
8279
8280
8281
8282
8283
8284
8285
8293
8294
8295
8296
8297
8298
8299
8300
8301
8302
8310
8314
8315
8316
8317
8320
8321
8324
8325
8326
8327
8328
8329
8330
8335
8336
8340
8341
8342
8346
8357
8359
8367
8371
8377
8378
8379
8380
8381
8382
8383
8384
8385
8386
8387
8388
8389
8390
8391
8392
8393
8394
8395
8396
8397
8398
8399
8400
8401
8402
8403
8404
8405
8406
8407
8408
8409
8410
8411
8412
8413
8414
8415
8416
8417
8418
8419
8420
8421
8422
8423
8424
8425
8426
8427
8428
8429
8430
8431
8432
8433
8434
8435
8436
8437
8438
8439
8440
8441
8442
8443
8444
8445
8446
8447
8448
8449
8450
8451
8452
8453
8454
8455
8456
8457
8458
8459
8460
8461
8462
8463
8464
8465
8466
8467
8468
8469
8470
8471
8472
8473
8474
8475
8476
8477
8478
8479
8480
8481
8482
8483
8484
8485
8486
8487
8488
8489
8490
8491
8492
8493
8494
8495
8496
8498
8499
8500
8501
8502
8503
8504
8505
8506
8507
8508
8509
8510
8511
8512
8513
8514
8515
8516
8517
8518
8519
8520
8521
8522
8523
8524
8525
8526
8528
8529
8530
8531
8532
8533
8534
8535
8536
8537
8538
8539
8540
8541
8542
8543
8544
8545
8546
8547
8548
8549
8550
8552
8553
8554
8555
8556
8557
8558
8559
8560
8561
8562
8563
8564
8565
8566
8567
8568
8569
8570
8571
8572
8573
8577
8578
8579
8581
8582
8583
8584
8585
8586
8587
8588
8589
8590
8591
8592
8593
8594
8595
8596
8597
8598
8599
8600
8601
8602
8603
8604
8605
8606
8607
8608
8609
8610
8611
8612
8613
8614
8615
8616
8617
8618
8619
8620
8621
8622
8623
8624
8625
8626
8627
8628
8629
8630
8631
8632
8633
8634
8635
8636
8637
8638
8639
8640
8641
8642
8643
8644
8645
8646
8647
8648
8649
8650
8651
8652
8653
8654
8655
8656
8657
8658
8659
8660
8661
8662
8663
8664
8665
8666
8667
8668
8669
8670
8671
8672
8673
8674
8675
8676
8677
8678
8679
8680
8681
8682
8683
8684
8685
8686
8687
8688
8689
8690
8691
8692
8693
8694
8695
8696
8697
8698
8699
8700
8701
8702
8703
8704
8705
8706
8707
8708
8709
8710
8711
8712
8713
8714
8715
8716
8717
8718
8719
8720
8721
8722
8723
8724
8725
8726
8727
8728
8729
8730
8731
8732
8733
8734
8735
8736
8737
8738
8739
8740
8741
8742
8743
8744
8745
8746
8747
8748
8749
8750
8751
8752
8753
8754
8755
8756
8757
8758
8759
8760
8761
8762
8763
8764
8765
8766
8767
8768
8769
8770
8771
8772
8773
8774
8775
8776
8777
8778
8779
8780
8781
8782
8783
8784
8785
8786
8787
8788
8789
8790
8791
8792
8793
8794
8795
8796
8797
8798
8799
8800
8801
8802
8803
8804
8805
8806
8807
8808
8809
8810
8811
8812
8813
8814
8815
8816
8817
8818
8819
8820
8821
8822
8823
8824
8825
8826
8827
8828
8829
8830
8831
8832
8833
8834
8835
8836
8837
8838
8839
8840
8841
8842
8843
8844
8845
8846
8847
8848
8849
8850
8851
8852
8853
8854
8855
8856
8857
8858
8859
8860
8861
8862
8863
8864
8865
8866
8867
8868
8869
8870
8871
8872
8873
8874
8875
8876
8877
8878
8879
8880
8881
8882
8883
8884
8885
8886
8887
8888
8889
8890
8891
8892
8893
8894
8895
8896
8897
8898
8899
8900
8901
8902
8903
8904
8905
8906
8907
8908
8909
8910
8911
8912
8913
8914
8915
8916
8917
8918
8919
8920
8921
8922
8923
8924
8925
8926
8927
8928
8929
8930
8931
8932
8933
8934
8935
8937
8938
8939
8941
8942
8943
8944
8945
8946
8947
8948
8949
8951
8953
8954
8955
8956
8957
8958
8959
8962
8963
8964
8965
8966
8967
8968
8969
8970
8971
8972
8973
8975
8976
8977
8978
8979
8980
8981
8982
8983
8984
8985
8986
8987
8988
8989
8990
8991
8992
8993
8994
8995
8996
8997
8998
8999
9000
9001
9002
9005
9006
9007
9008
9009
9010
9011
9012
9013
9015
9016
9017
9018
9019
9020
9021
9022
9023
9024
9025
9026
9027
9028
9031
9032
9033
9034
9035
9036
9037
9038
9039
9042
9043
9044
9045
9048
9053
9054
9055
9056
9057
9058
9063
9064
9065
9066
9068
9069
9071
9076
9077
9079
9080
9084
9086
9091
9092
9093
9102
9103
9104
9105
9106
9107
9108
9109
9110
9111
9112
9113
9114
9115
9116
9117
9118
9119
9120
9121
9122
9123
9124
9125
9126
9127
9128
9129
9130
9131
9132
9133
9136
9138
9173
9174
9175
9176
9177
9178
9179
9180
9181
9182
9183
9184
9185
9186
9187
9188
9189
9190
9191
9192
9193
9194
9195
9196
9197
9198
9199
9200
9201
9202
9203
9204
9205
9206
9207
9208
9209
9210
9211
9212
9213
9214
9215
9216
9217
9218
9220
9221
9222
9223
9224
9225
9226
9227
9228
9229
9230
9231
9232
9233
9234
9235
9236
9237
9238
9239
9240
9241
9242
9243
9244
9245
9246
9247
9248
9249
9250
9251
9268
9270
9271
9274
9275
9277
9278
9279
9285
9286
9298
9302
9303
9304
9332
9333
9354
9388
9391
9397
9398
9399
9400
9447
9505
9507
9508
9510
9511
9512
9513
9514
9521
9525
9625
9626
9627
9628
9629
9631
9652
9653
9654
9655
9656
9657
9658
9659
9660
9661
9662
9663
9664
9665
9666
9667
9668
9669
9670
9676
9681
9682
9692
9693
9694
9695
9696
9828
9849
9867
9868
9869
9871
9872
9873
9874
9883
11193
11195
11196
11197
11200
11213
11214
11215
11216
11217
11218
11219
11220
11221
11222
11223
11224
11312
11313
11315
11316
11317
11318
11319
11320
11321
11322
11323
11324
11325
11326
11328
11575
11603
11604
11611
11614
11616
11617
11618
11619
11621
11622
11623
11624
11625
11626
11627
11628
11629
11630
11631
11632
11633
11634
11635
11636
11637
11638
11639
11640
11641
11642
11643
11644
11645
11646
11647
11648
11649
11650
11651
11652
11653
11654
11655
11656
11657
11658
11659
11660
11661
11662
11663
11664
11665
11666
11667
11668
11669
11670
11671
11672
11673
11674
11675
11676
11677
11678
11679
11680
11681
11682
11683
11684
11685
11686
11687
11688
11689
11690
11691
11692
11693
11694
11695
11696
11697
11698
11699
11700
11701
11702
11703
11704
11705
11706
11707
11708
11709
11710
11711
11712
11713
11714
11715
11716
11717
11718
11719
11720
11721
11722
11723
11724
11725
11726
11727
11728
11729
11730
11731
11732
11733
11734
11735
11736
11737
11738
11739
11740
11741
11742
11743
11744
11745
11746
11747
11748
11749
11750
11751
11752
11753
11754
11755
11756
11905
11913
11914
11915
11916
11937
11938
11939
11940
11941
11942
11943
11944
11945
11946
11947
11948
11949
11950
11951
11952
11953
11954
11955
11956
11957
11958
11959
11960
11961
11962
11963
11964
11965
11966
11967
11968
11969
11970
11971
11972
11973
11974
11975
11976
11977
11978
11979
11980
11981
11982
11983
11984
11985
11986
11987
11988
11989
11990
11991
11992
11993
11994
11995
11996
11997
11998
11999
12000
12001
12002
12003
12004
12005
12006
12007
12008
12009
12010
12011
12012
12013
12014
12015
12016
12017
12018
12019
12020
12021
12022
12023
12024
12025
12026
12027
12028
12029
12030
12031
12095
12097
12099
12100
12101
12102
12103
12104
12105
12106
12147
12148
12149
12150
12151
12190
12191
12192
12193
12194
12195
12196
12198
12199
12200
12201
12202
12203
12204
12205
12206
12207
12208
12209
12210
12211
12212
12213
12214
12215
12216
12217
12218
12219
12220
12221
12222
12223
12224
12249
12250
12251
12460
12466
12467
12468
12469
12470
12471
12472
12473
12474
12475
12476
12477
12478
12479
12480
12481
12482
12483
12523
12543
12553
12554
12555
12556
12557
12558
12559
12560
12561
12562
12563
12564
12565
12566
12567
12568
12569
12570
12571
12577
12578
12579
12580
12581
12582
12583
12584
12585
12586
12587
12588
12589
12590
12591
12592
12593
12594
12595
12596
12597
12598
12599
12600
12601
12602
12603
12604
12605
12606
12607
12608
12610
12611
12614
12615
12617
12618
12619
12620
12621
12622
12623
12624
12625
12626
12627
12628
12629
12630
12631
12632
12633
12634
12635
12636
12637
12638
12639
12640
12641
12642
12643
12644
12668
12669
12692
12693
12694
12695
12696
12697
12698
12699
12700
12701
12702
12703
12704
12705
12706
12707
12708
12709
12710
12711
12712
12716
12717
12718
12731
12733
12775
12776
12778
12779
12780
12781
12782
12783
12784
12785
12786
12787
12788
12789
12790
12792
12793
12794
12795
12796
12797
12798
12799
12800
12801
12802
12803
12804
12805
12806
12807
12808
12809
12810
12811
12812
12813
12814
12815
12816
12817
12818
12819
12827
12828
12829
12830
12855
12856
12857
12858
12859
12860
12861
12862
12863
12876
12880
12881
12882
12883
12885
12893
12894
12895
12896
12897
12898
12899
12900
12901
12902
12903
12904
12905
12906
12907
12908
12909
12910
12914
12929
12930
12932
12933
12934
12935
12936
12937
12938
12939
12940
12941
12942
12945
12961
12962
12963
12964
12965
12966
12967
12968
12969
12974
12975
12984
12985
12986
12987
12988
12989
12990
12991
12992
12993
12994
12995
12996
12997
12998
13003
13004
13008
13032
13033
13034
13035
13036
13044
13045
13046
13047
13051
13052
13056
13057
13058
13061
13062
13063
13064
13065
13066
13067
13068
13085
13086
13087
13088
13089
13090
13091
13092
13093
13094
13095
13100
13103
13104
13112
13113
13114
13115
13116
13117
13118
13125
13126
13127
13128
13129
13148
13153
13154
13155
13156
13157
13158
13159
13160
13161
13162
13163
13164
13165
13166
13167
13190
13196
13197
13198
13199
13200
13201
13202
13203
13204
13205
13206
13212
13213
13214
13220
13221
13222
13223
13229
13230
13233
13234
13235
13236
13237
13238
13239
13240
13241
13242
13243
13244
13245
13246
13247
13248
13249
13250
13251
13252
13253
13254
13255
13256
13257
13258
13259
13260
13261
13262
13264
13267
13268
13269
13270
13271
13272
13273
13274
13275
13276
13277
13278
13279
13280
13281
13282
13283
13284
13285
13286
13287
13288
13289
13290
13291
13292
13293
13294
13295
13296
13297
13298
13299
13300
13301
13302
13303
13304
13305
13306
13307
13308
13309
13310
13311
13312
13313
13314
13315
13316
13317
13318
13319
13320
13321
13322
13323
13324
13325
13326
13327
13328
13329
13330
13331
13332
13333
13334
13335
13336
13337
13338
13339
13340
13341
13342
13343
13344
13345
13346
13347
13348
13349
13350
13351
13352
13353
13354
13355
13356
13357
13358
13359
13360
13361
13362
13363
13364
13365
13366
13367
13368
13369
13370
13371
13372
13373
13374
13375
13376
13377
13378
13379
13380
13381
13382
13383
13384
13385
13386
13387
13388
13389
13390
13391
13392
13393
13394
13395
13396
13397
13398
13399
13400
13401
13402
13403
13404
13405
13406
13407
13408
13409
13410
13411
13412
13413
13414
13415
13416
13417
13418
13419
13420
13421
13422
13423
13424
13425
13426
13427
13428
13429
13430
13431
13432
13433
13434
13435
13436
13437
13438
13439
13440
13441
13442
13443
13444
13445
13446
13447
13448
13449
13450
13451
13452
13453
13454
13455
13456
13457
13458
13459
13460
13645
13647
13657
13658
13659
13660
13661
13662
13686
13687
13688
13690
13699
13700
13701
13703
13704
13705
13706
13707
13723
13724
13725
13726
13727
13728
13747
13748
13749
13750
13751
13752
13753
13754
13755
13756
13767
13768
13769
13771
13775
13776
13777
13778
13779
13783
13784
13785
13786
13790
13791
13792
13793
13807
13808
13812
13813
13814
13821
13825
13826
13839
13840
13841
13856
13857
13858
13859
13860
13861
13870
13875
13876
13877
13880
13891
13909
13910
13914
13915
13916
13917
13927
13934
13935
13936
13937
13938
13939
13940
13941
13942
13943
13944
13945
13946
13947
13948
13949
13950
13951
13952
13953
13954
13955
13956
13958
13959
13961
13962
13973
14001
14002
14003
14004
14005
14006
14007
14008
14009
14010
14011
14012
14013
14014
14015
14016
14017
14018
14019
14020
14021
14022
14039
14040
14041
14042
14044
14050
14051
14053
14061
14136
14137
14138
14139
14142
14147
14149
14150
14153
14156
14157
14158
14159
14160
14161
14162
14163
14164
14165
14166
14167
14168
14169
14170
14171
14172
14173
14187
14188
14189
14190
14191
14192
14193
14194
14195
14196
14197
14198
14199
14200
14201
14202
14203
14204
14205
14206
14207
14208
14209
14210
14211
14212
14213
14214
14215
14216
14217
14218
14219
14220
14221
14236
14237
14238
14239
14240
14241
14242
14243
14244
14245
14246
14248
14249
14250
14251
14252
14253
14254
14281
14282
14283
14286
14287
14289
14290
14291
14316
14317
14318
14319
14321
14322
14323
14354
14358
14359
14373
14374
14375
14376
14393
14408
14409
14410
14411
14412
14413
14414
14415
14416
14417
14418
14419
14420
14421
14422
14423
14424
14425
14426
14429
14432
14433
14434
14435
14436
14437
14438
14439
14440
14441
14443
14444
14445
14446
14447
14448
14449
14450
14451
14452
14453
14454
14455
14456
14458
14459
14460
14461
14462
14466
14467
14468
14469
14470
14471
14472
14473
14475
14476
14477
14478
14479
14480
14481
14482
14483
14484
14485
14486
14487
14488
14489
14490
14491
14492
14493
14494
14495
14496
14497
14498
14499
14500
14501
14502
14503
14504
14505
14506
14507
14508
14509
14510
14511
14512
14513
14561
14568
14569
14571
14572
14573
14574
14575
14576
14577
14578
14579
14580
14581
14582
14583
14584
14586
14587
14588
14589
14590
14591
14592
14593
14594
14595
14597
14598
14599
14600
14601
14602
14603
14604
14605
14606
14607
14608
14661
14662
14663
14664
14665
14666
14667
14668
14669
14670
14671
14672
14673
14674
14675
14676
14677
14678
14679
14680
14681
14729
14732
14734
14735
14739
14741
14742
14743
14744
14745
14746
14747
14764
14765
14766
14767
14768
14769
14770
14771
14772
14773
14774
14775
14776
14777
14778
14779
14780
14781
14782
14783
14784
14785
14791
14799
14800
14801
14811
14812
14813
14814
14815
14825
14830
14832
14833
14834
14835
14837
14838
14841
14842
14843
14846
14847
14848
14849
14850
14851
14866
14867
14872
14873
14879
14880
14884
14895
14897
14898
14899
14900
14907
14908
14909
14910
14911
14915
14918
14919
14920
14921
14922
14923
14924
14925
14926
14927
14928
14929
14930
14931
14932
14933
14934
14935
14936
14937
14938
14939
14940
14941
14942
14943
14944
14945
14946
14947
14948
14949
14950
14951
14952
14953
14954
14955
14956
14957
14958
15064
15065
15066
15068
15069
15075
15076
15077
15078
15079
15087
15089
15091
15094
15100
15101
15102
15103
15104
15118
15119
15121
15125
15126
15127
15142
15143
15144
15148
15149
15151
15167
15168
15170
15171
15172
15173
15174
15175
15176
15177
15180
15187
)


// ************************************************************************* //
