/*--------------------------------*- C++ -*----------------------------------*\
| =========                 |                                                 |
| \\      /  F ield         | OpenFOAM: The Open Source CFD Toolbox           |
|  \\    /   O peration     | Version:  v1906                                 |
|   \\  /    A nd           | Web:      www.OpenFOAM.com                      |
|    \\/     M anipulation  |                                                 |
\*---------------------------------------------------------------------------*/
FoamFile
{
    version     2.0;
    format      ascii;
    class       labelList;
    location    "constant/polyMesh";
    object      cellProcAddressing;
}
// * * * * * * * * * * * * * * * * * * * * * * * * * * * * * * * * * * * * * //


8464
(
6
8
17
24
28
31
40
41
44
49
53
60
61
66
68
69
95
97
103
125
126
133
141
143
152
158
163
165
167
173
175
176
178
180
183
186
190
200
204
209
213
218
219
224
227
228
241
243
252
257
262
265
267
268
269
275
281
285
286
290
292
294
296
299
318
320
329
333
334
335
336
337
339
342
344
345
346
349
353
357
367
377
382
388
407
408
414
420
421
427
428
429
430
431
432
433
439
445
452
457
462
482
484
485
513
526
528
529
532
534
537
538
544
547
553
559
569
575
576
578
584
596
597
600
609
612
630
638
641
646
662
680
681
682
684
690
695
696
699
703
704
705
709
710
711
714
721
725
730
750
754
761
767
775
779
784
787
790
796
806
807
828
831
833
849
852
862
871
881
884
895
914
946
957
960
963
965
980
981
982
985
988
1008
1010
1016
1018
1019
1020
1021
1026
1027
1030
1031
1032
1038
1044
1048
1052
1053
1059
1060
1081
1087
1088
1092
1100
1108
1119
1120
1125
1127
1131
1138
1144
1148
1150
1151
1156
1161
1163
1167
1172
1180
1181
1192
1193
1200
1202
1204
1210
1211
1212
1214
1219
1220
1227
1228
1230
1231
1234
1235
1253
1258
1264
1265
1266
1267
1273
1275
1278
1280
1282
1286
1288
1289
1294
1297
1298
1299
1300
1303
1306
1311
1312
1313
1315
1316
1319
1323
1324
1325
1327
1333
1335
1336
1337
1338
1339
1340
1341
1343
1344
1345
1347
1348
1350
1351
1355
1360
1364
1366
1367
1369
1373
1379
1389
1391
1393
1394
1398
1401
1416
1423
1433
1439
1452
1455
1458
1479
1480
1481
1488
1489
1499
1504
1508
1511
1513
1517
1534
1546
1548
1549
1575
1577
1581
1582
1583
1584
1604
1606
1607
1608
1609
1619
1621
1623
1630
1632
1648
1649
1651
1654
1655
1665
1673
1684
1686
1699
1701
1705
1715
1719
1732
1733
1734
1735
1742
1745
1746
1747
1750
1753
1757
1759
1760
1765
1766
1769
1770
1771
1773
1774
1797
1798
1801
1809
1814
1820
1822
1823
1824
1828
1830
1834
1839
1841
1853
1854
1859
1863
1865
1870
1874
1875
1876
1877
1885
1889
1890
1893
1894
1896
1897
1898
1899
1900
1914
1928
1937
1938
1953
1955
1960
1961
1969
1977
1980
1993
2002
2033
2038
2063
2068
2070
2077
2086
2101
2108
2111
2122
2142
2144
2147
2155
2160
2164
2168
2170
2179
2180
2185
2197
2201
2226
2237
2253
2267
2276
2278
2282
2289
2300
2342
2346
2348
2349
2350
2353
2359
2362
2369
2377
2403
2408
2421
2423
2424
2432
2441
2444
2465
2478
2516
2530
2536
2544
2550
2555
2559
2565
2573
2576
2583
2586
2590
2611
2635
2666
2683
2697
2717
2728
2733
2737
2748
2753
2757
2759
2762
2763
2769
2770
2781
2794
2795
2805
2824
2833
2846
2847
2848
2859
2867
2874
2877
2908
2917
2925
2970
2986
2988
2998
3000
3010
3033
3036
3037
3040
3044
3049
3055
3056
3059
3068
3069
3073
3079
3098
3107
3111
3113
3114
3116
3118
3127
3131
3132
3134
3138
3141
3143
3144
3145
3148
3149
3154
3163
3165
3169
3171
3174
3180
3190
3202
3218
3219
3220
3221
3223
3232
3233
3234
3243
3245
3253
3258
3261
3265
3268
3272
3275
3279
3281
3282
3297
3299
3302
3303
3305
3306
3307
3308
3309
3315
3322
3324
3337
3342
3343
3344
3345
3348
3349
3351
3353
3356
3358
3361
3362
3363
3364
3365
3367
3369
3370
3371
3375
3376
3378
3379
3380
3382
3383
3385
3387
3390
3392
3399
3401
3404
3405
3406
3408
3410
3412
3415
3416
3421
3428
3429
3431
3433
3440
3442
3443
3444
3448
3449
3450
3452
3453
3456
3460
3461
3469
3480
3481
3482
3483
3485
3486
3488
3489
3491
3492
3493
3497
3498
3499
3501
3502
3504
3505
3506
3507
3508
3509
3510
3511
3512
3514
3515
3517
3518
3521
3522
3526
3527
3530
3531
3532
3533
3534
3535
3536
3537
3539
3540
3541
3542
3544
3546
3547
3549
3553
3554
3562
3566
3572
3578
3579
3581
3582
3583
3592
3593
3594
3598
3600
3604
3606
3607
3613
3614
3615
3616
3618
3619
3620
3624
3625
3626
3627
3628
3636
3637
3638
3647
3653
3658
3659
3660
3662
3664
3665
3666
3668
3669
3671
3672
3673
3675
3678
3679
3683
3685
3687
3688
3689
3692
3701
3706
3709
3718
3723
3739
3776
3778
3783
3787
3789
3790
3806
3811
3814
3817
3823
3826
3828
3830
3849
3852
3855
3863
3869
3870
3874
3886
3888
3889
3890
3892
3896
3901
3902
3906
3907
3909
3918
3953
3963
3976
3980
3982
3986
3993
4005
4006
4017
4019
4033
4037
4047
4049
4051
4052
4069
4075
4080
4082
4083
4086
4090
4092
4096
4103
4104
4106
4107
4110
4111
4112
4113
4118
4119
4120
4121
4122
4123
4125
4126
4127
4128
4129
4130
4132
4133
4134
4135
4136
4137
4142
4147
4149
4154
4162
4163
4165
4171
4175
4176
4178
4180
4182
4184
4185
4187
4192
4194
4195
4197
4201
4202
4203
4206
4207
4210
4211
4213
4216
4219
4220
4221
4222
4223
4224
4227
4231
4232
4233
4235
4236
4238
4239
4243
4245
4249
4255
4256
4258
4266
4269
4270
4275
4282
4303
4308
4309
4312
4313
4315
4325
4333
4335
4336
4341
4342
4343
4344
4346
4348
4349
4350
4356
4357
4359
4362
4364
4365
4368
4373
4388
4389
4392
4397
4398
4401
4402
4408
4415
4420
4424
4427
4428
4431
4432
4435
4436
4437
4438
4439
4440
4442
4445
4447
4448
4458
4473
4479
4480
4487
4505
4510
4513
4519
4523
4525
4526
4529
4542
4551
4554
4558
4559
4564
4565
4567
4570
4583
4584
4588
4590
4593
4594
4595
4596
4605
4608
4609
4625
4633
4640
4649
4650
4655
4663
4668
4671
4674
4676
4679
4685
4686
4693
4708
4731
4746
4761
4762
4766
4769
4776
4779
4780
4791
4793
4820
4823
4830
4831
4833
4836
4838
4839
4841
4843
4846
4847
4848
4849
4851
4852
4853
4861
4864
4867
4898
4910
4918
4919
4925
4940
4962
4963
4966
4968
5004
5012
5013
5016
5019
5020
5022
5030
5036
5039
5040
5042
5044
5045
5046
5048
5055
5057
5058
5060
5061
5062
5063
5064
5071
5072
5076
5077
5097
5098
5099
5100
5102
5104
5105
5107
5111
5112
5115
5116
5117
5118
5120
5121
5122
5125
5128
5130
5131
5134
5137
5138
5140
5141
5142
5143
5144
5146
5152
5155
5156
5158
5161
5167
5170
5172
5174
5180
5184
5185
5186
5187
5188
5194
5195
5197
5205
5216
5219
5220
5223
5224
5225
5226
5227
5228
5229
5230
5231
5232
5233
5239
5243
5268
5297
5298
5310
5316
5334
5337
5358
5359
5361
5365
5367
5377
5390
5391
5392
5393
5394
5421
5424
5431
5439
5441
5450
5451
5452
5454
5458
5473
5483
5484
5496
5499
5502
5508
5509
5510
5515
5516
5520
5521
5524
5527
5528
5533
5553
5557
5558
5561
5562
5563
5565
5569
5570
5576
5586
5588
5589
5591
5593
5598
5600
5608
5610
5611
5618
5619
5625
5628
5630
5633
5636
5642
5645
5646
5648
5653
5661
5677
5679
5681
5682
5685
5687
5688
5698
5699
5704
5706
5720
5738
5740
5747
5749
5754
5755
5757
5759
5760
5762
5763
5764
5765
5766
5767
5768
5770
5773
5781
5782
5783
5784
5785
5792
5793
5794
5795
5798
5804
5805
5808
5809
5815
5823
5825
5831
5834
5836
5837
5838
5843
5845
5847
5856
5857
5861
5862
5869
5871
5873
5874
5878
5885
5892
5931
5934
5936
5944
5946
5947
5949
5952
5953
5954
5960
5962
5971
5972
5976
5978
5986
5993
6009
6012
6026
6036
6037
6038
6071
6074
6078
6085
6097
6105
6109
6111
6113
6114
6117
6140
6156
6162
6164
6172
6188
6223
6238
6256
6264
6287
6330
6335
6363
6364
6380
6383
6391
6402
6412
6578
6579
6581
6582
6589
6594
6604
6605
6616
6633
6634
6668
6702
6706
6707
6723
6725
6729
6738
6742
6744
6746
6766
6768
6796
6845
6850
6852
6857
6890
6898
6923
6944
6949
6961
6969
7032
7039
7045
7048
7055
7064
7072
7090
7093
7099
7110
7117
7123
7140
7141
7146
7157
7160
7196
7201
7206
7208
7230
7247
7262
7269
7272
7273
7280
7292
7301
7319
7328
7382
7399
7405
7414
7426
7453
7455
7476
7500
7504
7524
7546
7551
7557
7563
7566
7573
7584
7587
7595
7619
7621
7622
7630
7631
7666
7678
7681
7682
7692
7701
7717
7720
7730
7732
7735
7741
7743
7758
7763
7766
7767
7768
7771
7773
7774
7775
7778
7781
7784
7786
7789
7792
7793
7796
7798
7799
7800
7801
7804
7806
7807
7809
7812
7813
7815
7817
7818
7820
7825
7827
7828
7829
7836
7838
7839
7840
7846
7878
7880
7882
7885
7886
7887
7888
7890
7891
7893
7896
7898
7900
7902
7904
7911
7913
7914
7915
7916
7917
7918
7920
7930
7934
7937
7938
7939
7943
7944
7945
7947
7948
7949
7950
7951
7954
7956
7960
7961
7962
7966
7967
7968
7970
7971
7973
7974
7975
7980
7985
7987
7991
7993
8005
8007
8010
8011
8014
8020
8025
8028
8031
8032
8034
8038
8043
8050
8051
8052
8056
8057
8061
8063
8064
8066
8067
8069
8074
8075
8076
8084
8089
8092
8093
8095
8097
8106
8107
8108
8110
8112
8119
8122
8145
8149
8153
8154
8155
8164
8169
8171
8177
8178
8179
8180
8185
8186
8190
8193
8195
8196
8197
8201
8221
8228
8232
8234
8242
8244
8259
8263
8264
8266
8268
8281
8284
8286
8288
8291
8293
8295
8296
8297
8299
8300
8301
8302
8303
8307
8310
8312
8313
8318
8320
8321
8323
8350
8382
8386
8389
8394
8401
8412
8421
8422
8425
8430
8439
8443
8449
8451
8461
8467
8469
8472
8474
8485
8487
8488
8490
8491
8492
8495
8496
8497
8499
8500
8501
8502
8503
8504
8505
8507
8508
8509
8511
8512
8513
8514
8515
8517
8522
8527
8528
8529
8530
8531
8532
8533
8534
8536
8538
8539
8540
8552
8553
8556
8557
8563
8565
8569
8583
8594
8595
8597
8606
8607
8608
8609
8622
8623
8624
8628
8634
8635
8636
8639
8643
8645
8646
8649
8653
8655
8656
8657
8661
8667
8668
8682
8688
8699
8706
8707
8709
8720
8721
8722
8725
8731
8733
8734
8735
8736
8737
8738
8739
8740
8741
8742
8745
8747
8748
8750
8759
8769
8771
8772
8775
8778
8784
8785
8786
8787
8789
8790
8810
8812
8813
8814
8815
8816
8817
8818
8819
8821
8824
8828
8831
8833
8834
8838
8839
8840
8843
8845
8853
8867
8868
8869
8870
8871
8873
8874
8875
8876
8879
8880
8888
8890
8891
8892
8896
8903
8907
8911
8915
8916
8917
8918
8920
8921
8922
8928
8929
8934
8935
8936
8939
8940
8941
8943
8944
8952
8953
8957
8972
8973
8977
8978
8979
8980
8981
8982
8983
8985
8986
8987
8988
8989
8990
8991
8992
8993
8994
8998
9000
9002
9007
9018
9019
9020
9021
9022
9023
9024
9031
9033
9040
9042
9043
9046
9048
9049
9050
9052
9055
9088
9089
9090
9091
9092
9093
9101
9113
9137
9139
9143
9146
9148
9149
9150
9166
9178
9191
9205
9213
9214
9217
9219
9222
9223
9224
9225
9227
9234
9240
9241
9242
9244
9245
9246
9259
9262
9266
9270
9274
9275
9291
9293
9294
9303
9313
9323
9331
9338
9356
9362
9363
9372
9375
9376
9379
9386
9392
9393
9395
9397
9418
9425
9429
9430
9432
9434
9436
9437
9438
9442
9444
9447
9448
9450
9451
9452
9463
9474
9477
9479
9481
9484
9485
9486
9487
9489
9491
9495
9500
9504
9505
9506
9507
9508
9512
9514
9516
9517
9518
9519
9520
9521
9522
9523
9528
9531
9532
9533
9535
9537
9538
9539
9540
9543
9546
9548
9549
9550
9551
9552
9553
9562
9566
9567
9569
9570
9572
9574
9580
9581
9583
9584
9585
9587
9589
9590
9591
9607
9630
9632
9633
9634
9635
9636
9637
9639
9642
9647
9650
9651
9667
9691
9712
9716
9717
9719
9720
9725
9732
9740
9744
9780
9781
9782
9783
9784
9789
9792
9793
9796
9808
9814
9819
9826
9836
9840
9846
9848
9850
9851
9856
9858
9859
9860
9861
9862
9863
9864
9865
9866
9868
9869
9870
9877
9878
9882
9884
9886
9890
9891
9893
9895
9896
9897
9898
9899
9902
9903
9905
9906
9907
9910
9911
9912
9913
9915
9916
9917
9918
9929
9932
9933
9935
9936
9937
9939
9942
9943
9944
9945
9959
9961
9967
9968
9975
9977
9979
9980
9981
9982
9985
10002
10003
10004
10007
10016
10018
10043
10056
10072
10080
10081
10093
10097
10098
10099
10101
10103
10105
10106
10107
10109
10112
10114
10121
10124
10125
10127
10128
10129
10131
10133
10135
10137
10138
10141
10142
10145
10147
10148
10149
10150
10153
10155
10156
10157
10158
10160
10161
10162
10163
10164
10166
10167
10170
10172
10173
10174
10175
10177
10178
10179
10180
10181
10183
10184
10185
10186
10187
10188
10190
10192
10193
10197
10198
10199
10200
10203
10205
10207
10223
10235
10242
10246
10247
10249
10250
10256
10267
10271
10279
10280
10281
10282
10286
10287
10291
10294
10295
10299
10300
10307
10317
10318
10319
10324
10330
10341
10343
10345
10347
10348
10350
10351
10353
10354
10357
10358
10369
10370
10371
10390
10394
10395
10397
10399
10404
10410
10411
10416
10421
10422
10442
10453
10454
10459
10461
10464
10466
10468
10470
10473
10475
10476
10480
10487
10503
10505
10518
10533
10548
10550
10554
10556
10564
10567
10570
10576
10581
10588
10590
10599
10601
10605
10607
10612
10613
10619
10628
10633
10647
10650
10657
10659
10670
10676
10684
10686
10690
10691
10692
10694
10695
10703
10708
10713
10715
10724
10734
10736
10740
10746
10749
10751
10752
10756
10770
10771
10772
10779
10785
10789
10793
10795
10797
10798
10800
10803
10804
10806
10811
10813
10815
10816
10820
10824
10827
10843
10844
10847
10856
10857
10871
10873
10876
10880
10889
10893
10896
10898
10899
10903
10904
10920
10926
10934
10947
10951
10970
10973
10976
10982
10986
10995
11016
11019
11064
11065
11074
11075
11080
11085
11099
11108
11114
11118
11122
11127
11133
11137
11144
11147
11153
11156
11160
11161
11162
11167
11169
11173
11176
11177
11180
11192
11197
11204
11209
11218
11223
11226
11229
11256
11261
11265
11266
11281
11288
11290
11291
11294
11300
11301
11302
11306
11307
11308
11323
11328
11336
11339
11344
11345
11346
11352
11359
11360
11362
11364
11368
11370
11393
11395
11398
11401
11402
11404
11407
11410
11411
11412
11415
11419
11420
11425
11426
11433
11437
11438
11439
11442
11445
11447
11449
11450
11452
11484
11492
11499
11506
11507
11509
11511
11512
11514
11515
11516
11517
11518
11528
11531
11541
11542
11543
11544
11545
11546
11551
11566
11568
11571
11574
11586
11590
11592
11594
11596
11597
11614
11629
11632
11636
11638
11640
11641
11642
11646
11655
11657
11660
11661
11663
11667
11669
11681
11683
11685
11687
11688
11690
11693
11699
11701
11711
11725
11732
11742
11744
11747
11770
11781
11788
11789
11792
11793
11814
11818
11822
11823
11829
11830
11834
11842
11847
11850
11851
11852
11854
11856
11861
11862
11863
11867
11870
11873
11876
11879
11882
11894
11895
11902
11908
11914
11931
11953
11964
11972
11989
11991
11992
12007
12016
12017
12024
12026
12031
12043
12046
12049
12053
12057
12067
12079
12086
12093
12096
12098
12101
12104
12108
12120
12122
12123
12129
12130
12147
12154
12160
12164
12166
12170
12171
12173
12174
12175
12176
12177
12178
12179
12180
12181
12184
12189
12191
12192
12193
12196
12197
12198
12200
12201
12202
12203
12212
12213
12215
12216
12220
12221
12222
12223
12224
12225
12227
12228
12231
12232
12234
12235
12237
12238
12239
12240
12241
12242
12243
12245
12246
12247
12248
12250
12251
12252
12253
12254
12255
12256
12257
12258
12259
12261
12263
12264
12265
12267
12268
12269
12270
12274
12275
12276
12277
12279
12281
12283
12284
12286
12293
12295
12296
12298
12301
12306
12309
12313
12314
12315
12317
12319
12320
12321
12326
12331
12334
12335
12336
12340
12341
12343
12344
12345
12346
12348
12351
12353
12354
12369
12370
12371
12376
12378
12379
12380
12382
12383
12386
12387
12388
12389
12390
12391
12392
12394
12395
12396
12398
12400
12401
12402
12403
12404
12405
12406
12408
12410
12411
12413
12414
12418
12419
12420
12423
12424
12425
12428
12431
12433
12434
12437
12438
12439
12442
12443
12445
12446
12448
12449
12450
12451
12453
12454
12455
12457
12458
12463
12467
12468
12469
12470
12471
12472
12473
12474
12477
12478
12480
12481
12483
12486
12488
12491
12494
12495
12496
12498
12502
12503
12510
12512
12522
12526
12527
12530
12534
12536
12537
12538
12540
12541
12544
12547
12549
12551
12552
12553
12554
12557
12561
12562
12568
12570
12573
12583
12586
12593
12597
12600
12601
12603
12604
12609
12613
12614
12615
12617
12619
12620
12629
12631
12640
12644
12646
12654
12658
12659
12660
12668
12675
12682
12692
12693
12694
12696
12697
12698
12699
12700
12701
12703
12704
12714
12719
12726
12728
12731
12732
12734
12735
12741
12745
12751
12755
12756
12757
12758
12761
12762
12764
12765
12776
12777
12779
12785
12792
12806
12809
12818
12819
12823
12828
12830
12831
12843
12846
12849
12853
12854
12855
12856
12863
12866
12868
12869
12870
12875
12878
12882
12887
12899
12901
12916
12919
12920
12922
12924
12925
12926
12927
12929
12933
12936
12942
12943
12946
12949
12951
12954
12955
12956
12957
12958
12959
12960
12963
12964
12965
12966
12967
12968
12969
12970
12971
12972
12973
12974
12975
12976
12977
12978
12979
12980
12981
12982
12983
12984
12985
12986
12988
12991
12992
12993
12995
12996
12997
12998
12999
13000
13002
13003
13004
13006
13007
13008
13009
13010
13011
13013
13017
13019
13020
13021
13022
13027
13029
13031
13032
13034
13035
13038
13040
13041
13042
13043
13045
13053
13054
13055
13056
13058
13059
13065
13070
13071
13074
13075
13078
13080
13081
13082
13083
13084
13085
13086
13088
13094
13095
13096
13097
13098
13102
13104
13105
13107
13109
13110
13113
13114
13115
13116
13117
13118
13121
13122
13123
13124
13127
13128
13129
13134
13140
13142
13144
13149
13152
13154
13155
13156
13157
13163
13184
13186
13193
13208
13212
13213
13218
13222
13223
13225
13226
13231
13232
13233
13234
13235
13236
13237
13238
13239
13240
13241
13244
13245
13246
13248
13250
13257
13258
13259
13263
13264
13265
13266
13267
13269
13271
13272
13273
13280
13283
13285
13286
13292
13294
13296
13298
13303
13304
13306
13307
13310
13311
13312
13316
13321
13326
13327
13330
13336
13343
13346
13347
13348
13349
13350
13351
13354
13355
13356
13359
13362
13366
13377
13378
13379
13383
13384
13387
13388
13391
13393
13394
13395
13397
13399
13400
13401
13403
13416
13417
13421
13424
13427
13428
13429
13431
13432
13439
13449
13450
13451
13452
13453
13454
13455
13456
13457
13458
13459
13461
13462
13472
13473
13474
13475
13476
13477
13478
13482
13485
13488
13494
13495
13496
13498
13499
13500
13503
13504
13506
13515
13521
13525
13529
13531
13533
13539
13540
13541
13542
13543
13544
13546
13548
13553
13559
13561
13562
13564
13565
13566
13567
13569
13570
13571
13579
13580
13581
13584
13586
13588
13590
13591
13603
13605
13607
13611
13615
13619
13622
13626
13629
13630
13638
13642
13644
13645
13651
13652
13654
13662
13664
13672
13676
13677
13679
13688
13706
13733
13735
13738
13740
13744
13745
13750
13752
13753
13755
13756
13758
13759
13760
13762
13763
13765
13766
13767
13769
13770
13771
13773
13774
13775
13779
13781
13782
13785
13786
13801
13807
13820
13821
13822
13825
13827
13833
13835
13836
13840
13849
13851
13853
13855
13856
13858
13859
13861
13862
13863
13864
13866
13867
13869
13877
13879
13882
13886
13887
13889
13891
13907
13908
13909
13910
13911
13915
13917
13921
13937
13938
13939
13944
13945
13946
13947
13950
13953
13956
13958
13959
13960
13962
13964
13967
13968
13970
13973
13974
13975
13976
13998
14001
14004
14005
14007
14009
14015
14017
14020
14021
14023
14026
14031
14034
14035
14036
14037
14040
14041
14042
14043
14047
14050
14057
14064
14067
14068
14069
14070
14071
14072
14073
14074
14076
14077
14078
14079
14084
14086
14088
14089
14093
14094
14095
14096
14097
14098
14105
14106
14107
14109
14110
14113
14114
14116
14117
14118
14119
14120
14121
14123
14124
14125
14126
14128
14129
14130
14131
14132
14133
14134
14135
14136
14137
14138
14139
14144
14157
14159
14160
14164
14167
14171
14175
14181
14187
14190
14194
14212
14213
14221
14226
14228
14232
14245
14247
14249
14251
14252
14255
14260
14264
14266
14273
14287
14288
14290
14291
14292
14295
14298
14301
14303
14305
14308
14310
14312
14314
14317
14318
14319
14320
14322
14323
14324
14325
14327
14329
14330
14337
14340
14354
14358
14359
14360
14361
14362
14363
14364
14365
14366
14367
14368
14369
14370
14371
14372
14373
14374
14375
14379
14380
14381
14382
14383
14384
14385
14388
14389
14390
14393
14395
14397
14398
14399
14400
14401
14403
14407
14408
14411
14412
14413
14422
14427
14432
14436
14439
14440
14442
14445
14450
14451
14452
14453
14456
14457
14458
14459
14460
14461
14462
14463
14465
14466
14467
14469
14470
14471
14474
14476
14477
14478
14480
14481
14486
14488
14489
14492
14495
14501
14506
14509
14510
14511
14519
14520
14521
14522
14524
14526
14532
14533
14535
14538
14539
14544
14553
14554
14556
14561
14562
14563
14565
14566
14567
14568
14569
14572
14574
14577
14581
14586
14588
14589
14595
14596
14597
14598
14599
14600
14601
14602
14609
14611
14615
14617
14620
14621
14622
14625
14626
14627
14629
14630
14631
14632
14633
14635
14636
14637
14638
14639
14640
14641
14642
14643
14644
14645
14646
14647
14648
14649
14653
14655
14656
14657
14658
14659
14660
14661
14662
14664
14665
14667
14668
14669
14670
14671
14672
14673
14674
14675
14676
14677
14678
14679
14680
14681
14682
14683
14684
14686
14687
14688
14689
14690
14691
14693
14695
14697
14698
14702
14711
14718
14719
14724
14726
14728
14732
14735
14739
14745
14752
14753
14759
14761
14763
14765
14766
14767
14769
14770
14771
14772
14775
14776
14780
14784
14785
14786
14789
14794
14796
14799
14802
14807
14810
14816
14819
14820
14821
14822
14825
14827
14829
14835
14840
14843
14844
14846
14848
14849
14850
14854
14855
14856
14873
14880
14896
14903
14904
14905
14908
14911
14913
14915
14917
14919
14932
14943
14944
14945
14954
14960
14967
14969
14977
14984
14985
14989
14990
14993
14996
14997
14998
14999
15002
15003
15006
15009
15010
15015
15016
15018
15020
15025
15032
15036
15038
15045
15048
15052
15056
15058
15067
15068
15072
15080
15086
15102
15104
15110
15111
15112
15114
15118
15125
15129
15133
15136
15142
15145
15157
15163
15167
15171
15185
15188
15190
15198
15199
15202
15203
15208
15210
15212
15214
15216
15218
15221
15223
15227
15228
15234
15235
15242
15247
15258
15267
15272
15277
15282
15283
15286
15289
15294
15297
15303
15310
15320
15325
15334
15335
15336
15349
15350
15351
15353
15354
15362
15363
15364
15368
15372
15374
15378
15381
15385
15386
15388
15397
15399
15402
15404
15405
15408
15415
15417
15421
15422
15432
15433
15434
15442
15447
15449
15463
15469
15486
15487
15506
15509
15515
15522
15533
15534
15549
15550
15581
15582
15589
15590
15602
15605
15606
15608
15610
15612
15633
15636
15641
15655
15675
15689
15690
15691
15706
15708
15716
15718
15719
15720
15725
15730
15735
15744
15749
15757
15759
15762
15765
15770
15771
15777
15779
15794
15800
15801
15803
15804
15810
15813
15815
15817
15818
15821
15825
15829
15830
15838
15842
15850
15852
15853
15859
15860
15867
15869
15873
15879
15881
15884
15887
15888
15891
15896
15899
15904
15909
15911
15912
15913
15916
15918
15921
15927
15928
15929
15930
15954
15962
15963
15966
15967
15970
15974
15978
15982
15983
15984
15993
15996
16000
16003
16005
16012
16013
16015
16016
16017
16020
16027
16030
16032
16033
16034
16036
16037
16038
16040
16041
16046
16048
16079
16081
16087
16097
16100
16101
16102
16113
16116
16122
16130
16132
16135
16136
16152
16158
16160
16182
16189
16195
16200
16215
16218
16220
16221
16231
16233
16241
16274
16275
16277
16278
16282
16283
16284
16289
16292
16294
16300
16304
16316
16319
16322
16337
16351
16358
16363
16368
16373
16375
16379
16391
16404
16407
16409
16410
16413
16419
16420
16421
16425
16428
16430
16432
16443
16446
16462
16463
16466
16467
16471
16475
16476
16479
16493
16498
16501
16513
16527
16530
16531
16553
16558
16560
16565
16581
16590
16604
16607
16616
16617
16618
16620
16624
16626
16630
16631
16632
16633
16636
16638
16644
16645
16647
16649
16651
16652
16653
16654
16655
16656
16658
16659
16660
16661
16662
16664
16665
16666
16667
16668
16670
16671
16672
16673
16674
16675
16676
16678
16680
16681
16682
16683
16684
16685
16686
16687
16688
16689
16690
16692
16693
16694
16695
16698
16699
16700
16701
16702
16703
16704
16705
16707
16708
16709
16710
16711
16712
16715
16716
16717
16718
16720
16721
16722
16725
16726
16727
16731
16732
16733
16735
16736
16740
16747
16748
16750
16754
16755
16764
16765
16766
16767
16768
16771
16772
16774
16775
16778
16780
16781
16782
16787
16788
16790
16791
16792
16794
16795
16797
16798
16800
16804
16806
16815
16820
16823
16824
16826
16827
16828
16829
16830
16831
16832
16834
16835
16836
16837
16839
16840
16841
16842
16843
16844
16845
16846
16847
16849
16850
16851
16852
16853
16854
16855
16858
16859
16860
16861
16863
16864
16865
16866
16868
16871
16875
16877
16879
16881
16883
16884
16885
16886
16887
16891
16893
16899
16904
16905
16907
16909
16910
16911
16914
16918
16919
16921
16924
16925
16927
16928
16929
16930
16932
16933
16934
16941
16944
16947
16951
16953
16954
16956
16961
16965
16966
16969
16970
16971
16978
16982
16983
16984
16985
16986
16990
16994
16996
16997
16998
16999
17000
17001
17003
17005
17008
17011
17013
17014
17015
17023
17033
17034
17042
17044
17046
17047
17049
17050
17051
17052
17054
17058
17063
17066
17068
17069
17073
17075
17077
17078
17079
17080
17082
17088
17095
17096
17097
17098
17100
17101
17102
17103
17104
17106
17107
17114
17117
17121
17134
17136
17138
17141
17142
17146
17148
17158
17160
17162
17163
17166
17168
17182
17183
17184
17185
17186
17188
17189
17190
17192
17197
17199
17201
17202
17204
17205
17207
17209
17217
17223
17225
17228
17229
17231
17233
17238
17244
17246
17247
17256
17259
17266
17267
17281
17283
17299
17300
17301
17302
17307
17314
17316
17320
17328
17339
17347
17349
17351
17363
17364
17368
17369
17370
17373
17375
17377
17378
17379
17380
17381
17384
17385
17386
17387
17388
17389
17390
17391
17392
17393
17394
17397
17398
17399
17400
17401
17402
17403
17404
17405
17406
17407
17408
17409
17410
17411
17412
17413
17414
17415
17416
17417
17418
17420
17421
17423
17424
17425
17426
17427
17428
17429
17430
17431
17432
17433
17434
17436
17439
17445
17448
17453
17454
17456
17462
17467
17473
17475
17478
17479
17483
17486
17487
17488
17489
17490
17491
17492
17493
17494
17495
17496
17497
17498
17499
17500
17501
17503
17504
17506
17509
17511
17512
17516
17518
17523
17524
17528
17531
17532
17535
17536
17539
17540
17545
17549
17550
17551
17552
17553
17554
17561
17564
17568
17573
17574
17575
17576
17580
17581
17583
17587
17588
17589
17597
17598
17600
17602
17604
17606
17610
17614
17615
17618
17620
17622
17624
17626
17627
17628
17629
17630
17631
17632
17633
17634
17635
17636
17637
17638
17639
17642
17647
17648
17649
17650
17651
17652
17653
17654
17656
17657
17660
17662
17663
17664
17667
17668
17670
17671
17675
17687
17688
17689
17691
17692
17697
17698
17702
17714
17732
17733
17734
17735
17737
17738
17739
17740
17744
17746
17747
17749
17750
17756
17760
17763
17767
17768
17772
17773
17774
17775
17777
17780
17787
17788
17790
17794
17800
17815
17816
17817
17819
17820
17822
17833
17837
17838
17839
17840
17841
17844
17847
17849
17851
17852
17853
17854
17856
17857
17858
17859
17860
17861
17862
17863
17864
17865
17866
17867
17871
17873
17875
17876
17877
17878
17879
17881
17884
17885
17886
17894
17896
17899
17901
17928
17930
17931
17932
17942
17943
17946
17947
17948
17949
17950
17951
17954
17956
17961
17963
17964
17967
17972
17984
17985
17986
17988
17989
17991
17992
17998
17999
18000
18001
18002
18003
18005
18006
18010
18022
18023
18024
18030
18033
18048
18050
18054
18057
18061
18062
18064
18066
18068
18070
18087
18091
18096
18097
18099
18102
18104
18105
18106
18107
18108
18115
18120
18122
18124
18125
18126
18127
18128
18129
18131
18132
18133
18134
18136
18138
18139
18140
18141
18142
18143
18144
18146
18149
18150
18151
18152
18153
18155
18156
18160
18161
18167
18170
18175
18179
18196
18199
18205
18207
18210
18211
18216
18217
18220
18221
18223
18226
18229
18231
18234
18235
18239
18240
18247
18248
18251
18254
18260
18261
18263
18266
18267
18268
18269
18270
18271
18272
18274
18293
18294
18295
18296
18297
18302
18303
18307
18313
18314
18318
18319
18321
18322
18323
18325
18326
18331
18332
18334
18335
18337
18338
18339
18340
18341
18342
18344
18345
18351
18352
18380
18381
18382
18384
18385
18386
18391
18392
18393
18394
18396
18401
18403
18408
18413
18414
18415
18416
18419
18421
18423
18424
18425
18426
18428
18429
18430
18432
18433
18434
18435
18437
18438
18439
18440
18442
18444
18445
18446
18447
18448
18449
18450
18451
18452
18453
18454
18455
18456
18457
18458
18459
18460
18461
18462
18465
18472
18473
18474
18476
18477
18478
18479
18481
18482
18483
18484
18485
18486
18487
18488
18489
18491
18493
18495
18497
18498
18499
18500
18501
18502
18505
18509
18511
18512
18513
18518
18531
18556
18563
18564
18566
18567
18573
18574
18578
18579
18607
18608
18609
18613
18624
18625
18628
18630
18633
18635
18636
18642
18644
18646
18647
18649
18650
18651
18657
18658
18659
18660
18661
18662
18663
18666
18672
18674
18679
18680
18683
18690
18691
18692
18694
18697
18701
18702
18704
18705
18706
18708
18709
18710
18711
18712
18713
18714
18726
18732
18735
18736
18737
18738
18740
18741
18744
18745
18747
18748
18750
18752
18753
18754
18755
18757
18758
18759
18760
18763
18764
18765
18772
18773
18774
18775
18776
18783
18786
18798
18801
18803
18805
18806
18808
18810
18811
18812
18814
18816
18817
18819
18820
18829
18840
18841
18842
18844
18846
18848
18850
18851
18852
18853
18854
18855
18856
18857
18858
18862
18864
18866
18868
18872
18874
18875
18879
18884
18886
18888
18895
18897
18899
18900
18902
18905
18906
18912
18913
18914
18919
18926
18929
18931
18933
18936
18943
18947
18948
18949
18950
18951
18953
18954
18955
18957
18959
18960
18962
18964
18967
18973
18975
18977
18978
18979
18980
18984
18985
18986
18988
18992
18994
18997
18998
18999
19000
19002
19003
19004
19005
19006
19009
19011
19012
19013
19014
19015
19016
19020
19024
19025
19034
19037
19038
19039
19040
19041
19042
19043
19044
19046
19047
19048
19049
19050
19051
19052
19053
19054
19055
19056
19057
19058
19059
19060
19061
19064
19067
19068
19069
19070
19072
19073
19074
19075
19076
19077
19078
19079
19081
19083
19085
19086
19087
19090
19092
19094
19095
19096
19098
19100
19101
19103
19116
19117
19119
19120
19121
19122
19123
19142
19149
19152
19153
19158
19160
19162
19168
19170
19172
19174
19177
19178
19179
19181
19183
19186
19188
19193
19196
19202
19207
19209
19214
19218
19219
19220
19223
19224
19225
19227
19231
19233
19238
19240
19242
19245
19248
19249
19270
19273
19274
19275
19278
19286
19288
19289
19299
19301
19302
19303
19307
19308
19314
19320
19323
19325
19326
19327
19328
19330
19337
19344
19345
19346
19347
19348
19350
19351
19366
19375
19380
19382
19383
19384
19386
19390
19411
19413
19415
19418
19430
19431
19432
19453
19454
19461
19469
19470
19486
19503
19509
19518
19532
19533
19534
19535
19538
19540
19548
19553
19556
19564
19569
19575
19593
19600
19602
19631
19635
19640
19643
19645
19658
19659
19661
19662
19667
19668
19694
19710
19712
19713
19715
19725
19726
19736
19739
19743
19756
19759
19761
19764
19773
19778
19779
19780
19781
19800
19801
19803
19804
19817
19821
19827
19828
19841
19845
19847
19860
19867
19868
19879
19880
19899
19909
19922
19933
19934
19936
19937
19939
19940
19968
19971
19987
19997
20012
20018
20022
20032
20034
20044
20047
20050
20056
20057
20058
20061
20063
20064
20065
20068
20074
20081
20089
20106
20107
20110
20114
20115
20118
20136
20144
20145
20147
20157
20158
20164
20166
20168
20169
20170
20182
20184
20194
20202
20206
20210
20211
20217
20229
20237
20247
20248
20249
20252
20255
20263
20270
20271
20278
20288
20291
20316
20318
20319
20320
20323
20325
20342
20343
20351
20354
20356
20360
20362
20365
20366
20368
20369
20374
20388
20391
20406
20407
20413
20420
20422
20433
20435
20439
20445
20448
20449
20450
20456
20458
20463
20472
20475
20479
20486
20487
20488
20502
20515
20516
20519
20542
20543
20545
20547
20555
20563
20567
20568
20572
20586
20588
20589
20591
20593
20600
20601
20607
20624
20629
20639
20640
20642
20646
20652
20654
20655
20660
20677
20679
20689
20697
20714
20716
20720
20730
20737
20743
20745
20755
20757
20759
20765
20766
20767
20768
20777
20779
20784
20790
20812
20813
20822
20834
20838
20844
20861
20866
20867
20868
20880
20883
20897
20908
20915
20922
20931
20941
20943
20952
20956
20960
20970
20971
20974
20978
20981
20984
20985
20987
20991
20993
20997
21001
21004
21010
21021
21022
21024
21030
21035
21036
21039
21048
21049
21056
21057
21058
21060
21061
21063
21064
21065
21066
21067
21068
21070
21071
21072
21073
21074
21075
21076
21077
21078
21079
21081
21083
21087
21088
21090
21091
21092
21093
21094
21095
21096
21097
21098
21099
21103
21104
21105
21106
21107
21108
21109
21111
21114
21115
21117
21118
21120
21121
21122
21124
21125
21126
21128
21130
21133
21135
21136
21137
21138
21139
21141
21142
21148
21149
21151
21152
21153
21154
21155
21156
21157
21158
21161
21165
21169
21173
21177
21178
21180
21181
21182
21184
21185
21186
21190
21191
21194
21196
21197
21198
21199
21200
21202
21203
21204
21213
21214
21215
21216
21217
21219
21220
21221
21222
21223
21224
21225
21228
21232
21241
21243
21245
21246
21247
21248
21249
21250
21251
21253
21254
21255
21256
21257
21258
21259
21262
21263
21264
21265
21266
21267
21269
21270
21271
21272
21273
21274
21277
21279
21280
21281
21282
21283
21291
21295
21297
21301
21302
21304
21313
21314
21315
21316
21325
21330
21335
21336
21337
21339
21341
21342
21344
21346
21347
21348
21351
21352
21355
21357
21361
21365
21366
21367
21369
21371
21373
21374
21375
21376
21382
21385
21392
21393
21399
21400
21401
21405
21407
21410
21412
21414
21415
21416
21417
21419
21420
21422
21423
21424
21428
21435
21436
21446
21459
21460
21463
21465
21467
21471
21473
21474
21476
21480
21496
21509
21514
21520
21522
21535
21541
21544
21546
21550
21553
21558
21559
21571
21572
21573
21577
21579
21581
21585
21586
21595
21596
21598
21599
21604
21608
21611
21613
21617
21619
21620
21621
21623
21630
21631
21632
21636
21637
21638
21639
21640
21642
21645
21647
21654
21656
21660
21664
21668
21691
21693
21695
21702
21713
21715
21721
21722
21730
21734
21736
21738
21739
21740
21742
21750
21751
21752
21775
21787
21793
21808
21810
21813
21820
21823
21825
21827
21830
21835
21837
21838
21839
21840
21841
21842
21845
21847
21848
21849
21850
21851
21852
21854
21855
21856
21857
21858
21859
21860
21861
21862
21864
21865
21866
21867
21869
21870
21871
21872
21873
21874
21875
21876
21877
21878
21879
21880
21881
21882
21883
21884
21885
21886
21887
21888
21898
21908
21909
21910
21911
21912
21913
21915
21916
21917
21919
21921
21923
21926
21929
21932
21936
21937
21939
21940
21941
21949
21950
21951
21953
21954
21956
21964
21965
21966
21968
21970
21978
21981
21983
21985
21986
21987
21988
21989
21990
21993
21994
21995
21997
21998
22001
22004
22007
22008
22009
22011
22012
22015
22020
22027
22032
22035
22036
22037
22048
22050
22053
22054
22058
22066
22069
22070
22071
22072
22073
22075
22076
22077
22078
22079
22081
22082
22084
22085
22087
22088
22089
22090
22092
22100
22103
22104
22106
22108
22109
22113
22114
22115
22117
22121
22124
22136
22142
22143
22144
22146
22147
22148
22149
22150
22155
22158
22161
22164
22168
22170
22172
22175
22176
22177
22178
22179
22180
22181
22183
22184
22185
22186
22187
22188
22190
22191
22192
22194
22196
22197
22199
22200
22201
22202
22203
22204
22207
22212
22217
22218
22219
22220
22221
22222
22223
22224
22225
22226
22231
22233
22235
22237
22240
22241
22245
22246
22248
22255
22257
22258
22260
22261
22262
22263
22264
22265
22266
22267
22269
22278
22279
22280
22281
22288
22289
22290
22292
22294
22295
22296
22299
22302
22303
22305
22306
22307
22308
22309
22310
22311
22313
22314
22315
22316
22317
22318
22319
22322
22324
22325
22327
22328
22329
22330
22331
22332
22333
22334
22335
22338
22342
22343
22344
22345
22347
22366
22382
22384
22389
22390
22391
22392
22393
22394
22395
22402
22403
22406
22408
22414
22421
22433
22434
22435
22437
22439
22440
22442
22452
22454
22455
22456
22461
22463
22464
22465
22466
22472
22473
22474
22475
22477
22478
22479
22490
22492
22496
22501
22507
22512
22519
22520
22521
22525
22533
22534
22537
22540
22541
22543
22544
22545
22546
22553
22556
22558
22559
22560
22561
22562
22563
22564
22566
22570
22571
22572
22574
22581
22588
22610
22614
22621
22629
22633
22654
22655
22656
22657
22676
22687
22688
22697
22703
22709
22710
22711
22712
22713
22716
22719
22721
22727
22729
22737
22743
22745
22746
22747
22748
22749
22750
22751
22753
22756
22757
22758
22759
22760
22761
22764
22772
22774
22781
22783
22800
22803
22804
22810
22811
22814
22820
22823
22825
22826
22827
22828
22830
22831
22832
22833
22836
22837
22838
22839
22840
22841
22842
22843
22844
22845
22846
22847
22848
22849
22850
22851
22852
22853
22856
22859
22862
22866
22869
22872
22874
22875
22877
22880
22882
22884
22885
22886
22887
22888
22891
22892
22893
22897
22899
22900
22902
22903
22906
22907
22908
22909
22910
22912
22915
22916
22917
22918
22919
22920
22921
22922
22924
22925
22926
22928
22930
22931
22934
22936
22939
22940
22952
22954
22955
22956
22964
22966
22967
22970
22979
22992
22993
22995
22996
22998
23005
23013
23018
23023
23033
23034
23038
23041
23042
23054
23055
23057
23068
23077
23078
23081
23082
23084
23086
23088
23093
23095
23098
23101
23102
23103
23104
23105
23106
23108
23109
23110
23111
23112
23113
23114
23115
23116
23117
23118
23122
23128
23132
23135
23137
23138
23140
23144
23145
23149
23151
23154
23158
23159
23160
23161
23162
23164
23165
23166
23167
23169
23170
23171
23172
23173
23174
23175
23176
23177
23178
23179
23180
23181
23182
23183
23184
23185
23187
23189
23190
23191
23192
23193
23195
23205
23206
23207
23209
23210
23211
23212
23216
23218
23222
23223
23224
23225
23227
23228
23234
23238
23241
23244
23250
23253
23257
23262
23263
23264
23265
23269
23270
23271
23272
23273
23277
23278
23282
23284
23288
23289
23297
23300
23304
23307
23308
23311
23313
23318
23321
23322
23323
23324
23325
23329
23330
23332
23355
23357
23360
23361
23362
23363
23364
23366
23370
23373
23375
23376
23377
23379
23380
23381
23382
23383
23384
23394
23398
23408
23409
23410
23411
23412
23413
23419
23420
23422
23424
23425
23429
23430
23431
23435
23436
23440
23441
23442
23443
23445
23446
23447
23448
23449
23451
23453
23454
23455
23456
23457
23459
23460
23461
23462
23463
23464
23465
23466
23467
23468
23469
23470
23471
23472
23473
23474
23475
23478
23479
23480
23481
23482
23483
23489
23497
23499
23501
23502
23504
23505
23507
23510
23512
23525
23527
23528
23532
23533
23534
23539
23540
23542
23543
23546
23548
23559
23560
23563
23565
23566
23568
23569
23570
23571
23573
23574
23578
23579
23580
23582
23583
23584
23588
23590
23592
23593
23596
23601
23608
23611
23615
23623
23624
23632
23633
23637
23645
23646
23651
23652
23653
23654
23655
23657
23661
23666
23669
23670
23677
23680
23683
23690
23693
23696
23701
23714
23715
23716
23717
23734
23738
23743
23755
23756
23757
23759
23761
23768
23772
23773
23782
23785
23794
23800
23820
23821
23823
23824
23826
23834
23837
23842
23848
23855
23862
23863
23866
23868
23870
23872
23873
23875
23880
23881
23901
23903
23907
23912
23913
23915
23922
23925
23926
23929
23931
23932
23952
23953
23956
23963
23964
23966
23969
23973
23985
23987
23993
24010
24014
24016
24030
24032
24034
24037
24039
24041
24048
24065
24069
24079
24081
24091
24092
24094
24101
24103
24108
24110
24117
24121
24127
24130
24137
24142
24151
24152
24154
24157
24159
24165
24166
24173
24179
24181
24183
24187
24193
24194
24195
24197
24198
24204
24205
24217
24220
24228
24229
24235
24238
24251
24259
24266
24269
24287
24289
24291
24300
24312
24325
24329
24330
24334
24335
24343
24344
24346
24347
24351
24353
24359
24381
24393
24400
24403
24416
24420
24422
24425
24426
24428
24431
24433
24435
24436
24439
24441
24442
24451
24456
24457
24461
24468
24471
24478
24479
24485
24488
24492
24493
24499
24508
24509
24514
24523
24527
24529
24531
24532
24534
24536
24549
24550
24551
24558
24578
24579
24582
24590
24593
24596
24597
24598
24604
24606
24615
24625
24626
24632
24634
24637
24648
24653
24655
24672
24674
24677
24684
24690
24695
24697
24700
24706
24708
24720
24724
24726
24730
24731
24734
24737
24753
24754
24755
24756
24757
24758
24759
24760
24761
24764
24768
24772
24774
24789
24797
24798
24815
24820
24821
24837
24840
24843
24849
24850
24857
24860
24864
24876
24887
24888
24889
24892
24911
24912
24913
24914
24915
24916
24918
24920
24921
24926
24928
24932
24935
24951
24954
24957
24959
24962
24965
24966
24970
24971
24983
24984
24991
24993
24994
24996
24998
25002
25004
25013
25019
25021
25023
25025
25027
25035
25042
25043
25062
25067
25071
25083
25084
25086
25090
25092
25095
25112
25123
25125
25126
25159
25164
25165
25170
25172
25174
25178
25181
25189
25200
25205
25212
25219
25221
25226
25235
25248
25249
25250
25258
25267
25270
25273
25274
25279
25290
25297
25298
25300
25305
25306
25307
25317
25320
25330
25332
25335
25346
25350
25354
25370
25374
25377
25378
25382
25385
25387
25388
25389
25390
25391
25403
25404
25407
25408
25413
25415
25417
25419
25423
25425
25427
25428
25432
25434
25435
25438
25440
25441
25442
25443
25445
25447
25448
25449
25450
25451
25452
25453
25454
25455
25456
25457
25458
25459
25462
25464
25466
25468
25469
25470
25471
25472
25474
25475
25478
25479
25480
25483
25484
25485
25486
25487
25488
25489
25490
25492
25493
25494
25499
25500
25504
25509
25510
25513
25514
25520
25527
25537
25538
25539
25542
25543
25544
25545
25546
25548
25549
25551
25552
25553
25554
25555
25558
25560
25561
25562
25566
25567
25570
25572
25573
25574
25576
25577
25581
25582
25584
25587
25588
25589
25594
25595
25596
25597
25598
25599
25601
25602
25603
25604
25605
25606
25607
25609
25611
25612
25615
25619
25620
25621
25622
25623
25624
25625
25627
25630
25632
25633
25634
25636
25637
25639
25651
25655
25662
25663
25664
25667
25668
25680
25681
25685
25687
25689
25690
25694
25695
25702
25708
25717
25718
25722
25725
25726
25728
25729
25730
25733
25735
25737
25739
25743
25753
25754
25755
25756
25757
25759
25762
25763
25766
25767
25768
25770
25773
25776
25779
25785
25786
25789
25792
25796
25797
25798
25805
25806
25819
25823
25830
25831
25833
25836
25849
25851
25858
25878
25886
25891
25892
25896
25897
25898
25901
25902
25904
25910
25913
25914
25922
25926
25936
25939
25941
25943
25944
25945
25950
25955
25956
25970
25971
25972
25973
25984
25986
25987
25989
25991
25993
25996
26016
26021
26022
26023
26026
26028
26031
26040
26057
26059
26060
26061
26075
26081
26083
26085
26087
26092
26098
26102
26105
26107
26109
26112
26113
26124
26130
26131
26136
26143
26150
26161
26180
26189
26196
26198
26206
26208
26211
26215
26216
26217
26218
26219
26220
26221
26222
26224
26225
26226
26227
26230
26231
26232
26233
26237
26243
26244
26246
26247
26248
26249
26252
26253
26254
26256
26257
26258
26259
26260
26261
26263
26264
26277
26280
26283
26292
26295
26297
26299
26302
26304
26309
26313
26315
26317
26319
26321
26322
26326
26328
26329
26330
26331
26332
26333
26334
26336
26339
26342
26343
26344
26347
26348
26350
26351
26353
26354
26355
26357
26358
26359
26373
26375
26385
26388
26391
26396
26399
26401
26403
26408
26409
26413
26415
26437
26440
26445
26446
26448
26450
26451
26452
26463
26469
26474
26481
26482
26484
26485
26486
26489
26490
26491
26492
26493
26499
26500
26503
26504
26505
26506
26512
26530
26533
26534
26535
26536
26547
26551
26559
26560
26563
26565
26568
26569
26571
26572
26573
26591
26593
26594
26598
26601
26602
26603
26604
26605
26606
26607
26609
26612
26614
26615
26616
26635
26636
26637
26639
26640
26641
26644
26646
26648
26652
26653
26657
26662
26665
26667
26668
26669
26670
26680
26681
26682
26684
26686
26687
26692
26708
26709
26713
26714
26715
26718
26736
26744
26745
26746
26747
26750
26764
26765
26766
26775
26777
26778
26818
26819
26820
26822
26824
26825
26826
26828
26842
26843
26844
26846
26847
26848
26852
26858
26859
26862
26863
26867
26869
26871
26873
26886
26887
26892
26894
26895
26896
26897
26898
26899
26900
26902
26903
26904
26905
26906
26908
26910
26911
26921
26922
26923
26924
26938
26941
26951
26952
26953
26954
26955
26956
26957
26965
26967
26975
26977
26978
26979
26980
26982
26984
26987
27007
27013
27029
27030
27031
27033
27034
27035
27058
27062
27066
27067
27070
27071
27072
27073
27074
27075
27076
27077
27078
27079
27104
27106
27107
27116
27117
27118
27119
27126
27129
27130
27135
27141
27155
27156
27157
27158
27160
27162
27163
27164
27165
27170
27171
27175
27176
27177
27193
27198
27216
27218
27219
27222
27223
27225
27237
27242
27243
27245
27246
27247
27249
27251
27253
27254
27256
27258
27260
27263
27264
27265
27266
27269
27270
27271
27273
27274
27276
27277
27279
27280
27281
27282
27283
27285
27286
27288
27290
27291
27292
27294
27299
27303
27304
27305
27309
27312
27320
27327
27328
27333
27348
27380
27386
27415
27419
27432
27433
27438
27439
27445
27510
27516
27518
27520
27521
27522
27534
27535
27536
27538
27539
27541
27542
27543
27544
27574
27589
27598
27600
27601
27602
27604
27605
27608
27609
27610
27611
27612
27615
27616
27618
27619
27622
27623
27626
27636
27637
27638
27639
27640
27641
27642
27650
27665
27670
27671
27672
27673
27674
27701
27707
27710
27711
27716
27717
27728
27738
27739
27741
27742
27743
27752
27758
27783
27795
27804
27811
27817
27830
27831
27833
27834
27836
27844
27845
27847
27850
27851
27852
27856
27857
27858
27866
27870
27871
27873
27874
27875
27876
27877
27879
27886
27887
27889
27891
27893
27894
27896
27898
27899
27900
27901
27902
27903
27905
27906
27909
27910
27911
27912
27914
27915
27916
27917
27918
27919
27923
27924
27925
27926
27927
27929
27930
27931
27940
27941
27943
27946
27964
27968
27979
27981
27985
27992
28002
28009
28011
28012
28014
28016
28019
28021
28039
28043
28080
28089
28090
28092
28093
28094
28096
28099
28106
28116
28118
28136
28137
28140
28141
28142
28144
28147
28151
28155
28160
28161
28162
28163
28167
28168
28170
28176
28181
28216
28229
28254
28260
28309
28328
28330
28349
28350
28352
28353
28354
28375
28399
28447
28454
28460
28482
28503
28510
28567
28568
28603
28627
28631
28666
28674
28680
28701
28702
28705
28713
28717
28719
28871
28978
29063
29066
29081
29092
29093
29102
29131
29144
29149
29160
29163
29176
29183
29200
29201
29262
29265
29272
29278
29280
29290
29293
29305
29309
29311
29322
29327
29334
29335
29372
29408
29418
29423
29428
29440
29460
29467
29481
29490
29491
29501
29508
29528
29580
29590
29622
29647
29652
29660
29683
29732
29800
29868
29888
29889
29890
29891
29893
29909
29910
29911
29912
29913
29914
29916
29917
29918
29921
29922
29923
29924
29925
29934
29936
29937
29939
29940
29944
29945
29946
29948
29950
29952
29958
29960
29961
29963
29965
29968
29969
29970
29971
29972
29973
29974
29975
29976
29977
29979
29996
29997
29999
30000
30002
30003
30012
30013
30017
30031
30039
30040
30041
30045
30046
30047
30050
30052
30053
30057
30059
30061
30064
30065
30067
30076
30084
30085
30086
30087
30088
30089
30090
30091
30096
30097
30101
30107
30108
30113
30114
30115
30116
30117
30120
30121
30122
30123
30124
30125
30130
30132
30133
30134
30147
30153
30170
30173
30197
30222
30230
30231
30233
30234
30236
30237
30240
30242
30275
30300
30326
30329
30331
30332
30333
30339
30340
30362
30369
30373
30395
30407
30420
30431
30433
30451
30452
30453
30455
30456
30457
30460
30465
30468
30473
30474
30476
30525
30536
30560
30600
30648
30649
30651
30654
30657
30663
30668
30671
30673
30675
30676
30681
30684
30685
30686
30687
30688
30689
30690
30691
30692
30694
30696
30698
30700
30701
30702
30703
30704
30729
30730
30731
30732
30733
30734
30735
30761
30762
30763
30765
30768
30769
30770
30773
30774
30779
30780
30795
30798
30837
30885
30886
30887
30895
30897
30900
30905
30920
30921
30922
30923
30924
30925
30935
30936
30937
30939
30940
30941
30942
30943
30944
30976
30978
30979
30980
30981
30993
30997
31021
31023
31024
31027
31028
31029
31030
31031
31032
31033
31035
31036
31037
31038
31039
31054
31056
31058
31059
31061
31063
31064
31065
31066
31070
31078
31079
31080
31090
31091
31092
31093
31094
31102
31114
31115
31116
31118
31119
31122
31132
31134
31142
31143
31150
31151
31155
31161
31164
31166
31168
31171
31172
31200
31221
31223
31225
31263
31267
31271
31273
31282
31283
31284
31285
31372
31373
31376
31383
31385
31388
31389
31392
31393
31397
31398
31399
31400
31404
31406
31408
31442
31443
31445
31447
31450
31466
31467
31469
31481
31482
31527
31528
31529
31530
31531
31532
31543
31550
31553
31554
31558
31560
31561
31567
31571
31572
31573
31574
31575
31576
31580
31588
31595
31603
31610
31615
31618
31619
31620
31624
31625
31626
31632
31636
31637
31638
31639
31640
31641
31647
31648
31650
31651
31653
31658
31662
31664
31668
31669
31670
31672
31675
31677
31679
31682
31683
31685
31687
31688
31689
31690
31691
31695
31696
31697
31699
31700
31712
31714
31717
31723
31724
31732
31733
31734
31735
31736
31737
31738
31755
31771
31775
31776
31781
31785
31788
31825
31833
31836
31841
31844
31846
31860
31875
31876
31880
31890
31893
31894
31895
31902
31903
31904
31935
31938
31939
31943
31945
31957
31960
31962
31964
31972
31973
31976
31977
31978
31980
31981
31983
31986
31987
31988
31990
31996
31999
32000
32001
32007
32008
32011
32012
32013
32014
32015
32018
32027
32028
32032
32034
32035
32036
32038
32039
32065
32066
32070
32074
32080
32095
32120
32121
32131
32133
32134
32140
32146
32147
32186
32197
32201
32202
32203
32204
32206
32207
32210
32211
32212
32213
32230
32232
32233
32246
32247
32249
32250
32252
32253
32254
32255
32256
32259
32260
32261
32263
32266
32268
32269
32270
32271
32272
32273
32275
32276
32277
32278
32279
32280
32281
32284
32286
32287
32288
32289
32290
32292
32293
32308
32315
32320
32321
32322
32354
32355
32356
32358
32360
32361
32362
32364
32365
32374
32381
32385
32386
32387
32389
32397
32398
32399
32411
32415
32416
32420
32425
32426
32429
32435
32439
32440
32441
32443
32449
32455
32459
32461
32462
32468
32470
32476
32484
32485
32488
32493
32499
32501
32502
32503
32504
32505
32506
32517
32519
32526
32529
32532
32533
32534
32541
32547
32559
32562
32563
32566
32567
32573
32574
32580
32587
32592
32596
32597
32604
32618
32655
32659
32661
32663
32671
32685
32715
32730
32739
32835
32850
32936
32937
32952
32956
32964
32968
32970
33036
33046
33051
33075
33080
33112
33113
33118
33123
33132
33138
33140
33141
33190
33191
33206
33215
33216
33233
33237
33238
33256
33257
33287
33288
33289
33294
33297
33314
33323
33345
33350
33352
33355
33358
33359
33361
33364
33379
33404
33413
33427
33456
33466
33467
33470
33471
33472
33476
33490
33494
33497
33498
33506
33512
33518
33531
33537
33541
33544
33566
33593
33608
33632
33638
33649
33657
33670
33673
33676
33681
33717
33724
33795
33798
33843
)


// ************************************************************************* //
