/*--------------------------------*- C++ -*----------------------------------*\
| =========                 |                                                 |
| \\      /  F ield         | OpenFOAM: The Open Source CFD Toolbox           |
|  \\    /   O peration     | Version:  v1906                                 |
|   \\  /    A nd           | Web:      www.OpenFOAM.com                      |
|    \\/     M anipulation  |                                                 |
\*---------------------------------------------------------------------------*/
FoamFile
{
    version     2.0;
    format      ascii;
    class       labelList;
    note        "nPoints:1884  nCells:8464  nFaces:17759  nInternalFaces:16097";
    location    "constant/polyMesh";
    object      neighbour;
}
// * * * * * * * * * * * * * * * * * * * * * * * * * * * * * * * * * * * * * //


16097
(
1026
1992
3446
5578
6125
7911
8134
8353
2224
3090
4680
8213
2156
2173
3598
7938
2884
3754
7148
7918
2099
7654
8305
221
301
5607
7265
253
1786
2771
7025
960
1721
4159
8076
226
3413
5580
5889
333
3425
3477
7653
7521
8105
790
1620
3148
4632
244
3560
5053
8279
410
616
1477
7545
1792
1892
8062
3211
4303
7321
7323
872
1784
4532
6328
131
4199
1777
1780
3349
7316
182
331
2866
7539
4382
4576
7382
8110
303
7146
7286
7781
148
1091
2050
3446
347
961
3154
8012
544
1476
6290
6453
1867
2914
4821
7702
3492
4811
7510
8401
41
46
91
315
57
2979
4167
7962
1137
1790
4421
5998
621
3304
4098
6910
835
1606
7164
7678
332
2879
3018
4279
4116
5532
7959
8129
1605
1828
7817
761
5618
7959
8253
4021
8390
4540
4947
6132
7900
969
1586
1602
8370
1402
1433
3685
8408
295
866
5692
4182
4216
5608
7057
1986
2028
3361
6411
46
309
315
7176
1608
4033
6049
69
5109
678
1844
4812
8251
2575
4032
6906
8160
127
316
5441
5610
68
997
2637
7150
880
4194
5609
1950
2893
2912
6877
1840
6753
1377
4688
6120
8089
3317
2085
5882
6972
8432
5719
5907
7961
686
4118
5048
6959
1375
2900
3372
3860
701
736
3055
5622
369
381
396
398
756
2774
4669
5937
1212
4806
7432
67
106
345
5356
149
1874
2833
4019
1043
1302
1997
5243
69
89
5543
145
2052
73
7371
899
1278
6124
7708
794
834
4323
5506
312
935
970
91
121
345
823
1448
4479
4847
1347
1932
6287
6432
234
4746
6933
7607
218
263
2761
3359
5892
8133
833
2617
7978
95
106
311
5392
2979
4167
5532
7171
643
745
5077
7027
171
1446
658
2738
5037
5660
3146
4633
4701
7698
1756
2020
4262
5082
467
1073
3759
4100
2081
5283
7099
7556
94
4738
4875
1677
5500
6111
7198
268
1226
3134
7452
7504
8086
4906
8192
95
106
1834
109
4924
1273
1294
1823
6960
1552
3803
4847
6090
6186
2002
6168
6411
7976
3584
4171
5567
5711
1647
4390
4919
7537
632
794
4948
5506
1132
1175
1452
4698
1651
2053
2074
3134
7234
7975
196
162
205
308
4202
460
1962
2903
2915
127
304
5028
1253
1496
6169
8358
4895
8192
1677
2671
5500
8295
833
2617
4697
4821
1689
3151
3296
7166
2133
3216
5904
7870
444
1248
1323
1482
794
977
1575
2989
1538
2716
3901
3939
1204
1885
2980
5983
470
1025
1850
3757
7031
7371
349
8237
290
1531
6058
7464
4171
5566
5591
5592
460
1076
4100
7848
7567
229
291
284
4347
1114
4915
5504
5607
196
205
345
7031
132
162
4676
263
313
4091
8405
1966
1967
2142
835
1606
3135
4396
287
3209
4720
5576
1122
1995
6264
7534
5560
5597
7745
7854
4375
5455
7536
7695
846
3024
7291
7472
274
292
322
5400
4054
4071
4481
5458
2995
8039
1346
5370
7897
8141
1666
4501
4822
1719
2677
6123
8208
545
988
1063
6942
216
1083
7511
787
1629
4370
3075
5467
5497
6186
181
4559
5891
6270
7740
2146
4783
5689
8092
4257
6153
6267
4953
7265
7435
7804
1150
4495
5126
8343
1976
3541
5854
8272
812
817
6743
8208
1286
4915
6178
8308
837
1937
4217
6397
166
313
827
2240
8034
8144
306
1002
3221
4254
263
264
3034
3780
289
3680
7367
235
1673
2767
7886
2186
2290
2292
2700
2276
2842
6149
8173
3803
4444
4508
477
820
4811
6269
224
1880
5128
6988
216
1454
3325
3446
3619
4622
6909
186
304
5335
8014
1253
1513
2046
6148
2026
4795
7509
489
715
4209
4598
6191
6390
7025
1071
1182
7468
1289
1913
4524
524
1583
8266
8275
1369
1703
4780
573
1638
2113
4049
2529
5645
8011
197
2057
3455
4613
1185
1445
8192
1473
4100
7849
5792
6434
7484
8285
201
243
292
1350
1533
3239
1354
1860
6044
8017
1434
2599
7909
7916
453
487
1387
6478
311
6066
1368
7149
7908
240
264
313
4222
4086
7152
7789
8056
928
1361
3119
3455
213
284
289
208
2284
4693
5217
989
2194
7436
8361
1513
4326
6148
8137
213
289
1313
2059
2294
3262
306
2487
3520
7578
2276
6371
8019
926
1383
4096
7543
2041
2672
6058
7954
683
2132
5660
7258
1363
4209
5081
5655
279
4522
650
5686
5869
490
6206
6207
1161
1982
7628
3085
4193
3033
4764
6974
3664
4906
8352
4929
7803
7804
1258
1529
2865
2920
837
4216
5657
8372
1068
1583
1789
1086
2781
7233
4230
5796
6402
1363
1935
5081
521
831
2579
3933
304
5930
7864
915
1674
4782
7520
1074
4355
8140
3108
4204
4206
7581
4143
4234
4439
5618
4401
5589
6121
1638
5149
7320
2061
3409
3523
627
824
8431
273
3631
7069
7084
1404
2034
7474
291
308
316
1526
1964
4806
5629
248
1227
2751
3086
268
338
3558
4876
857
2220
4892
7861
2031
7065
7700
1737
4896
5078
8156
2050
4918
7511
7529
1268
2221
4058
2086
6194
6259
7486
2291
4254
7083
7084
4213
6190
1649
1857
5950
7043
660
2150
2972
3451
728
2730
4554
5320
5154
7559
7671
7672
1320
2167
4205
6521
2157
3105
6072
8442
587
4205
6949
8430
923
1948
2020
8358
1048
4003
7229
8046
5617
316
3035
915
1948
4926
8356
729
1676
7038
7596
3430
4483
6044
6310
279
295
876
1521
5992
6202
735
921
6165
7514
6125
6978
6998
8258
2119
4217
1579
7489
8392
338
5310
8036
1750
1803
7460
8344
3247
5688
7747
8245
844
2370
5588
6749
2088
6389
7871
7942
345
5321
2053
6316
8149
2785
4305
4317
1025
3094
3136
4825
680
1958
5556
292
4677
5555
5946
4560
5599
6608
7448
1220
6267
293
2885
4074
648
2935
8247
311
1565
1654
2204
8409
1991
2023
4140
338
5505
1152
4725
7534
7901
1169
1286
4673
7815
858
4118
4170
7895
3400
4370
7753
7759
1698
1828
6135
2184
5605
5805
1136
3259
5458
5472
1794
2614
2628
8010
468
1117
3347
3367
770
908
635
1010
2060
2078
311
4201
957
987
5110
620
3351
7925
7991
4281
4293
335
3261
901
1838
4864
993
3486
3487
3490
1673
4900
6147
7886
756
4901
6401
7586
1361
1620
6057
7539
340
3121
325
333
792
829
2899
4027
5491
4953
6471
7653
1904
2251
2269
7782
1316
2591
3899
7782
962
1638
4803
7885
7906
434
523
1469
7525
442
2387
7647
1575
4680
4934
1009
1267
1364
3733
2331
8181
337
2267
5176
8037
781
3241
6889
7002
4660
5419
1451
6887
7341
575
1353
4373
7552
4077
7139
698
1862
3452
7955
375
382
879
5027
402
5030
5634
351
365
393
4513
5095
374
377
380
381
376
384
5912
355
373
5024
5098
359
375
2996
6570
375
392
401
1320
358
392
4857
629
1548
4072
8028
359
395
1013
5987
373
401
972
389
879
363
377
380
5130
3068
8369
2080
2100
4609
5898
5111
5829
8013
1442
1893
2907
8402
370
466
6080
3423
7775
8157
8159
368
5488
7775
1459
7522
8157
372
5830
5981
384
2474
4545
376
388
399
4338
388
399
5983
379
383
399
2502
2980
5728
4335
5919
385
7374
2004
6882
7762
390
1504
4984
3215
5257
399
4699
392
3984
6081
390
4747
6944
388
4564
396
757
5274
387
3413
4230
8226
3548
5035
5875
2478
395
859
882
394
1645
1926
2956
4153
7649
4433
1013
1066
5269
4544
5010
7018
466
4748
402
5549
7816
8308
402
5448
7865
3447
4905
6325
7554
5990
6521
4233
405
1321
1870
4551
464
1327
1416
1588
1263
5517
5559
408
2102
7530
7699
443
1398
1430
3444
2072
4695
4697
605
3237
4054
8298
3008
6185
6477
826
4377
7916
3532
3537
6363
1265
1385
7241
8299
1386
2294
3259
4177
649
2707
2870
7944
421
1488
5885
6363
2909
3632
4180
7471
564
714
1249
3570
999
2094
3670
7145
821
1726
1919
2198
1487
4107
7022
423
1924
1943
7263
791
1275
1754
425
667
2010
3833
426
427
1342
537
1443
7356
667
1167
1906
431
7546
8068
8114
912
3062
3117
7546
2022
2075
432
1657
2644
912
2648
5515
4520
6898
7550
8420
1352
3157
7553
439
933
1939
3111
438
1939
7284
7788
439
1851
2065
4523
439
4043
7525
5516
458
2988
3076
6478
455
508
1754
7243
457
784
897
1915
1923
2016
2033
7494
8289
449
491
3362
8070
1723
5106
7677
8091
448
2038
8371
557
1285
7883
599
4690
7490
1300
1665
2063
4890
473
547
570
1598
666
1335
1336
2019
577
4732
6922
1906
3114
4851
8196
461
510
476
516
1545
4584
480
2083
7647
463
1463
3066
5985
6022
7864
8009
1355
1650
791
3130
2197
2707
3609
3632
1390
3076
6105
482
1900
7300
2624
2646
3073
5526
859
1013
485
4736
4805
748
896
2114
783
1216
1397
1595
485
4736
5524
2424
3097
7268
7387
478
508
1057
1087
1166
1325
1730
475
1663
1895
1941
535
1072
1881
868
5002
8002
2767
4323
7319
512
1532
1811
608
748
2114
4521
779
875
939
1202
1203
2175
7878
530
1360
3302
489
1568
8324
8389
2109
3411
5976
6386
3757
4356
6149
8142
8143
491
599
3073
492
8360
8362
8364
845
8320
1858
2644
8363
799
1870
4881
7327
720
2740
7878
8043
499
509
6200
6376
1325
1416
1588
1730
1038
1901
1903
2077
822
1455
1457
8160
506
1231
3568
1379
1388
1642
8078
582
606
1765
7544
518
1109
1945
8233
8342
8377
1756
3348
7973
518
2727
3027
615
6275
6276
6310
510
1372
518
1109
2917
513
2215
1132
1670
2144
6916
513
1800
7097
521
1357
1935
5035
561
1849
7268
517
1080
2199
1355
1396
6811
7081
520
5507
7625
7942
5562
7940
8262
754
2831
547
758
2111
2186
1352
8420
8421
3023
3318
5854
1321
1326
1360
1486
1254
4716
6434
8285
967
1211
1428
1848
532
6928
7478
8345
869
1371
1639
1994
1188
1326
2207
2105
7835
7851
7911
1970
7742
7853
1289
1869
1913
5031
727
1878
2017
2162
865
1895
7663
2539
3346
6300
7990
1167
1601
1627
890
4150
7837
7958
566
676
4492
7561
656
2108
2864
6464
543
839
7464
8246
1521
2675
6202
2670
3217
8045
546
1487
8454
990
4283
8153
1973
2095
3613
1898
2290
6201
6263
7736
8343
554
2370
2696
3539
553
1241
1631
4147
1457
1658
6885
7763
566
568
3585
4106
1059
1704
1862
1245
7951
8346
556
3451
4147
7828
1631
2153
2973
1916
2030
2193
659
662
903
1848
2128
2259
4669
6083
969
1017
4230
5640
1512
3288
1329
3020
3795
4630
610
800
1288
2206
1340
3793
1414
3818
4082
4369
584
1274
2794
4365
7671
7673
569
584
7836
4105
7818
7958
927
3117
7799
831
1017
4230
6402
635
639
752
1183
5152
5163
7906
1270
2106
6385
8354
4369
6252
7988
584
3498
4102
2642
3140
4583
725
6242
7154
8136
593
1332
6028
7338
1443
3824
4062
7339
1056
4964
5481
7198
1963
7784
3167
4648
5999
8106
8450
1868
3015
7982
8049
1000
1296
2094
3423
710
4148
6946
642
1160
2252
1897
2884
5765
6869
1033
1337
7362
8048
2627
3644
4630
8393
3757
4289
4305
4083
5489
7915
3281
3701
7205
886
1017
5640
7584
2174
2704
5041
6259
1093
1117
1449
7785
769
1034
2815
4614
885
2642
1126
1799
5511
8077
692
6047
6912
8001
819
1553
1566
7921
1044
4961
4964
6111
1246
1443
1726
2198
616
4177
6891
999
2715
3365
7237
8212
8261
8342
611
2063
6039
3343
4528
7234
1319
1969
5950
663
719
955
4449
4450
4963
5879
917
6340
8052
8053
1647
2091
4937
6325
3183
5771
6340
1386
8298
653
7948
7949
832
1481
6265
7535
636
719
1388
1772
1569
1630
2003
647
4157
8072
3417
4804
6823
7154
1478
1566
2896
5767
2252
3259
4063
4071
3163
6348
7434
8305
653
2573
3633
1422
6184
6899
1288
1509
2206
4741
1259
1461
3732
1177
2880
3139
7981
1897
2884
6884
7917
2135
3433
3489
3634
7467
7845
7948
7820
7821
1435
1923
746
917
8053
3485
3487
6075
8063
1211
1284
1328
3687
1429
1842
6160
780
939
2012
2083
2150
2972
4119
5585
4071
5161
2919
8194
8362
1225
2047
7137
8045
771
5544
6529
7183
714
809
1037
1328
1095
8006
8444
2041
5601
7465
1348
3535
3635
3494
4270
5655
5023
8360
1544
5993
2087
8005
3411
6441
6444
7590
4219
5937
5939
7259
5097
6419
8232
1069
4395
5996
5998
4219
7015
7879
1428
1429
4040
854
5563
5595
1538
1820
1839
1599
1874
2203
1643
1772
7809
671
2984
4812
8461
671
4404
4441
8258
802
1642
7390
1375
1941
704
760
2890
3821
2029
3326
3446
7594
3207
3348
6204
703
7835
5217
7470
2690
2941
3267
4036
3660
6371
6380
7897
1484
1852
5529
7822
2955
5097
6464
1132
4518
7550
7920
682
4111
8461
2735
8380
1148
3319
7971
1501
1878
2705
5916
1844
5502
7855
2119
4207
1611
6378
7881
8200
1149
6382
8170
2165
6019
6260
1027
3103
4928
7230
5600
6307
7679
8440
777
2706
4755
1844
2129
5936
7741
855
1530
7952
8263
4168
7313
7859
1291
3522
7335
7823
1432
3356
5088
1047
2872
3098
3188
1460
1694
3899
8028
3183
4509
6275
7553
1854
4164
6999
818
1144
3072
7772
702
3312
5054
7757
3293
4484
4685
2183
3406
8212
895
1251
4144
1112
3925
946
5796
5864
5889
1331
3409
6354
710
4234
6949
8379
1378
1554
1581
4484
4119
4171
5585
8251
2141
4145
1340
8330
760
5661
6590
2161
2926
3561
8074
1284
1340
4021
5033
5877
1807
3601
4211
7036
736
2712
3404
5931
2906
4499
7282
7385
1033
1337
4211
4212
5022
738
774
886
1884
3394
3574
7569
724
2706
5911
7723
2703
3205
7477
2915
6823
7923
4538
5911
7723
8346
1862
4164
5595
1556
5641
5643
7030
7037
8211
2366
2462
3835
3837
1832
3008
4961
8184
876
2139
4897
6392
739
3425
4792
4962
4797
4907
7983
8180
1558
6200
6376
1581
3412
744
856
1142
2661
2540
2822
5622
5099
6178
8183
752
1146
1398
3777
7429
7843
8186
8432
1054
1993
2917
6376
931
1127
2537
7813
751
7631
7633
3326
3329
8194
1166
1287
1772
762
791
1924
1072
1881
807
1328
1397
4515
991
1890
1912
1918
1272
4664
8307
1923
7420
2169
2675
3336
5252
2579
5579
7891
5018
5091
8232
1184
5865
1584
1600
5549
1898
2587
8080
948
3527
8129
8135
3265
1886
4234
1987
7903
4236
4254
4258
4279
1216
1328
1938
8242
1039
2574
3410
6244
3031
3294
945
1003
4261
4661
2730
4901
5864
5893
1534
4304
7729
2416
3221
861
1291
4438
1463
4092
5883
6184
1373
1762
2092
3434
4228
6083
8372
897
1728
2185
4679
967
1303
2191
805
1520
3530
4188
4995
5904
1179
1275
1943
1186
1752
1762
1219
1618
2203
1298
1326
1781
6271
1406
1942
7993
875
1823
3924
1466
3401
4076
5765
956
1125
1636
1900
1654
2885
6567
1532
2810
7650
1313
3893
4041
8095
1179
3274
7647
4635
1283
5492
1675
1960
2062
8402
1405
5260
7331
8167
1547
1697
1896
8056
1192
8168
2895
2900
3610
8411
868
889
1055
1319
3305
5471
806
1007
1636
3050
1322
1781
7262
1072
1300
2063
7410
811
1158
1927
7023
813
2350
7723
1360
1900
1934
809
1974
3080
3987
7642
1335
1871
4853
5713
904
1059
1926
4742
4745
7824
1956
7502
7952
869
1869
2185
3284
864
1418
1810
2124
1539
1555
2201
2698
4274
7824
8309
1119
4064
5503
1115
1757
4519
1674
2493
4723
1427
1654
2204
1459
1464
6885
1861
3251
4027
5526
5883
1227
1567
3823
3675
6871
2090
934
1058
2070
3230
5482
5513
6888
2481
2496
3496
7037
5035
8370
4796
8138
3060
4824
1400
4723
6086
3578
7459
895
1274
1499
3585
838
840
4217
881
4772
5103
1567
4216
5397
2938
4170
5478
8413
851
1237
1523
5944
1968
2778
4779
7292
1530
2696
7253
3601
4667
8324
1968
7609
7926
2954
5836
7573
1239
1678
2172
5941
851
2180
3087
6512
1237
1543
5057
6104
6009
6506
1245
1631
1633
2974
4017
7330
1862
7837
7958
1633
5916
8346
3628
7648
2872
3635
7466
2322
6008
8388
879
1709
906
5480
5712
7785
1739
3522
5544
901
4568
8327
1056
1277
1773
3252
932
1890
1918
884
1547
8055
1838
5856
6067
1007
1124
1358
4689
1396
4000
1879
2036
1310
1985
2036
2124
1089
4168
6126
7370
877
7255
7933
2874
2937
7231
1882
4427
5837
7659
1196
1294
5980
6386
1050
1783
7716
3281
7115
7205
7209
1013
4197
6023
1089
5604
8045
1018
1716
4748
5016
7575
891
1395
1749
1766
2646
4736
4227
6401
902
1038
1646
5459
1236
4440
7209
7960
1007
1377
4688
952
5836
7620
907
2628
8031
906
965
6040
7400
3276
4143
4744
5618
1561
2179
7580
8195
2105
7838
907
934
8032
1823
1913
2217
3163
7435
7712
1280
8041
8100
975
2056
4239
8067
7176
1196
5250
7703
1599
1919
8239
1064
1214
2357
937
1462
6558
7661
5105
7413
933
1749
1003
7324
942
1002
2326
7281
913
946
1218
5641
949
1898
2632
2691
1159
7798
962
4488
4994
915
4947
7507
7900
920
1001
4951
8228
8423
1190
1322
1655
1658
6302
7760
920
2374
7722
7900
4950
5794
3556
4718
6166
2977
5555
8243
6169
7512
7875
1199
2184
5879
8098
998
1566
1725
7788
2327
6705
8079
2643
7780
7810
3049
5716
7288
3095
3304
8132
8447
1015
6075
8205
953
1217
1612
1382
2124
8219
934
7283
2120
942
2364
940
1382
1665
1921
6046
6712
8106
975
4240
4554
6285
1281
2828
955
1389
6002
962
1218
4281
4661
4878
1043
5141
8374
1063
1854
4813
6997
951
1218
8423
947
5320
1001
1218
8224
1502
3227
6415
1596
6914
7301
1835
1837
2980
3863
3206
4238
4256
3498
7600
7836
1416
1596
7399
1301
1665
1921
2021
1863
2063
1124
1127
8071
7071
8038
8240
2969
3633
7841
4046
6479
7542
7777
4682
5086
5888
2477
5851
7865
968
1920
2975
7938
8022
2151
6324
6433
7679
4819
5499
7792
968
969
3222
4994
1374
3603
5389
8226
1603
1821
8224
4746
6423
7607
8391
1299
5990
6820
4553
5972
6437
8325
3565
4132
4428
7659
2989
6086
1208
2687
6925
7240
1170
3458
4992
1653
3065
4848
6917
2161
3561
6491
8426
1841
2017
2153
8332
3613
4286
8452
1790
2147
4600
7931
1529
1889
3420
8328
3596
5589
6758
8429
1528
2161
5926
7195
1537
2134
2604
2933
1580
7176
8327
4134
4272
8456
1510
5530
6572
1489
4134
7857
1219
2021
4314
1005
1460
1694
7995
2045
4933
7560
1495
4326
4791
7980
1223
1694
1896
2015
1165
1607
5493
6106
1420
1446
1939
5767
7414
2717
6218
1259
5462
7776
3152
6285
1003
4258
4878
1603
1951
2115
3152
1547
1896
6220
2607
2733
2970
1055
1256
1621
4798
7986
3021
3477
5492
1435
1874
5487
3731
1308
1540
1628
6531
2829
3444
4516
8236
1793
5952
1455
4415
4444
4500
8370
1883
4191
5902
1134
6153
6169
6267
2683
6059
7841
8186
2615
3139
4729
6629
1126
1381
1657
7661
2450
5599
6012
6307
1886
4101
6130
1078
1091
1134
1135
2400
4324
1680
2139
6386
6448
4901
5814
5865
8227
2923
4449
6910
8072
6404
6431
8059
8113
2927
4432
5994
6328
6039
8054
1891
2826
3414
3063
3363
4089
1307
3234
1827
3570
7642
1909
6503
6208
8256
1297
1393
2759
5690
1760
3094
4101
5089
7019
7577
7894
3331
3639
3357
7712
7803
3114
3454
4851
4890
4086
7142
7152
7791
3635
7467
8439
1051
1742
4394
4705
4778
6011
1788
1953
7255
4769
7229
8044
1559
1576
4356
4379
3621
7691
8097
8175
7514
7968
8131
1396
1859
1344
6901
1398
1430
4634
2120
2186
7411
4147
7837
1397
1595
1146
1329
1782
1818
1067
6289
8124
4272
6939
1704
2159
8247
2481
2494
2500
7035
5987
6087
6807
2566
7638
6988
8092
8266
4394
5084
6011
1529
2104
2453
2858
2541
3347
1080
1355
3758
1077
3327
6408
1825
3286
4840
7315
1650
2533
7490
1802
1993
6409
1492
6164
6169
1616
6307
6426
7930
1656
7997
1147
3403
4133
1748
2968
5292
1091
2055
4671
3104
5874
6146
2143
4324
4795
6146
1112
3324
8088
1312
1532
4634
5785
7732
7737
5103
7225
6405
7481
7484
7515
8203
4425
6364
7242
2633
8031
8032
1269
3403
6006
4966
7947
8446
2167
2979
6949
8172
1235
2176
3542
7737
1685
5708
8267
8280
1240
1998
7731
2968
4534
6598
2295
3025
7234
7975
4395
5084
7271
7423
1520
4755
5790
7611
1172
6158
7844
8432
1142
3628
4058
7700
3208
4533
7447
8008
1463
2620
3073
5525
3186
3290
7419
7777
5076
6390
2711
5513
7772
8414
1286
2197
5504
5574
4599
2197
2707
2860
4793
1482
2033
7555
1950
2621
7676
1809
1813
3614
4958
5712
8032
2905
3051
4099
4483
4894
7755
7785
3602
6442
7041
7257
1138
4872
6196
6360
1205
2055
1148
2188
3319
6180
1636
1650
1127
1217
7812
1462
3165
2533
1419
2102
3380
6265
1222
7030
7549
7591
3558
6233
6989
7566
1306
3574
5992
7570
5891
1675
4918
7528
7699
1220
4671
2018
4586
4727
5176
5491
7795
1519
1798
5996
2107
2723
3557
1171
4321
4796
7979
3413
4232
4242
7013
2221
3628
7648
1195
5019
3221
7069
2630
4068
8029
4034
4798
4815
7986
1183
1424
4497
8154
8154
4867
7635
5584
7735
8449
1477
7241
8184
8301
1494
7517
7980
4382
5974
8024
8283
2910
4770
7946
8128
2972
5587
5707
8448
1506
2165
7163
8349
4745
4754
6126
7239
2131
4147
5909
4080
5647
7304
7691
8097
1981
7486
7487
2158
2667
7914
8342
1754
6343
7243
7263
3423
3733
4061
5463
3229
6187
6900
1598
4381
1626
7751
1346
2847
6317
8122
8308
3275
4655
4680
2026
6162
7517
1778
2068
2085
1914
2087
2573
6052
1441
1894
3466
6868
4388
4555
4559
1426
1669
2073
5778
2615
3440
4810
1356
5134
7558
8188
2058
3144
1629
2885
1757
2577
2616
4519
6175
6208
1308
1842
1258
2127
2774
1215
1408
3395
2816
3147
4701
3421
4034
4905
8406
1190
1425
8107
2089
5296
5613
7672
1287
2207
7497
2081
2446
5283
1203
2719
3210
6254
3579
7457
7481
1432
4058
7631
1943
7704
1388
3235
7806
8077
1922
7500
7910
8391
1713
2923
5807
1241
1704
7465
8247
3619
4103
7815
4665
5804
6430
2168
6410
4221
4765
2588
7511
7535
1604
2425
4266
7874
1500
1615
3341
5903
1479
2709
2962
2926
4421
5700
7180
1878
6998
7830
8345
1938
4318
1526
1944
6689
6921
6925
8439
8451
7462
8292
8310
1445
3487
6075
1942
7641
1327
4809
1435
1912
1992
3328
5041
5306
6201
8279
1560
2773
7548
1696
2195
2639
2115
4276
7495
8228
4580
5604
7023
1550
3835
2194
2217
4682
6367
1972
3542
5967
7619
1274
1965
1562
2084
8359
3437
4610
7729
8048
2804
3208
4560
7383
3319
3612
5556
6182
7158
7734
8271
3281
7840
5747
6944
3580
4581
5792
6436
5942
7192
7829
2704
7488
7730
1245
2669
3589
6429
7852
8376
2158
3612
4346
6182
1583
2154
3023
7625
5546
1439
1916
3828
4544
4597
5057
7018
3280
4756
8289
1284
1374
5976
6444
2984
8448
1502
4401
4574
4746
6153
6155
2027
2034
7474
1404
7483
7484
7599
1619
2071
4656
3418
8131
8146
5863
6724
1450
7994
3285
3307
5080
8022
2721
5457
7257
1701
2735
4435
7657
1271
1297
4786
3391
6336
7499
2234
4962
7667
5581
6383
6975
6218
8030
7491
7492
7631
4801
4837
8117
2658
2667
8244
1298
1321
3167
1961
5115
8183
3019
4679
6980
7561
1276
3144
1281
1753
1754
1845
4684
8079
4750
5603
8101
1882
5697
7658
8428
4754
7824
8206
1752
4882
1988
7547
7707
8410
3010
4953
7434
3706
1417
1444
1916
3609
1325
3149
4287
8021
2230
4302
1320
2180
6009
6948
6286
7894
1365
1632
4374
7540
2100
3146
3148
4609
6344
7704
2100
3130
4635
7902
4061
5462
5476
1298
8016
1394
1504
5991
7892
1375
1941
1375
1626
2900
2054
5192
1427
2608
2627
2810
6481
1604
2814
5703
1680
3550
8364
2594
2595
2060
4516
3674
4515
4629
1534
1917
8219
1759
3566
6141
7243
7650
8395
2266
8398
2059
5500
8095
8177
1334
3474
4634
8084
2639
4062
7339
6531
7096
8166
8191
1677
3007
7669
8300
1649
2064
2996
1597
1388
1425
2194
4250
7265
7245
8166
7799
6403
1900
7725
3777
7352
3628
6181
7872
2574
3410
6209
1546
2015
2122
1598
1643
2149
7810
3777
4630
7420
1393
2103
1393
1394
7000
1379
1389
1422
3075
6923
7240
1347
2494
3497
4900
1589
6314
7899
8082
8193
1438
1696
5675
2500
3497
4971
8200
1773
3269
8397
2481
3492
7028
8199
2301
8143
1400
2493
2971
3537
7461
3518
5360
1406
1595
1365
1370
3431
6896
1864
4855
1632
7540
7692
1367
3437
7728
1358
2273
2841
5613
1363
5579
5872
1650
4690
2838
3119
7698
8182
1597
4632
7698
2008
3818
4082
5764
5686
1399
1822
3642
7149
8221
1417
1444
2204
1860
4378
7278
2841
3119
5134
7457
7583
8287
1865
4613
7149
1869
1871
4302
1430
1753
4636
1923
2016
2093
3604
1379
1639
1642
4304
1597
1870
1541
1383
3077
3099
4450
3078
4093
4733
1389
6313
4963
6476
2904
4963
7543
8076
4063
4071
8298
4055
4063
2644
6046
7661
1541
2967
6900
6920
2493
4950
6432
7035
4481
4854
1781
7396
1467
1547
3115
6809
4629
1424
1448
2717
3507
3467
4898
1412
5644
5851
8012
7689
7909
1412
4195
5984
7582
3458
4817
7508
1407
1782
1800
7992
1409
3490
4309
2841
4919
7908
1652
2576
7366
8418
4197
5625
5830
5981
4197
2240
6217
7095
7333
1456
3089
3675
1421
3273
5845
8255
8151
1451
1592
1728
1985
7699
7706
8149
2637
3493
1510
6546
7964
7863
1572
6946
6948
8380
1811
4516
1781
3360
1651
3332
5776
1919
2191
1938
4052
2203
3241
1751
1592
1918
2093
4726
4108
1447
5484
7909
1652
3794
4377
2203
3233
3463
5490
7919
1442
7528
7530
7532
1439
2195
5694
1443
2035
2595
2609
8416
1456
2884
3754
4388
8217
2198
7336
2806
4508
4048
6090
7767
3347
4650
7663
2094
6881
7144
2611
8409
4555
5774
8198
1822
3648
3733
1735
6210
7968
1458
1464
6868
6869
6302
6906
2908
4500
1877
5488
2630
8029
2610
6881
8028
5511
5758
1984
2006
7219
1634
2594
2606
3640
4087
6038
7789
7414
8056
8057
1764
2601
6298
4489
4509
5768
1857
2673
4583
4825
3075
5467
8047
8127
3019
3536
6222
6474
1664
3161
1859
2749
3051
7327
2619
3364
5525
6915
2095
4837
8117
1479
3008
1653
3111
4523
2687
7545
4400
5157
5473
2102
7524
7531
5534
5607
4590
4772
5810
7946
1698
2674
1645
1922
4544
6007
4541
6403
7328
3613
4109
4108
4109
5019
2189
8354
8457
2133
3513
4433
6081
2141
4148
5553
1496
1674
8203
3108
4983
5457
7257
4725
4730
6162
1496
6148
7901
4782
1640
2933
5801
5843
2675
7007
7563
7624
2106
4835
8244
2130
4204
5057
1633
2017
8334
6425
6993
2679
2974
5546
5588
6516
7752
1935
1937
1940
2831
5699
7856
8387
3106
3107
7017
7605
2936
3600
4111
8458
4294
5673
8000
7898
8255
3540
3541
8281
8288
2589
4927
6143
4249
6471
7437
8304
2176
4237
7737
2924
5453
6263
6988
1958
6382
4491
4538
4763
6418
1788
1790
1929
1956
4771
1542
1737
2322
4143
5025
8250
1615
5057
6007
2213
4540
5547
7999
1816
2913
3065
5514
3286
6591
3308
3586
4539
8044
1797
6990
8074
3224
7721
7826
4770
6051
7946
7352
2810
3795
7352
1639
4614
1901
1905
3664
5369
8210
1637
6322
6433
1817
3169
5934
5935
1842
1938
1942
1805
2112
2169
4897
8156
5406
6944
7018
2464
4191
7656
1649
2199
4846
1548
1694
6827
1683
6831
1787
2119
5378
7870
2751
3202
5397
6877
6917
7156
3453
1851
4523
7523
3133
4198
7282
3071
4241
2558
3153
7998
1676
2029
2050
3492
6166
8194
8195
3410
7088
1802
7030
8141
4505
6200
7073
3329
5077
6409
1580
1591
4200
1999
4823
7156
4222
5930
7676
5608
7580
7877
8364
1571
2005
2007
2746
3530
1577
2044
6551
7868
3306
4861
8171
4544
4596
4597
7603
2769
4948
6043
8142
2003
3429
8179
1596
1730
1898
5348
1791
3441
3575
5829
8367
2561
2118
2925
3577
8272
1590
1591
4221
7374
5836
7573
7575
7649
3548
5035
2807
4280
7083
8392
2207
5771
3680
2742
8275
8333
1600
2011
6089
1614
6261
8266
8329
1614
1684
2925
6985
3784
1612
4648
1727
1601
1627
4738
5982
1618
1660
3222
5657
2361
3554
5000
7899
1613
7905
1803
2927
6188
7197
7794
1909
5933
6503
4880
7654
7655
8336
3726
5535
5817
7705
4268
6301
7990
2033
3508
4103
7479
8340
2178
7839
3563
4174
5083
5911
6999
7477
7601
1623
1626
1622
2057
2300
2816
7647
1622
7728
8017
1891
2815
1660
2900
7002
4880
7330
7690
7707
8352
2021
1726
7753
4318
4644
6048
2090
5455
2145
4456
4826
2017
2597
8218
1690
1635
2595
4067
3732
5476
8414
2903
1648
4757
7930
2062
2036
1644
7717
8025
1644
5708
7937
8280
2019
2114
5498
2156
3582
4747
6516
1903
1943
4260
4917
7701
2117
2933
8025
3796
1866
4048
7536
7689
1767
5514
7759
4413
4415
5490
1969
2064
3759
1847
5515
2004
5456
4061
5494
3832
8241
1910
2575
2601
8161
3067
3608
5177
7660
3114
5405
5510
4804
8424
7551
1902
4380
1735
6211
7493
7596
2078
5487
7388
8221
2051
5484
8351
1672
4697
4698
1975
2814
4389
7560
3299
3447
6898
2135
5506
4950
5778
6319
6318
6320
4956
1783
4172
5827
5917
7614
7852
8463
7073
7580
2723
4814
4872
3406
3558
4814
2049
2122
4072
2118
7619
7739
2157
3545
7765
1687
2666
2692
6011
1846
6907
7719
3297
4229
7446
1746
3032
7969
2974
5926
7826
3478
3480
6156
7651
1722
2716
5158
6838
4076
4083
7151
7790
3478
3776
6176
7651
1697
2010
1895
5510
5529
8312
4587
6475
7469
7471
1702
4094
4587
4841
1820
4593
5828
4098
6910
7469
1981
1982
7583
3452
3243
5798
6404
6437
1710
4538
6418
6999
3272
3939
1719
6123
7182
7963
1718
1883
6080
3452
5601
7465
1715
3322
6941
1824
1925
2993
8013
1717
2902
2909
1824
3863
5259
7206
1720
1907
6418
2996
6948
8094
2860
3138
5808
2888
3216
6081
2992
8309
1779
6974
4963
5879
6476
2502
5226
5919
7684
2380
7109
7475
4087
6038
6221
7759
2111
2149
5773
2011
4724
1750
2380
7621
8081
1734
1740
1771
5840
1734
1743
6135
7822
5072
5554
7036
7618
2950
4275
6206
2917
5076
8131
3394
3574
4384
5600
5970
7448
1771
4275
5535
1743
4196
1745
5844
7956
8252
3987
3999
5925
3308
4601
7112
7953
3227
3276
5592
2666
4175
4778
3580
4719
5975
7485
4535
7449
1881
8057
1755
7164
1752
1762
3474
1753
3147
5878
8268
6168
8355
2912
6297
3453
3803
4482
7150
1876
6872
7422
1978
6158
8434
3097
3126
3264
2016
1930
2758
2760
4094
1983
2228
7146
3250
4089
6037
4805
5892
7490
3064
4523
6294
2988
6478
6922
8434
2206
3136
5950
6714
6425
6993
6995
7904
2653
4438
7806
4702
4958
3286
5629
7316
4001
5661
5820
7451
2696
4601
5787
7502
3125
4850
7315
2758
3017
3304
1907
2573
3636
4317
5011
6630
1811
7352
1784
7192
5994
8267
2048
5867
6131
6724
6189
6203
7080
2133
5037
5660
1797
8074
4783
7856
8333
2926
2373
2795
2045
2784
3487
6076
7287
7143
7145
7147
2597
5487
8222
8223
1875
1904
3824
8051
1798
4172
2930
5696
1808
3165
3235
1811
7351
1804
1879
2067
2231
7596
8140
4432
4706
1805
1809
2112
1813
8078
7479
7621
7737
8273
4187
4667
7876
2231
6054
8078
1810
2067
3615
4724
1813
2214
3164
3235
6002
3139
4325
4729
8018
2179
2768
4668
7593
2587
2632
7771
1820
7205
1842
1942
3020
3295
5292
8007
3037
3554
4028
7793
5410
1829
1835
4510
5293
5658
3132
3315
3349
3606
7645
8242
7905
3272
3136
6130
7058
8000
3522
3524
5603
6826
5099
7471
7803
3077
4096
4830
7711
4738
5635
6066
4573
2995
3272
6967
1839
1885
4568
8240
5226
5828
6674
2129
2150
2162
5922
5925
7822
7718
3046
3165
6705
1956
5788
7133
7398
7807
8077
2191
4019
3097
5874
1969
4825
7997
4489
7525
1853
3718
7640
2956
7568
7634
6942
7955
2735
7657
2155
3720
3823
5608
4584
6585
2648
5525
6915
3162
6809
3430
8050
5468
5482
5499
6002
7664
7809
3454
5623
6311
2815
7728
7729
2074
3331
8374
2101
5509
5782
4391
7984
7986
3980
5469
1994
3848
4178
7652
8322
8394
3463
3803
7919
8223
4179
7889
8238
3566
8238
8399
2892
6882
6885
7601
3284
4691
5126
5502
7855
6042
3561
8073
3086
3216
2843
4669
6401
4547
7960
8379
7433
4405
5590
6110
8264
2104
4578
6404
1921
3615
2300
3501
4543
7498
8392
3421
7320
8217
3233
5346
6884
2010
4086
4075
4076
2706
3247
4755
7858
2013
2116
2893
4501
4502
1987
2014
3832
4062
4311
7888
7906
3822
7751
1914
5601
4839
5129
7741
7855
2116
5379
2896
6877
6917
2733
6892
7334
8373
2093
7666
2185
6053
8249
2078
4633
7094
2611
1985
3112
4524
7092
7363
2173
3106
3595
3610
7895
8388
1987
4017
8038
8365
4150
7814
4153
6113
6122
4395
4600
5998
7275
7255
7931
7934
3076
6920
6924
3752
7213
8302
8305
4898
5864
5894
3183
4381
5769
8053
3048
4541
7725
2056
4947
7683
8066
8057
2726
2738
8368
3114
6134
7008
7025
7080
1965
6385
3191
3297
4223
7720
2916
5794
2918
3039
5783
7382
3043
6219
4594
4900
7887
4098
6921
7469
8436
5062
7716
8073
3526
7765
8281
8283
5022
5075
7879
8323
7463
7738
8130
8338
6197
7971
1991
6335
2113
3459
5778
2870
3609
4674
5522
7848
7924
2024
2635
5479
6133
7054
7430
2955
7561
4151
7314
6158
8040
8432
1971
2656
5523
4784
7662
7738
2932
7378
7926
2118
3540
3541
8452
8455
8457
3029
4536
6847
6147
7899
8082
1980
8262
8282
5158
5259
6362
7206
2624
6161
8435
2785
4735
6133
6429
7940
8272
6438
7734
6190
4089
7544
2602
5636
6105
2185
4675
4926
7595
2077
2793
3639
5141
4422
6173
7242
8117
2001
6168
6411
7974
3408
3325
5576
3329
6210
2019
4691
8137
8138
2096
7099
7556
7558
3639
6373
7907
3321
5597
2005
2007
3298
5582
6982
2798
6802
8035
6143
7977
8355
4827
7746
6885
7139
2590
5775
4444
7139
4848
7925
4466
4468
6886
4364
4481
7408
2012
2083
2092
2827
2014
3682
7244
3482
4282
2195
6029
7094
2028
4926
8061
6054
4925
8286
6897
6932
3587
4092
7784
7797
2861
4578
5547
6802
4321
7154
4252
6204
7380
4928
7977
2481
7038
2035
2122
7340
4109
5019
6290
2123
5534
5806
8206
2953
4506
6154
2195
7339
2112
2552
6366
6535
7963
2126
2773
6043
7548
2049
5895
6092
3636
8248
2531
5520
5892
7490
2715
3365
5468
5503
3064
7153
7750
4253
4920
6150
6153
2679
3217
5909
2127
3504
5800
2126
7496
7510
2113
5152
5779
4821
5509
7714
7706
6859
7907
6150
6264
4945
7507
3091
8214
3274
4260
4277
3256
7198
2830
6048
2137
7569
3662
8401
2199
4760
5344
5516
8080
6289
8293
4702
6088
3476
4569
7844
3426
4729
4730
4790
4319
7283
7781
3091
4655
7508
3459
5777
5782
3331
4387
5145
4392
8123
6238
2866
3455
5716
8214
3995
2830
2841
3119
3395
5619
6505
8197
5296
7557
3112
4524
4613
7539
2816
2137
6408
6409
3304
4157
4383
5841
7624
4770
7948
3411
7622
8313
2273
5272
7671
2833
3672
3427
7540
8216
2093
3438
2711
4430
2838
8167
8182
2899
4511
5491
7795
2827
2828
3460
4306
4880
6784
7213
3129
3387
4485
7526
2617
3414
4301
5713
2961
3243
6979
8244
2189
7561
5556
6360
7764
4622
4673
4785
6448
7622
2182
3597
8313
8314
2120
5516
2124
7680
2149
2344
8201
5377
7927
7932
7935
3545
2149
2123
4443
7709
8312
2193
7555
7834
2419
2774
2865
7259
2193
7636
2520
6724
5937
5938
5939
4441
4812
2177
3108
4983
3710
6113
7828
2164
2743
4983
4186
2618
5802
8026
5159
5174
2771
4505
6191
7515
5079
6043
2169
3336
7627
5975
6189
4167
4440
7959
7960
7632
7429
8187
4787
7509
7980
2641
3060
6109
2645
5775
6985
8245
8340
2926
5722
5870
3584
5711
7572
2153
4382
5783
8283
4496
5041
7443
7563
3593
5069
5128
6446
2196
3270
4194
4777
4781
5709
7766
2658
4136
2935
4981
7462
3659
6912
7313
7860
5700
4441
5595
5055
5056
5069
6235
2177
3087
5660
7939
8350
4437
5991
7500
8172
3228
4110
3594
7592
7878
8155
2178
2743
5903
5037
5378
5938
6397
4172
6990
6991
3589
5594
2924
4383
5051
2768
7593
8320
3026
5958
6104
7879
2934
6506
5036
6406
4186
5904
5075
7017
7581
7605
4996
7832
7869
2702
5054
5066
2909
5607
4319
4866
4986
7970
3612
4138
6173
4492
4835
4348
4784
7738
6567
3010
8303
8304
7338
4255
2201
3138
2708
7675
3597
5953
7713
7869
3199
2231
4691
6054
6566
2608
4312
7422
4141
6340
2459
2714
3647
4474
2212
3643
3746
4343
2337
3484
5200
6322
5724
7331
2882
3196
4651
2423
2701
2720
2237
3252
4958
3129
4636
7097
2731
2787
3471
4295
3099
7265
2384
2429
3059
3702
3229
3251
5497
6891
2687
8301
8451
5102
2561
3170
3412
2377
2442
2535
2782
2563
3714
3746
2275
2451
2731
4285
3355
4883
8296
7391
7667
7668
8176
4089
7769
7771
2238
2476
2879
3377
2863
3422
5031
3046
3477
4962
7667
8176
2235
2317
2854
4316
3402
4792
7630
2550
2565
3546
2387
2866
3505
3724
5104
5470
7197
3198
3734
3770
3784
7645
3196
3197
3559
3768
2384
2511
2978
4499
2432
2656
3182
3473
3667
3689
3729
5209
2538
3509
3665
3792
2256
2442
2688
3744
2557
2596
2850
5238
2467
2470
3389
3809
2470
2492
5955
3269
4045
6348
7541
4179
6888
7542
2267
8317
2255
2791
2961
3646
2256
2553
3681
3762
2459
2787
3898
2580
3127
2272
2749
4000
6809
2262
3305
3625
5485
2786
2800
3512
2424
2554
2589
3245
2396
2448
2555
4291
2303
2359
4477
2277
3109
3376
3885
6544
8105
2271
2796
3741
3825
2267
3259
5176
4041
2271
2305
2508
3320
3350
7542
7755
2570
2939
3085
4193
2417
4776
2278
2368
3627
4365
8188
2439
3240
3479
5004
3100
3649
5206
2284
5191
3236
5009
7018
2356
2749
3232
2368
3382
3407
5648
2507
3000
3055
3293
2298
2436
3275
3370
4534
6595
6621
6961
2363
2458
3324
3854
8189
2981
3503
3665
3742
2381
2578
2762
3287
2310
2335
2790
8060
2295
3320
3502
3741
2455
3323
3581
3667
2691
3117
3092
3123
3653
2297
2898
7411
4042
4534
6621
3256
7794
3739
7504
2303
2307
3139
3625
4056
5480
7780
3231
3462
4992
2300
2334
3442
3643
2764
2847
4693
8189
2311
2778
2790
4779
2880
3248
2326
7281
2363
2765
4152
2423
2439
2949
3781
2309
2556
2823
2775
3309
3646
4331
2313
2427
6629
2426
2479
8035
2338
2339
2513
2314
2911
3407
3590
2461
2556
2951
3462
3618
4758
2430
2901
3092
3611
2324
2433
2501
3174
2550
3123
3653
2433
3054
3223
5570
2340
2488
3358
5413
2491
2964
3192
3344
2326
2344
4543
7495
2330
6996
2487
3092
3520
3611
3113
3219
3416
3077
4450
4587
5805
2364
3047
6000
7199
2390
2420
3499
2994
5561
4439
7910
8388
5021
5156
2762
3058
3246
3279
2583
2485
2882
3531
2412
3719
3737
2352
2867
3368
3738
2604
2802
4588
2412
2790
5121
2802
2922
3484
2812
3335
4476
2366
2402
2522
2525
2540
2822
3465
3591
2756
2891
3531
3629
2361
3521
2346
2348
3371
3686
2349
2360
2514
2350
3033
3080
2349
2353
5461
4763
2581
2593
3605
4548
2354
3338
3972
3528
5611
2358
3291
4447
2600
8412
2584
4099
7985
2976
7023
8207
2567
2572
3703
2788
4846
7675
2381
2510
3491
2364
7029
2363
2418
3320
3502
2367
2394
2396
2400
2437
2813
3696
2418
2781
3552
2788
4463
2847
4392
5243
8123
2670
5546
2387
2966
3274
3724
2550
3575
3631
2492
3575
2719
4558
5794
2775
2802
3397
6431
2378
2732
3684
5434
2532
2736
4244
2550
3385
3546
3004
3170
3374
3735
6986
8344
2546
3371
3704
2392
2408
2657
2848
3185
6079
2567
2848
3083
3693
2551
2851
3030
3623
3924
3338
3693
3729
3971
2558
2745
3226
3702
2416
2490
2855
2404
2406
3006
5215
2545
2680
3683
2845
3396
3743
2427
2823
4066
2403
2480
3006
3168
2413
3802
2505
2514
3686
2647
3009
3637
3749
3727
3747
3984
6081
2413
2678
2411
2478
3464
4338
2411
2463
3194
2477
2818
3154
2405
2818
4617
2408
2657
3801
2408
3171
3500
2572
2811
3101
3294
3472
2819
3220
3569
3645
2811
3500
3703
4455
2522
3799
3709
5565
2415
2853
2678
3625
4325
8020
2555
3103
3511
2420
2487
2508
2798
3240
7233
7972
2722
2837
3649
2634
2438
2862
2958
5308
2424
2555
3103
3245
2752
2997
2518
3521
5703
7029
2796
2798
2959
2437
2651
5129
5596
7745
8092
2484
2512
3219
2835
2985
3889
2452
2656
2778
2803
2801
7503
7609
2434
5432
2986
3113
3617
2441
3018
3054
3734
2799
3231
4464
2947
4586
2720
2945
3392
2701
5420
2484
2548
3509
4024
2799
3093
3223
2489
3661
2536
2650
2808
4653
2506
2514
3491
2516
2776
2805
3053
7686
2580
3127
3650
3712
2655
2940
5438
2982
3082
7282
2513
3656
4184
2454
3647
4409
2790
3193
5139
2459
2731
3647
2456
2862
3340
2685
2739
3735
2958
3224
3647
3419
3658
4638
7232
2460
3502
8088
2961
3419
3864
7456
2472
2622
6628
2463
5625
5627
2478
5981
3214
4545
5627
2662
3381
3424
4603
2472
2569
3268
3590
2662
3630
3682
2469
2472
2569
2821
2509
2622
3775
3630
2483
2713
2783
3503
4970
2479
2932
3160
3739
2478
5627
6080
2483
2689
3655
5224
3192
3684
4542
2693
3069
2796
3193
2529
3616
5645
2525
2681
2817
3166
3665
3988
3711
4013
2891
3699
4775
2855
2985
3141
3499
3303
2750
3725
5179
2889
3631
3653
7084
2732
3684
4280
3195
2494
8199
2732
3344
3389
4938
2500
4268
7884
2536
2736
5189
2526
2786
3512
5013
2867
2939
3368
3686
7026
3219
3226
4265
3215
3863
2649
2780
2981
3503
2578
3159
3715
5663
2867
3393
3396
2762
3354
3688
3009
3645
3694
3361
6411
2840
3519
3551
3704
2512
2747
3045
2734
3711
3484
5015
2516
2878
3122
5423
2834
4011
2518
2555
2664
3878
2965
7387
2521
2524
3468
3513
3271
3340
3504
2528
2722
7259
2812
3335
2878
3220
3637
4360
2528
5024
5098
3200
3696
2544
3592
4125
2544
2766
3512
4669
2571
2797
3154
5335
2565
2854
5194
2537
3362
6299
2998
3661
5520
7989
2609
8371
2649
3744
3846
2782
5520
7990
2981
3070
4626
4097
5520
2843
3569
2842
5191
2559
2776
2834
2857
2651
2947
2949
2997
2725
2837
2682
3168
3171
2578
2876
5236
2960
3374
3506
3688
3059
3339
4035
2663
3375
3695
4460
2835
3203
3620
3510
4196
2851
3203
3767
2765
2965
3552
3248
5676
3712
5112
3122
3749
2755
3534
5205
3549
5458
7787
7795
3133
2805
3120
3723
4965
2964
3384
3748
2963
3514
3682
4418
3626
3403
4133
3292
3338
3375
3645
3694
3962
3690
4572
2867
2943
3291
3236
3470
5411
2809
3743
4861
2896
7285
5779
7673
7701
3299
6898
7988
3058
2729
8227
2851
3030
2584
3232
3618
2585
4054
4364
7783
2783
3373
5464
3456
7724
3237
5473
6186
3370
3462
3629
4419
4319
5514
8147
8150
3552
7268
3060
6109
7743
3369
4070
8028
3549
4030
3533
5517
5559
3352
3131
4374
7361
2711
2717
3507
5513
3794
6886
7526
2708
7336
8373
7146
8158
2619
2648
5525
2728
3309
3719
3737
2618
5201
2633
2898
3230
7781
3648
4028
5476
4067
4511
5474
3603
7363
4026
7873
3369
7772
8414
7756
7758
2700
2898
3250
7769
4032
6827
7995
7996
2633
4068
8031
3426
4945
2839
2914
5764
3380
2873
3397
4080
5646
3364
5526
5883
3043
4081
4465
2754
2951
3450
4880
6545
7694
8431
8434
3188
4451
7863
3078
4096
4829
6924
3795
6480
3115
7286
2630
3072
3899
7409
8055
5498
7786
7809
7811
2694
6918
4079
3301
3303
5646
6037
7966
2710
3366
6303
7304
3387
3453
3030
3184
3303
3620
3899
7408
2859
2991
3906
8022
6297
6305
6916
3758
4690
4647
7398
7811
8068
3428
6270
8425
5524
8133
2685
2745
5671
4080
2650
2782
2780
5186
2753
3936
2654
6976
6977
5536
7896
4127
7757
8277
2765
3245
3361
3160
2663
2681
6383
6975
3585
4106
4835
6962
4425
5581
6383
8354
3641
4664
2963
3654
3166
3958
3125
3511
4850
2965
3145
5293
7386
3032
5788
4442
6979
2825
3533
3629
5065
3217
5909
8207
6559
7850
3355
3698
8296
2969
3633
3636
3094
6571
6922
7568
8231
3342
2699
3691
3696
4194
2999
3449
8311
2832
2852
3710
7425
2698
3071
3730
2693
2699
3071
3294
4241
2686
7847
7862
3562
4537
7602
7841
3009
3667
3663
4582
8246
8127
2889
3045
3184
2783
3057
5239
2937
4638
7232
2710
3062
4173
5084
6751
2817
2818
2710
3063
7771
4421
5793
5998
7191
7952
4127
6196
6233
7757
3683
3692
3069
3683
2710
4322
2861
2957
4128
5053
5067
2706
6928
2924
3321
5688
6991
7747
8445
3824
6867
3074
6475
8436
5476
5652
2780
3373
5143
2957
3254
3941
2717
4479
5226
5259
3420
5575
6404
8326
7585
7592
2958
4429
4190
7041
3244
3592
8233
8377
7613
7618
7871
8262
3271
3567
5668
5033
5877
6408
7074
7081
2861
3254
4578
5073
5865
5937
3218
7586
3238
3385
8416
2747
3113
3617
5092
2797
4208
7616
7879
2831
8427
3059
3185
3337
5073
7015
7891
5564
5953
8385
8386
7614
7625
7940
2746
6512
3341
4204
4206
8413
3059
3902
4207
3038
3184
2756
3016
3651
7984
2763
2766
2844
3567
3216
7870
2945
3258
4607
2951
3258
4802
3258
3519
7683
3392
3504
3679
2764
3501
2807
4276
4543
7495
2988
5951
2825
4301
7323
2904
5518
5951
3085
7273
3491
3605
4881
7327
3531
4656
4181
2843
3358
4811
7320
3601
7579
3018
4681
4951
2776
2805
2840
3551
4719
6189
6314
7888
6205
2837
3709
3737
4552
3190
3277
3503
3708
3656
3057
3279
3708
4065
3145
3324
3088
3708
2806
4253
2792
6630
3727
3747
3707
5349
2880
3627
2952
2991
3253
3471
2824
3243
3705
4305
6130
8000
6118
7907
4309
4903
5163
5955
8062
3873
3236
5406
3479
3197
4620
2888
3202
3722
3208
3399
3473
3709
2804
3656
4975
3473
4832
4922
4279
4934
3373
4838
2943
3003
3291
2849
3171
3158
5483
3465
3591
3835
4253
8234
4613
6057
3194
4887
5032
2820
3200
3375
3158
3725
5429
2840
3723
4239
4228
7057
2852
5151
3307
3707
3713
2891
5038
3442
4302
5713
3438
4724
4882
6344
2830
2838
4633
7369
6397
2853
4162
8021
3189
6048
2856
4751
3623
4104
2998
3175
3712
3865
3271
7369
3299
4315
7702
8067
6175
2844
2886
3220
3292
3393
3677
2871
3011
3716
5665
3695
3730
3101
3257
4870
2871
3131
3650
5208
3625
5003
3511
4721
3141
4130
3092
3653
2857
2886
3567
3504
5800
2865
3238
3253
2952
3376
3842
2910
8128
3479
3679
3944
2866
3383
3505
4622
5120
6801
6128
2889
2906
2970
5020
5885
2875
3937
7861
3705
3713
5173
7232
7456
8065
3011
3301
3623
3057
3704
4458
2944
3187
4512
7748
2886
3749
3559
3734
3382
2888
3464
4513
6080
3700
4645
2897
2941
3300
4434
2890
4599
7231
3727
3265
3266
4301
5897
7763
7773
4037
4500
4465
4519
5764
5766
3372
4046
7664
6219
4001
7451
4471
3507
7767
3054
3198
3879
2923
4180
8446
3050
5521
4449
6047
3052
4678
5772
2978
3082
3459
4695
7554
6877
8161
3138
5808
7462
3462
3690
5114
4380
8178
3346
4090
6300
4487
4822
3162
6811
4558
7595
8286
3327
5826
5959
7598
4210
4270
7880
5863
7592
8043
3093
3231
3723
6084
4382
6431
8110
4966
3318
5942
8275
3105
7929
3093
3120
3174
3223
3589
5594
5917
7943
4577
5087
8331
6802
8059
8060
8112
3025
8035
7935
4148
5553
7839
4770
8249
3573
7163
8387
2941
6144
3341
6008
8318
3528
4611
2942
2947
3361
2949
3240
5418
3396
7273
4509
6275
7727
3529
3938
4518
4546
7727
7920
4675
4658
5832
6875
5234
5818
6085
8294
3929
2987
3736
3508
4914
7437
5090
5881
7819
4443
7640
2958
4503
3479
3719
5006
3143
3246
3657
3254
2967
6903
6923
3353
3469
3654
7246
4836
3514
4260
5459
3066
3074
3853
4039
4764
7602
7889
7890
3532
6056
7950
7956
3593
4160
4163
4160
3565
3596
3906
4772
5604
8291
3584
5567
3045
3657
4110
4765
3278
3143
3506
2994
3499
5587
7572
3011
3890
3054
3611
8417
3470
3471
5210
3017
4681
6084
4986
6179
8116
3307
3707
3449
3718
5922
4573
5829
8367
3141
7052
7961
3258
7999
3127
3870
4743
7574
7576
3056
3170
3730
6170
7474
7516
3287
3368
3371
4621
3034
3101
3780
3354
3677
3688
3171
3616
4956
5175
6348
6475
3293
4912
3499
3201
7325
3016
3651
6253
7724
6908
7639
8306
3016
3436
7519
3211
3095
8434
4236
4306
6088
6159
7641
3355
8300
3182
7307
7449
7503
4383
5047
7168
7292
7381
3343
7973
4780
8119
3568
4896
7080
3031
3035
3989
5786
7372
3301
3036
6022
4173
6639
4491
4539
3035
7273
3036
3101
5610
4232
6378
8204
4256
7578
8422
3040
7292
8441
5600
7160
7383
3334
4529
7381
3096
4794
4828
8020
4037
4393
3112
6896
7092
8219
3278
4702
7055
4682
6367
7140
3050
3052
5519
4632
6073
6505
3162
3052
5945
3162
3102
3122
7998
3056
3569
3412
3692
3058
3159
4823
4303
6044
8052
8090
7301
7304
6303
6918
4848
7523
4090
6298
3095
6184
3241
3788
4040
8042
8382
3169
5609
3278
3475
3711
3118
7755
7782
6478
4841
8447
4733
7712
4684
7802
3081
3999
5786
4539
7502
3300
6621
3143
3472
3703
4004
3097
3103
3126
5874
4191
5627
4186
5747
5486
7361
7552
3445
4934
7246
3488
8213
4681
6593
6899
3132
3315
8021
6925
7240
7863
5605
6476
3271
3340
3975
3120
3174
3728
3110
4795
6435
7739
7604
8022
3589
5061
8376
8323
4597
5059
7604
3128
4794
5767
7283
6089
8422
6220
6878
4917
6325
7554
7682
7780
3292
3405
3730
4893
4224
4660
3728
3198
3377
3145
7268
7386
3137
3264
3128
3137
3661
3132
3130
5261
3137
3374
3506
3314
3543
7459
7936
6599
3511
5504
4687
4732
8003
5327
3150
3151
3297
7166
3148
4635
3552
3147
4636
3148
7398
7799
7807
3156
3191
4399
3156
3467
8228
3416
3702
4238
5030
5935
5985
4778
5878
3461
4043
5769
3200
5365
3655
3740
3173
3193
3759
4290
4828
6045
8302
7806
7809
7811
4684
3200
4700
6129
7396
3169
5935
3683
3405
3179
4644
5190
8235
3182
3658
4942
6548
3178
3731
7367
4647
5501
5515
8109
3179
3674
7686
3181
7673
7689
8408
5154
7671
8407
4602
7397
3201
3657
3676
3262
4044
8397
5334
6276
7726
7467
4019
4318
8335
3578
8268
3384
3774
5155
5448
7865
3385
3389
3717
3275
3714
3734
4696
3831
3270
3404
3692
3303
7578
3591
4231
3745
5184
3205
4763
4789
6982
3415
3416
8422
3343
5966
4386
3418
6170
3599
4944
6166
3436
3501
4560
4832
7165
8108
4386
7168
7291
5625
5628
5158
7206
5546
4552
5800
5867
3702
3725
7084
4999
3765
4429
6724
3494
4969
3728
5119
8129
8252
5990
5991
6521
6903
7545
7411
8032
3668
3407
3605
4053
4366
3352
5494
6092
8078
3736
4400
5467
3471
3649
3784
3795
3805
4215
8415
3243
3253
3307
5972
3470
3649
5211
4928
3277
3742
6928
7475
3268
4989
3893
6156
6172
8093
3366
4845
4177
5493
4684
7802
7617
3309
4055
5481
3616
5441
5610
7645
8083
5102
7633
7648
7777
8398
3264
4510
7315
7387
7451
3862
6144
7231
4042
5233
8064
3382
5136
3536
6045
3691
3720
4566
7070
7218
6073
3700
5591
8254
3279
3744
3524
4255
4750
3697
7437
7710
3287
3323
3715
4852
4679
5754
3582
7937
8026
6134
3316
4927
7230
7269
6889
7002
8411
3967
3743
3735
3743
3296
3852
7165
7969
3310
6939
5781
3985
8064
3650
4648
7300
8107
4760
8020
4084
8405
3669
6577
5012
4353
5582
8153
4129
6421
8455
8456
3558
3560
6233
4861
7499
7233
7972
4287
4290
3323
3354
3738
6248
6261
8266
7976
7161
8341
4789
6418
6997
3729
3755
3328
7968
6210
7038
7081
6207
6376
5154
7100
7687
4392
3387
4048
5484
4803
5391
6318
8211
3579
7597
8121
3464
3722
7563
8276
3339
3581
3740
3738
3515
3976
3679
5460
4876
5252
7926
3654
5667
4519
5766
7988
8421
4808
7991
7410
4262
4317
3372
3860
4650
4097
4456
3732
4026
3547
3654
3786
3393
5115
7492
7631
6112
7435
7804
3512
3722
3364
6299
7967
5999
8077
8107
7302
7813
6037
6303
7967
7966
4064
4845
5647
6037
5498
5712
7786
4050
7770
7782
3700
4639
5598
7410
5412
3676
4412
3736
7604
3684
7083
7497
3408
7714
3630
5952
6076
3590
3643
3746
8214
3559
3773
3575
6231
6667
7161
5509
6565
7521
4968
5517
6253
8015
8016
8257
3529
6131
3738
3523
5162
7288
3705
5798
4851
4889
8218
8222
4535
5292
8008
3822
3834
5486
6027
6327
7789
4883
5021
6293
3412
4605
3677
8233
5153
5078
6407
5980
6393
7321
7390
4236
4951
8423
6548
4325
4794
4795
5008
7514
3741
5352
4558
7592
5149
7554
3442
3643
5319
8030
3469
3516
6077
6178
4820
7520
3448
4378
4905
4826
7740
8136
6273
6550
7746
6275
7727
4372
4610
7729
3624
3650
3486
3488
3490
3439
3474
7420
3460
3474
4882
6346
6044
8017
6003
7278
3439
7666
3460
6157
3590
4758
4970
4280
8062
8392
3699
4082
4369
5766
7148
4633
4636
3485
3486
8213
4299
4698
7728
8216
8406
7634
8042
6345
6474
7655
7837
7956
4981
4485
3461
5405
7539
3618
3651
7538
5765
5770
6326
7148
4655
8215
7682
4879
4521
6039
4077
4413
4761
3588
3720
3800
4053
4466
4900
5506
3592
3747
5387
3514
3724
3932
3500
4618
4406
3678
3681
3994
4157
4683
7860
6112
3644
8394
4044
4045
4879
5252
7565
8404
6076
6077
7311
3689
3693
3695
5207
6324
4603
5716
4932
3489
7908
6163
7508
5174
3662
4048
3553
4949
6254
6432
7028
8193
8211
6287
8204
5368
7321
8086
3547
5116
4028
7816
3515
4874
5925
7182
3747
5939
4282
3721
5339
3724
5716
6073
3522
5535
7898
7964
6314
8193
3529
8066
4254
8417
4920
8201
5078
5530
7898
4250
7433
8303
8361
5971
8280
8284
4574
5532
8172
3686
3534
6512
3700
4284
7022
3571
6253
3551
3826
3537
5020
7466
4702
7190
4431
6110
6422
7196
4601
7953
8248
5826
7765
8274
7479
8271
3564
4396
6304
5783
5826
7765
7766
7739
8267
3555
5662
3748
4766
8226
3622
4481
3568
3574
8359
5074
4210
5804
5905
4266
4594
3626
3717
5414
3599
5576
7512
6976
7757
8212
3714
5054
5064
4427
3663
3669
7394
6304
7423
7715
4420
5995
6619
7658
7938
3893
5177
5677
7073
3588
3607
3793
3618
3629
3651
3584
3600
4111
6384
5026
5060
6959
5562
6398
7613
8376
4777
7192
8267
4399
8111
7582
6439
8288
3715
5395
5801
7938
4206
5552
6398
8314
4144
4764
4769
7602
4140
4490
7562
3691
3696
3722
4475
4431
6995
4668
7579
8326
3596
5059
5921
3887
5046
5507
4781
5697
7829
5578
7875
5555
6424
5036
4598
4667
7876
3604
4052
3607
4312
5626
3607
6171
7660
7685
6159
7665
8415
8183
3614
6002
3620
7914
3615
8411
7666
3778
3620
3745
7684
8174
8296
7795
5372
3661
3934
6812
7981
7244
4957
8451
8005
4451
6972
7949
8445
6974
3645
5384
3640
6873
7793
5145
4028
4511
5018
5019
5091
4030
6090
6504
7665
3705
5311
4061
7642
8330
3721
5341
7383
3742
3739
7454
4582
5103
6810
6373
4803
6318
3666
7178
7707
3721
7850
7954
8246
5439
3690
3723
4637
7602
7954
6218
7147
8030
4041
4375
7289
8144
3674
3687
4515
7367
4644
4377
5455
3735
4198
3711
3745
3996
3986
4631
3744
3753
5573
7547
3706
4318
3694
5150
4550
3692
4038
3695
3701
7266
7913
7506
7684
8295
3912
5713
4149
5568
5416
4631
5142
3761
4345
7067
7827
5624
3909
8026
4680
4411
5264
7822
8309
4123
7057
3740
3919
5839
7905
8289
4120
5681
3750
7686
8034
5462
7616
8059
3741
3742
3923
3748
4340
5643
3905
3973
4859
3966
3972
4050
5049
7174
7646
7893
3760
3994
5323
4082
4466
3766
3854
3925
3766
3806
4831
6853
5523
4736
7997
5523
3762
3874
3921
3841
4328
5107
3767
3859
3779
4480
4973
7216
3765
4893
5540
5545
5294
5570
3814
5293
5184
5208
3773
4556
4641
4414
4464
4639
5171
3831
4561
4563
3779
4884
5674
5751
3782
4556
5290
7354
3782
5431
3782
3787
4908
3779
4480
4589
5175
7001
4634
4350
5028
5441
3929
3967
4868
3946
5234
5303
4752
3940
4967
5679
7004
7641
4939
5138
4402
4418
5667
4542
5290
5651
8239
8241
8399
4480
4913
5094
6358
3796
4713
5471
7111
4530
5034
5185
5444
3988
4022
4874
8330
3818
8418
4155
7043
4686
5338
3876
3877
5042
5223
4662
5443
5483
6886
4617
4618
4886
3804
4066
4721
3963
4291
4710
6480
4834
4836
5256
3876
4571
4987
5527
3810
4646
5415
6484
4976
5376
3811
4126
7365
3812
3898
4474
5131
5298
6938
4320
5264
5639
5665
3925
5658
7008
3997
5123
5382
5477
4018
4411
5394
5395
4875
4877
5371
5543
7527
4010
4446
5357
7050
4112
4115
4347
4677
3858
3925
6590
5675
8196
3835
3837
8373
3873
4959
5571
4967
5074
5679
4762
4844
4997
5723
3834
5694
7756
5101
5122
5313
6682
4273
5166
5188
5295
3879
5280
3860
7356
3860
7356
7408
7759
7768
4749
5309
5680
6856
4194
6023
3917
4269
5227
5338
5355
5380
5571
6722
5586
5693
3855
5218
5349
3886
5442
5637
4115
4358
5266
5424
4002
4714
5171
5172
5181
6803
4244
5186
5323
4853
4854
5244
6485
4436
4853
6968
3866
3867
3869
5196
3854
3856
3858
3864
3852
4406
4832
5433
3853
6334
4406
5292
3857
4126
5539
7431
3857
4941
5762
4152
4831
3862
6864
3870
3874
5678
4360
4740
5281
5423
3864
5354
5226
5352
3866
3870
5624
3915
3915
4220
5288
5310
5505
6661
3870
3872
4244
4628
4643
4694
5725
3874
5323
5427
5317
5380
5258
4189
4686
5237
5908
4189
5454
5225
5267
5403
3880
4840
4850
3881
3910
4291
4709
5135
4327
5280
5670
3907
3927
3961
4980
4561
5197
5280
6636
3885
4612
5009
5068
3886
5059
3887
4612
5637
6758
3889
4104
4121
5187
4327
5262
5262
5327
5633
3892
3894
3922
5451
3923
4121
5432
8398
5229
5495
6097
3896
3904
3965
6757
3897
3900
5684
4332
5384
5671
4126
5311
3902
5388
5671
3935
6746
7205
4585
5683
4300
5366
5371
5557
4608
5650
6781
3908
5209
5394
4328
5637
3919
4360
5281
4020
5168
5695
4428
5107
5170
4336
5570
5612
4888
5249
5328
6683
4853
5244
5319
3914
3927
5169
5602
4263
4873
4980
5331
3918
4974
5002
6671
5213
5237
6527
5390
5469
6120
3927
5179
5101
5551
7305
7927
3922
3923
3996
5166
5182
5184
5250
5410
3945
4570
5231
5965
5429
3943
3948
4988
6735
4802
5674
3936
3955
4371
4802
3932
4749
5093
5411
4344
5680
5938
6397
8372
5194
5414
3939
7175
7393
4226
4469
4940
5314
5665
4967
4988
5308
4566
3944
3986
4467
4474
5298
5653
3944
4409
4467
4470
3946
5303
6672
5308
4023
4361
5258
4371
4607
4663
4773
5572
7250
4503
5299
5308
4233
4931
5030
5032
3952
4930
5276
5361
4627
4849
5239
5664
3960
4654
5447
4263
4873
5333
5402
3960
4700
4887
5443
4069
5674
6681
3959
4215
5418
5435
4135
4832
4975
5433
4460
4659
4886
5374
5409
5880
4459
5541
3962
4332
5384
4385
4412
4288
5135
6966
4020
4608
4717
5193
3983
4332
4717
3973
5337
5428
5045
5617
4452
5222
5253
5254
4514
4659
4911
5383
4455
5316
5366
5368
3972
3973
4038
4007
5168
3983
4717
4911
4982
3977
3978
5206
4259
5040
5395
3981
3986
5672
3981
5271
5668
4342
4448
4938
5667
4436
5031
5407
5669
7238
4341
5001
5244
6021
4980
6833
5027
5387
3999
4003
5784
5205
3989
8044
5216
5224
3999
7403
3993
4475
5211
5271
4692
5043
5223
5444
4968
5631
4124
4344
6970
3996
4626
6049
6502
6503
5304
5118
5312
5336
4018
5124
5341
5663
4881
5002
4003
8046
5118
5822
4006
4038
5367
4300
4886
5364
5367
4007
5366
5568
4447
5049
4009
4457
4891
5178
4452
5265
5337
4708
4909
5445
4751
4960
5423
4265
5432
5451
5542
4024
5255
5304
4739
4740
5684
7405
4458
4849
5239
5393
5122
5220
5632
6783
6502
7263
5040
5444
6567
4278
4292
8366
8389
4626
5302
5382
4472
5495
5715
4035
5642
5221
5301
5440
7047
4072
6092
5472
7767
4031
4057
4863
5267
4334
7783
4619
4621
5598
5763
7791
5929
8225
8198
8202
4259
4585
4042
7310
4078
4415
5364
4047
4602
7449
4052
8239
8357
4047
4521
5773
6156
6157
4956
8397
5104
7419
4534
5606
4390
4917
5149
4526
4621
4751
4921
5205
5669
7660
7919
7796
6477
7391
5712
7411
7810
5236
5403
5663
4819
4845
7400
7778
5188
5322
5340
6082
7356
7391
4068
4079
5123
5186
5477
4469
5151
7770
8416
7145
4469
4985
6644
6892
7873
8416
7873
4074
6868
7341
8409
6026
7756
7758
6026
4366
4465
4486
6251
4471
7785
6915
4393
6221
7676
6028
7142
4091
7499
4466
4482
6251
7919
6029
7151
7152
6299
6303
6914
7303
7925
6335
4176
5636
5501
5515
6105
4449
6910
4809
5519
7725
7726
8079
7989
7991
8447
7519
7982
4805
6161
8433
8450
7555
7817
5184
5372
4129
6055
7955
4129
4492
6419
6421
8454
6363
5943
7961
4161
4214
4235
5557
4151
5089
7296
8433
4300
5168
5195
5428
5167
5342
6113
7644
8252
4431
6995
7904
8349
5569
6996
5592
6995
5027
5050
5269
4843
5229
4297
5100
5262
5620
4844
5006
5012
4774
5093
7346
4475
4753
5017
5349
7754
5066
5584
8343
6942
4297
5165
5531
4476
4761
4978
5682
4328
5107
6472
7970
8453
4858
7114
8108
6417
7236
8261
5620
5815
6180
6364
7242
4344
4759
5680
6119
6193
5325
5471
6714
4225
4653
4714
5186
6958
4404
5563
8379
8380
4652
5225
4169
7119
7175
5836
5881
4735
7430
4181
4776
4742
7574
4166
5345
5437
6183
4477
4846
5326
4935
4940
5228
5279
8006
4320
4955
5452
5085
8098
8104
7196
7827
4171
7163
8251
4721
4741
5003
6993
7827
7828
6978
7601
4954
5203
5287
5630
5139
5148
5155
6370
8099
8103
6506
6945
6946
5048
5918
4577
6620
7114
5200
7927
7930
4424
4771
5497
6903
6923
5472
6481
8393
8395
7890
8400
6921
7469
4834
5409
4999
5652
5931
4358
5253
5449
6951
4858
4885
6012
4291
5029
5144
5438
4433
5552
5554
7581
7868
5527
6553
4996
7831
8314
5993
4243
4296
4611
5617
4737
5549
5830
7882
5851
4484
6079
4214
4347
5666
7176
7371
4202
4864
5392
4235
4676
4298
4954
4595
5944
6009
7831
4219
6128
7259
4665
6430
4949
7026
7579
8325
5075
5972
7617
6203
7628
4676
5381
5004
5374
4228
5378
4229
5973
7458
5073
4243
4728
5231
4737
4229
5973
7448
6556
8036
5196
4363
4371
5234
4685
4994
5622
4231
7447
5397
6083
5889
8224
4459
5274
7632
4522
4672
8417
4247
5969
8273
5641
6079
4970
6084
4681
4951
6548
5935
4281
5389
4570
5196
4585
5212
5255
5683
4285
4759
5206
5672
5973
7720
4249
4326
6152
7269
4251
7494
8304
4923
6152
6155
4262
4271
4925
5703
5086
5530
4261
4499
4267
5082
7495
8423
5185
5388
4282
7324
7385
4267
5125
6457
4410
5231
5305
5997
5119
5255
7029
4271
8193
8200
5558
5729
4969
7026
4720
6170
8125
5034
5221
5302
6861
8041
8294
5839
6124
4932
4933
6073
6077
7311
4608
4891
5430
7083
7246
8224
6077
4835
4865
6962
4286
8125
4330
4409
7022
8456
4289
4294
4721
5011
5673
4290
5523
4715
5195
5315
4661
4878
4305
4317
4330
5007
5210
4570
5202
6632
5327
5398
5203
4520
4905
8198
4308
7321
4614
6271
7262
7390
8048
6344
6474
4446
4704
5288
5732
5307
5318
5357
4916
4919
5527
4389
4906
5163
7100
7333
8407
5487
6897
7388
5781
6895
7527
4712
5531
5662
4322
4940
8425
7769
7771
4723
4820
4325
4727
4787
4843
5100
4473
5007
5218
5442
6656
4646
4759
4345
4762
5220
4385
4335
4978
5450
7012
4364
4338
4761
5508
5670
7308
4364
5473
4662
4462
4911
4930
5276
4417
4766
5431
4343
4640
4651
4908
5651
6024
4417
5319
5211
4352
4997
6364
6383
5266
4353
4799
4353
4788
7857
8153
4931
5215
5316
4924
5316
5371
5392
4588
5122
5199
4356
6149
6175
4356
4379
4359
4368
5551
5866
4567
5227
4856
5015
5200
5384
4472
5202
5279
4363
5234
5418
5435
5144
6971
4919
7701
4993
5153
5183
5648
4591
5199
5795
7552
7361
8223
6568
6313
6896
8219
4855
6311
7692
7695
8221
5272
8188
4397
4402
5251
7132
7536
4520
6312
5079
6209
4822
4824
5773
7397
6446
7459
8438
8440
5150
5446
4533
7160
5391
6317
6319
4695
7530
7888
8234
4916
5159
4807
7538
7985
6317
5760
6219
4420
4703
7715
4420
4703
4418
5379
5459
4407
4869
7491
8299
4420
5995
4403
4407
4579
7110
4767
5248
4408
8047
5595
6978
5589
5825
8428
4602
4408
7241
4892
7492
5415
4642
4728
7046
4852
5663
5383
5429
4444
7139
4445
4707
6837
6302
4637
4904
4965
5204
5240
5404
5573
4625
4694
5137
5696
4425
4430
8354
4536
5786
6604
4426
4778
7611
5878
7460
5870
6635
5801
5843
4540
6131
8457
8332
5087
7928
5024
5643
6401
7586
4592
4748
8094
5319
5404
4574
7696
7892
5840
7894
6949
8135
4743
6737
7830
6385
7914
5090
7814
4464
4620
5219
5318
6510
5045
5568
4976
5376
6225
5605
5882
4457
5449
4891
5178
5444
5650
4663
5281
5324
6530
4870
5568
7849
5430
7375
5236
5417
4887
5032
5207
5383
4465
6221
6879
7918
4982
5282
6462
4846
4974
5002
4637
5672
6450
4482
4485
4487
4710
5299
5415
6675
4845
5480
4527
5638
5218
5637
6602
5415
4774
5413
5583
4713
4800
4978
5125
5682
7417
5468
7784
5074
4486
5945
7519
4488
6886
4487
4501
5764
4685
5641
4517
7153
7565
8405
6974
8248
8455
4754
5806
6126
8099
4495
5069
5126
8386
5056
7571
6194
6259
7970
8152
4872
6193
6196
6989
6079
4502
7150
4508
5420
5653
4719
6190
7481
7583
4507
6406
6434
7582
7597
6165
6199
6200
7150
4512
7386
6873
4517
5277
4761
5269
5365
5429
5602
7096
5344
7750
5768
7744
8050
6042
4677
5321
4614
5393
5417
4606
4611
5381
5230
5285
5964
4531
7455
7168
8120
5127
5388
5650
7503
7609
4757
5708
8025
7458
7503
6342
5873
6333
7842
7951
4601
8328
5945
6310
4561
5425
4920
4564
7656
4678
5772
6550
4564
5828
7657
4551
5517
8015
4559
6162
6242
7922
4562
4572
5172
7327
7328
4554
8067
5072
5080
5971
7998
7983
8202
4696
4707
5062
7255
7932
7933
8328
4575
7447
5273
5114
5181
5183
4696
5273
5612
5983
5259
5735
5424
5558
6618
8039
4683
5951
6117
6730
5291
5649
6762
4589
5659
4765
6563
6162
7524
7979
4581
6268
8024
7747
7928
8059
5825
6993
7674
4745
6122
6725
6434
7482
7412
7847
4584
7997
8003
5388
6629
7681
4842
5101
5551
4604
5094
7313
7859
7947
5015
5121
5232
4593
5907
5987
6087
7209
7874
8204
4597
5061
7605
5059
5068
7606
5877
8427
8087
7305
8085
5606
7246
8063
4884
5659
5923
4615
4619
5666
4802
4988
6646
4632
7698
7362
8218
4615
5309
6518
5611
4786
5065
5559
5615
5032
5215
5367
5368
4862
5693
4696
5294
4863
7815
4624
4884
4989
5136
4800
5496
6339
4628
4639
5171
5123
5124
5216
5224
5001
6025
7993
6159
7367
7903
5172
4943
5350
4645
4641
5240
6857
4651
4707
5289
5038
5065
5164
6531
4651
5001
5007
7103
5470
6040
8089
4687
6046
8069
8089
7409
7755
5278
4838
5189
4699
5257
5396
4656
7984
4730
4816
4820
7319
6589
4700
5541
7404
4699
5450
5179
5677
5018
5579
7891
5275
5315
5318
5948
7615
4718
6410
4947
7681
7683
7999
6150
6207
5356
5371
5392
8232
5018
5885
8232
7681
7999
5058
5347
7923
8180
6088
6476
6047
6912
5643
6526
4688
4689
8002
4690
8071
6968
5440
5466
7426
5243
7897
5065
5108
4698
7702
5443
5365
6057
7094
4706
6013
5286
5343
6894
4706
5790
7611
5087
6965
5109
5692
7384
5029
5256
7056
5144
7104
5166
5255
5295
5451
4952
5197
5280
5351
5485
4722
5477
5222
5343
5949
4718
6268
7380
5446
6427
7515
6267
7512
5113
5117
5664
7520
6088
4731
7533
6089
7092
7094
4729
4790
7922
6269
7319
7532
6046
6592
6924
7661
4766
5116
5407
5538
8433
5628
7371
5119
5540
5681
5421
6678
5325
5673
6122
7576
8369
8384
8254
6655
7696
5944
6521
7656
5005
6601
4756
5085
5324
5401
5431
5861
5271
5572
5668
8100
4768
5534
7708
5709
6072
4992
8215
5868
4828
7675
5012
5131
7723
7374
5248
4908
5401
6543
7460
7475
5873
5788
7464
4910
5125
5169
5044
5387
5001
5038
5244
4959
5374
6429
8280
7378
8110
7734
7192
7716
4791
8356
5940
5941
5582
4899
7615
8324
5164
6129
6151
7518
4799
6975
8353
6940
4791
7980
8061
8307
7462
7944
8229
4804
7531
7922
7923
8018
7508
8406
6964
8134
4989
5351
6293
7242
7028
4828
7314
4810
4815
4907
6301
7749
7987
7808
7812
4817
8215
8199
5585
6941
7950
8125
6989
4816
4817
7983
8202
4820
6192
6203
8156
5468
7800
4822
4824
8178
5950
7746
7924
7805
7987
7991
4830
6187
6920
4842
6185
4834
5915
4942
5148
5233
5606
5214
4840
5293
7065
5113
7835
7911
8258
5256
4842
6920
6475
5670
6663
5373
5565
5497
7784
7156
5225
5403
5011
6311
4859
4863
5690
6306
6312
8420
4885
5083
7271
5093
5098
5387
4975
5140
5337
5394
4955
5287
5685
6486
6354
5461
5586
5598
5337
4868
4871
6125
8153
8353
4867
8237
4870
5045
5157
4871
5316
5441
4979
4911
5602
5339
5642
4924
5274
7007
4909
5133
5357
7541
8396
5469
6343
7667
8175
6691
5015
5140
5541
5448
4991
5004
5006
4890
7362
7551
6039
5394
5115
8301
5332
5681
5105
5482
7542
4902
7559
6192
7074
6203
7629
6086
6285
5976
8366
8389
7584
5577
7672
4906
7559
8192
5094
5172
6740
7981
7985
5667
5109
5543
5013
5413
5682
7893
8305
4922
4936
5074
4915
6471
7816
4929
5163
5174
7680
6320
8148
4933
4936
5679
6232
4960
4965
5082
8355
4931
7380
7512
7681
4928
7977
6178
7653
5402
7211
5028
4934
4948
8201
5112
5331
5624
4960
5927
6252
7366
7540
4968
5434
5621
5656
6281
5238
4959
5571
7170
4943
5155
5233
5355
4949
7594
8194
4970
6628
5579
5580
5804
8227
8228
7035
6164
5100
5531
6501
8304
4955
5639
7651
5099
8183
8301
7419
5071
5465
6477
8176
8184
7711
7801
5332
7859
8072
4973
5376
7027
7884
5869
5905
7026
5096
5631
5656
4988
6764
5132
5326
5139
4977
5573
5377
5890
5333
6382
8170
6704
7945
8249
5193
5734
5903
5005
5010
6127
4990
5151
5676
5235
5676
5330
5351
6893
5071
5317
6880
6084
5132
5614
5887
5640
7870
5199
5565
5457
5460
5903
5657
6314
5151
5330
5249
5009
5411
5317
5349
6165
7516
8145
5010
5068
5135
5298
5017
5050
6973
7820
8253
8384
5063
5572
5088
6363
5160
7630
7015
7876
8139
5375
6008
6955
8243
5555
8243
8318
5044
5335
5214
6690
5335
5116
5081
5127
5440
8319
8321
5939
5690
7443
7754
8276
5185
5339
6667
5043
5237
5265
5178
6114
5063
7068
5058
5562
6398
8463
5854
5855
7942
5478
6260
5381
5557
5063
5268
6201
6263
6446
5507
5564
5953
7626
8278
8277
6446
7564
7623
8278
5381
5617
5478
7713
8318
5918
8413
5837
7717
7185
5306
7754
8277
7237
7736
6933
5564
6384
6424
8449
5374
7215
6447
8284
8043
7616
7513
8139
8360
8403
6407
6408
5972
7017
6155
6012
7423
6619
5086
8102
6074
6013
5115
7466
6158
6707
7568
8231
7821
5196
6820
6065
6236
6453
8454
5411
8184
6069
5201
7491
7313
6479
7413
5499
6479
5528
5137
5616
6844
5110
5111
7071
5130
6605
5238
5412
5137
5153
5410
5289
5649
5683
6909
7818
8450
5437
5565
5702
5323
5223
5403
7277
5128
5212
6359
6263
5453
6988
5133
5263
5220
6451
5496
5648
5274
5447
7369
8221
5928
5648
5659
5181
5165
5398
5437
5232
7355
8335
5216
5477
5664
7101
5385
8410
7243
6343
6346
7652
8395
5241
6198
5159
5209
5695
7673
8351
5614
7690
5380
5160
6581
6163
5161
7691
8299
5577
5690
7318
5194
5621
5304
5253
5254
5286
5364
5179
5413
5173
5528
5537
6624
5313
5632
7560
7003
7890
6171
6172
6866
5227
5278
5691
7439
5258
5322
5495
5659
6574
5642
5314
5630
5638
5221
6239
7289
7556
7557
5217
8027
5548
6744
5318
5343
5426
6399
5619
5724
7099
8182
6330
5551
5313
7935
5228
5230
5620
6657
5332
5545
6741
5679
5211
5364
5695
5372
5678
5439
5442
5680
5295
6609
5227
5265
5449
5409
7181
5368
5382
5243
6634
5294
5545
6014
5311
5300
5430
6983
5454
5341
5246
5452
5638
6798
5685
5989
5427
5437
7188
6806
5246
5598
5914
5464
5431
5862
5433
5606
6961
7690
5251
5410
5538
6960
5436
5631
5654
5656
5401
5538
5358
5420
5251
5459
7184
7566
6496
5343
5428
6591
5263
6581
5427
5899
7279
5898
5899
5630
5447
6579
5267
5691
5278
5269
5682
6807
5272
7333
7536
8407
6817
7095
5290
6068
5282
5307
5957
5307
5541
5334
5344
7397
5693
5314
5678
6522
5548
7060
5289
5305
5336
7280
5287
5638
7021
5342
5731
6237
5347
5445
6706
7353
5297
5312
5454
5612
7214
7095
8168
5300
5301
6394
5328
5653
6666
5312
5340
5466
5701
5304
5642
5358
5420
5329
7222
6195
6667
5353
5442
7045
5400
7359
5632
5382
5537
5372
5548
6813
5373
5864
6285
5356
5445
5329
7048
5669
5677
5330
7406
5496
5761
5561
5653
5741
5336
5427
5485
5465
5450
5583
5348
8081
5340
5341
7207
5347
5399
5359
5373
5380
7169
6876
7341
5400
5359
6301
5352
5354
5355
5750
5571
5357
5361
6266
5820
6144
6720
5543
5435
6685
7749
8080
5363
7670
5447
6860
5363
5370
5385
6373
5369
5483
5367
5391
7670
6212
5406
5747
6944
5379
5573
5397
5933
5446
5391
8210
5405
5422
5533
7284
8226
5614
5615
5626
5439
5402
5450
6805
5400
5419
6555
7317
6738
5407
5932
6042
6104
5754
5414
5631
5438
5464
5664
5654
5417
5586
5438
5424
7404
5423
5465
5681
5510
7789
8056
5426
5434
5651
5436
6575
5557
7189
5508
7107
5436
6499
5662
5671
7373
5448
5505
5695
5924
6062
5685
8337
8341
5466
7361
7608
7760
7915
7831
7796
5475
7831
5611
5494
7775
6533
7379
6891
5626
7413
7811
5485
7796
5491
6888
7890
5946
8463
5883
7966
7400
6188
7801
5503
5583
7526
6869
8058
5763
6827
7763
6251
7761
7669
8300
5499
7794
7774
6093
7227
7810
7668
6106
7197
7856
8458
5513
8381
5692
8313
5542
5570
5776
6327
5999
8075
8174
6294
5773
6558
6924
7543
5521
6273
5522
7812
7746
7805
6161
8133
5743
5539
6468
6135
7709
7079
5621
6564
5623
6038
7788
8098
5536
8297
5850
7248
5859
5632
6748
5542
6611
6440
5603
6124
6852
7595
8328
6461
5984
5561
5639
7613
7833
6955
6447
7613
8378
5755
5626
7109
7853
7852
7836
8448
7625
6959
6996
8250
5591
8254
6423
6994
8391
6594
7815
8229
8381
6268
7377
8113
7514
5619
6164
7594
5876
5905
7857
7662
5602
7851
5587
5711
6455
7826
5920
5593
8265
8350
8250
6415
5920
6019
7941
7941
8265
5689
7741
8345
7476
5600
7383
8249
6116
6126
5879
5851
5934
7864
6711
5619
7099
5616
5616
6648
6524
8129
6934
5654
5931
6326
8421
5678
6023
5830
5983
6133
5633
5639
5665
5984
8012
8014
5982
8010
7779
7797
5796
7866
5985
7864
5647
7797
7778
6769
7368
6369
5662
7880
8363
6277
6134
7293
7445
5687
5677
6800
6020
6736
6902
5676
5694
6327
5684
6804
7061
5872
5691
5693
5689
8345
5940
5856
6027
7195
7721
8073
8264
5741
6494
6938
7345
7614
7939
8333
6455
7195
6394
7047
7379
5720
5834
6783
5705
6031
6690
7181
5717
5901
6850
5710
6699
7203
7348
6931
7600
7620
5709
6433
5714
6030
6708
6931
5888
6353
7140
5964
6093
6796
6690
7056
7082
5780
6561
6712
7226
5987
6570
6739
5848
6330
6777
5722
5834
6493
7180
6682
7248
5848
6212
6330
6025
6844
7318
5989
6729
7061
6537
6717
6919
5943
6570
7068
5755
6770
6495
6780
6947
7342
6495
6894
7010
5733
6894
7093
5947
6510
6617
6460
6462
6833
6272
6511
6967
5737
5738
6230
6943
6119
6509
6970
5739
6597
7171
6695
6970
7346
6483
6517
6614
6668
6662
6683
5857
6528
6553
6762
6954
5857
6497
6952
6223
7108
7202
7326
5754
5859
6963
6980
6104
6545
7213
7274
7298
6177
6483
6830
7425
6339
6715
6893
6691
7059
7221
6036
6100
6101
6793
6102
6255
6365
6846
5932
6618
6765
7040
7335
7415
6227
7132
7184
7697
7193
7344
7349
5819
6700
7162
7229
6302
6906
7141
6580
7226
7227
5812
5915
7170
6906
7142
8058
6879
7285
6305
7550
7553
8054
6311
7552
8058
6276
8081
6273
7727
6274
7920
8180
7743
5777
7706
5778
7699
7680
8419
6120
6648
8106
6252
6325
6895
7702
7679
6452
6720
6806
7476
7621
6595
6331
6832
7112
6342
5793
6745
7260
7275
7463
8331
5803
6323
6588
6747
6406
7515
6454
7253
7875
5803
6330
6747
7584
6129
6584
7318
7349
5974
6431
5896
6500
6547
7177
7586
8026
6433
7937
8023
6321
7188
6254
7471
7803
8290
8291
5810
7859
8290
5810
8292
5813
5847
6633
6727
8291
6459
6674
6863
5819
5913
6864
5821
6759
7062
5863
5893
7585
6278
6934
7053
6458
6731
7250
7277
7710
7898
8289
5840
6366
7183
5822
6732
5822
6864
5846
6772
7312
6720
6272
6679
6753
6967
6536
6792
7261
7393
6110
7825
5967
5994
6985
7928
5912
7374
6004
6100
6612
6633
6874
7297
6682
7260
6546
6765
6834
7401
5843
5853
5842
6292
6795
7115
6135
7708
7882
5855
6392
7486
5846
6746
7428
5850
7575
7620
7957
6795
7261
5858
6458
6612
5961
6451
6067
8033
5853
7935
6457
6759
7277
7428
5870
7932
8274
6389
6438
6064
7384
5908
6526
6508
6787
6794
5860
7317
6227
6960
6980
5862
6519
7317
6963
7329
5865
6747
7271
7275
5893
6132
6119
6387
6603
5876
7881
7248
6706
6905
7280
7418
5875
5876
7501
7230
6393
6393
6442
6031
7181
7215
7814
7818
8040
8132
6032
6212
6819
6880
6419
6215
6987
7178
7394
6524
6573
7227
6786
7126
6287
5929
6355
6109
7744
5894
7722
7900
7496
7774
6528
6091
7496
7637
7331
7097
5906
6523
6711
7308
6689
6726
7085
5904
6948
7868
6287
6465
6660
6701
7962
8094
5914
6952
7023
6850
6957
7429
8187
5916
5919
6087
6726
6849
7293
6388
6527
6726
7181
7858
6260
7939
7603
7943
7012
5921
7607
7606
7941
7182
8042
6065
6691
7276
5956
6754
6951
6422
7196
6232
6642
7228
6630
6966
7054
5933
6623
8009
7057
6963
6968
7132
5940
7718
8332
6083
6991
5942
6985
8333
5990
6597
6007
7328
7965
8318
5954
6679
6904
5957
6510
6904
5954
6894
7342
6613
5955
8063
7588
6813
7089
6527
7024
7177
6266
6761
5959
5967
5969
5968
8119
6616
6761
6860
7173
5963
6032
6494
5968
5970
7160
7458
6559
6777
7332
5988
6752
6470
6730
6796
6204
7472
7926
8443
8118
8441
5970
8438
5973
7937
8023
6437
8023
6389
8270
5977
5992
7570
6395
6420
6709
6845
5980
6202
7590
7624
6392
7865
5984
7866
6757
6804
7201
7204
6018
6713
7021
6632
6752
6516
6386
7868
7739
7424
8111
6013
7934
6470
6905
7131
7396
6045
7274
8302
6911
7019
7020
8048
8052
8054
6295
6861
8041
6633
6677
7062
7201
6010
7638
8430
7839
6946
6181
7065
7719
6608
7610
6711
6782
7421
6017
6174
6308
6790
6848
7076
7127
7210
6021
6025
7364
6097
6798
6829
6423
8350
6663
6926
7049
6174
6857
6369
6625
7326
6821
6027
6028
6029
6029
6631
6840
7364
6215
6499
6676
7332
6034
6258
6492
6830
6177
6638
6733
6069
6096
6607
6663
6356
7033
7157
6326
8109
8115
6356
6740
6741
6774
7284
6901
8072
7289
6055
6419
6801
7944
6058
7862
8005
6053
7461
6941
7950
7000
6056
6421
7944
7945
6089
8246
7862
8004
8005
6395
6428
6839
6890
6062
6845
6992
7214
6440
6825
6349
6779
6828
7427
6067
6661
7090
6647
6816
7031
8037
6466
6660
7353
6501
6934
6071
6495
6610
7010
6108
6587
6835
6426
7929
6606
6786
7077
7288
7244
6740
6803
6843
7016
6239
7048
7207
6124
7183
8041
7507
6956
7783
6882
6097
7011
6467
6542
7075
6465
6540
6766
7167
6237
6350
7021
6825
6829
7267
7290
7306
6101
6116
7135
7186
6670
8100
7224
8101
6643
7239
7370
6687
6834
6927
7078
7779
7779
7792
6236
6277
6280
6552
6875
6551
7904
6112
8176
7669
6564
6388
6716
6866
6500
6538
7024
7295
6529
6826
6560
6569
6613
6859
6396
6671
6518
6933
7360
7121
7266
8316
7662
6933
6950
7752
7617
8043
6648
8433
6132
8066
6630
6706
6769
7418
6228
6391
6953
7416
6139
6684
7005
6145
6246
6142
7294
8083
6142
6171
7685
7972
7451
6765
7005
6151
7230
7560
7887
6264
8189
7269
7977
8061
6204
7480
8358
7665
6889
8415
6160
7420
8415
7537
8406
7875
6427
6410
7677
7973
8083
7665
7677
6385
6973
6485
7124
7088
7506
6455
6491
7450
6413
6288
7700
6417
6329
7169
7188
6923
6187
7801
6188
7802
7073
6199
6405
7080
8170
7563
7627
6231
7736
8277
6360
6382
6329
6806
6961
6390
8145
7564
6380
8141
8142
8150
7088
8437
6407
7596
6316
6320
8148
6321
6214
6281
6278
6282
6697
7187
6217
7100
8168
7544
7676
7791
7995
7141
6545
6980
7190
6519
6549
7298
6718
7070
7167
7218
6355
6625
6283
6851
7064
7078
6545
6549
6257
6797
6883
6230
6755
6855
7121
6842
7171
6977
7912
6234
6243
7754
6255
6642
7004
7589
7626
6657
6719
8116
6428
6890
6250
6513
7228
7309
7740
7923
6250
6255
6800
8256
6412
6953
6834
6927
6718
6834
7070
6706
7131
6799
7357
7918
7527
7323
7585
7264
6487
6730
7299
7299
6515
6721
6858
7488
7943
7730
8271
6349
6456
6459
6534
7901
8147
6860
7050
8326
7510
8203
7743
7979
6403
8016
7173
7393
7748
8049
8050
8198
7725
6281
6469
7505
6537
6282
6501
6851
6399
6501
6607
6357
6737
6760
8208
6529
7106
7335
7638
7872
7638
7065
7821
6296
6529
6742
6824
6357
6583
6760
6413
7749
8080
6352
6677
7440
6347
6352
6828
7523
8178
6917
7302
6918
7808
7610
7936
6551
7153
6308
6485
7000
6324
7318
7349
6315
6688
7116
7130
8090
7278
7692
7362
7551
6331
6847
7372
6317
7493
6319
6320
6819
7169
6324
7930
6745
6832
7343
6879
8196
7610
7929
6452
7130
6907
7133
6338
6349
6351
6788
6700
6850
7394
6598
6639
7969
6577
7112
7117
7403
6416
6456
7091
6693
7272
8090
6560
6693
6912
7276
6640
6847
6345
6345
7693
8084
8396
6349
6351
7014
7654
6713
7297
7389
6824
6911
6969
7183
6698
6790
7364
8403
6542
6626
7224
6539
6794
6642
6647
7216
6609
6839
6854
6368
6387
6520
6818
6511
6579
6605
6368
6652
7264
6969
7882
7436
8302
6450
6675
6575
7108
6695
6755
7171
8173
6380
8142
8173
7897
6511
6686
7052
7438
6377
6776
6866
7375
6754
6773
7024
6617
6679
6874
7052
6610
6618
7404
7572
8461
6509
6736
7024
7063
6392
7513
6443
6709
6841
7013
7039
7134
6848
7076
6449
6856
6943
8413
6400
6636
6575
6578
7064
7584
8227
8090
7483
6427
7074
7548
7593
6841
7136
8154
6440
6785
6984
7308
6425
6994
6538
6788
7210
7764
6557
6742
6824
7022
6990
8334
6425
8347
7936
8440
8285
7039
7047
8284
7880
8320
7722
7619
7678
8443
6439
8024
8319
7159
7485
8274
8269
8281
6482
7626
7832
8313
6445
6797
6905
7011
7041
8366
7017
8376
8270
8321
6600
6603
7270
6736
7264
6721
6783
7376
7403
7820
7821
6749
7180
7260
6733
6702
6704
6738
6513
6727
7014
6463
6744
6929
6728
6813
7060
7122
7211
6645
6728
7122
8450
6466
6734
6578
6636
6623
7174
8225
6493
6748
6913
6537
6575
6919
6797
7299
6602
6637
7659
6523
6606
7077
7135
7541
7801
7794
7650
6611
6785
6992
6490
7407
7103
7347
7365
6566
6719
6632
6489
6547
6664
6500
6768
6491
6668
8426
6635
6494
6559
6692
6638
7248
6721
6496
6947
6951
7392
6709
6825
6845
7011
6696
6865
7330
7694
7697
7287
8205
6512
6508
6655
7247
7357
6612
6743
6855
7235
7050
7172
6522
6530
6602
6668
6758
8429
6641
7365
7431
7500
6518
7045
7360
6758
7337
7354
6603
7347
7441
6678
6727
6785
7421
6561
6582
6584
6658
6710
7344
6770
6770
6799
7250
7993
6557
6763
7204
7427
6678
7157
7228
6779
6792
7208
6863
6969
7120
6674
7119
7175
6625
6768
6773
6703
6755
6787
6572
6701
7042
6717
7075
7639
6623
6625
6549
7132
7326
8375
6766
7070
6815
7998
7317
7740
7744
7744
6556
7010
7093
6673
6952
6678
6793
7157
7405
6556
7010
7404
7359
6788
7076
6710
7344
6749
6573
7272
6584
6648
6563
6564
6694
7067
6936
7110
6842
8190
6968
7124
6681
6750
6971
6571
6586
6593
7961
6585
7098
6766
7079
6574
6658
6627
7276
7042
7167
7202
7646
7162
8044
7108
7167
6581
7172
6585
6586
7043
6805
6584
6658
6844
6703
6836
6956
7442
6715
7272
6589
6664
6778
6688
7188
7355
6814
6875
7008
7293
6689
7056
6712
7098
7442
6596
6707
6817
7113
7358
6604
7129
6599
6669
6715
6820
7346
6604
6714
7406
6641
6656
7103
6820
6937
6950
7350
7103
6640
7071
8013
6701
7079
6926
7078
7424
8108
6804
7214
6622
6815
6852
7405
7309
6710
7098
6634
6641
6656
6679
6814
7208
7217
6862
7122
7211
6686
7090
6622
7423
7424
7166
7424
8108
8064
6951
7177
7326
6803
6821
6840
6651
6816
8103
6822
6843
7439
6629
7683
6857
6965
7348
6730
6793
7350
7431
6637
6638
6926
6913
7350
6913
6640
7107
7116
6830
6643
6651
7033
6681
6893
7104
6772
6779
7261
6744
6775
6781
6651
7221
6776
6781
7204
7368
6680
6728
6775
7089
7370
6653
6666
6735
6662
7225
7252
6957
7066
7296
7843
6818
6846
7045
6934
7072
6822
6713
6729
6752
6883
6711
6808
7093
7359
6666
7345
6798
6835
6808
6965
7348
7354
6675
7443
7350
6893
7102
7406
7033
7239
7309
7226
8002
6685
6750
7252
7127
7134
7379
6792
7347
6683
6697
6880
6772
6828
6779
7051
7217
7059
7305
6685
6883
7267
7306
6696
7050
7384
6734
7290
7401
6751
6907
6853
7086
6693
7137
7345
8045
7059
6842
6943
7270
6739
7113
6697
7412
7178
6822
7126
7194
6701
6708
6808
6849
7501
6768
6771
6731
7113
6759
6833
6789
7193
7296
7844
6756
6786
7416
6712
7306
7111
7111
7105
7127
7426
6718
7064
7072
7389
6722
6938
6732
7376
6729
6883
6818
7121
7441
6853
6759
6744
7179
6787
7358
7006
7170
6749
7180
6926
7049
6764
7252
7238
6755
7576
6935
7211
7068
7185
6816
6852
7157
6763
7186
6794
6861
6747
6777
7009
7220
6783
6858
6810
7412
7114
7355
6796
6792
7208
6947
7375
6782
6840
7016
6781
6929
7115
7209
6904
7060
6769
7134
6828
7201
7004
7216
7823
7401
7138
7203
7298
7337
6778
7177
6814
7208
7062
6780
7051
7016
7077
7421
6776
7189
7051
7260
6780
6814
7217
6808
6837
8225
7135
7016
7247
7427
6790
7055
7199
7193
6830
7137
7270
7425
7200
7312
7118
7312
6797
7021
6800
7123
7238
7818
8229
7974
7439
6870
6838
6935
8064
6956
7185
6811
7059
7249
6812
6823
7675
6904
6835
7254
6970
7235
6855
6981
7343
7044
7364
7044
8018
7106
6829
7032
7335
6831
6984
7773
7994
6907
7253
6929
7277
7417
7428
6840
6965
7009
7012
7105
7373
6848
7418
7121
7126
7254
7044
6890
7239
7357
7133
7155
7085
7444
7085
6919
7421
7008
7105
7204
7368
7247
6937
7045
7329
6913
7431
7172
7440
6935
7173
7220
7119
7293
6971
7086
7412
7368
7363
7422
8399
6871
7768
6992
7200
7405
8412
6875
7090
6884
6887
7608
7285
7414
7791
7148
7187
7772
8029
7761
7612
7758
7770
7666
7214
7545
7339
7340
7682
8419
7388
7551
8222
6916
8132
8431
6903
7779
7711
8079
6966
7058
8000
7222
7223
7893
8303
7819
6930
6918
7990
7302
7550
7064
8444
7098
8436
7297
7306
7742
7062
7019
7106
7395
7957
8124
7009
6937
6950
7360
6943
7365
6940
6982
6997
6962
6983
7892
7063
7395
6958
7417
7082
7430
7632
7163
7184
7129
6978
7125
6975
7236
7087
7052
7014
7101
8004
8006
8117
7764
8261
8209
8260
7006
7117
7376
7477
7189
7342
7049
7290
7621
7854
8340
7006
7117
7162
7562
8264
8334
7186
6996
7910
6999
7478
7601
8075
8322
8241
7654
7264
7415
7187
7623
8279
7428
7048
7417
7020
8427
7577
7591
8139
7885
7670
7040
7079
7135
7228
7549
7884
7594
8319
8325
7038
7591
7155
7207
7290
7401
7615
7203
7436
7111
7439
7131
7373
7222
7308
7427
7056
7082
7124
7128
7102
7406
7122
7127
7295
7082
7086
7087
7407
7425
7346
7489
7438
8306
7105
7224
7297
7432
7101
7102
7104
7217
7342
7093
7136
7388
8144
7351
8236
7279
7688
7104
7296
7402
7114
7116
7353
7742
7360
7407
7251
7185
7266
7129
7251
7119
7120
7266
7440
7963
7235
7247
7358
7125
7128
7329
8076
7138
7190
7130
7372
7502
7155
7210
7441
7199
7274
7199
7203
7151
7790
7151
7144
7995
7996
7145
8029
7147
8162
8216
7414
7523
8424
7418
8178
7730
7732
7733
8024
8325
8326
8441
8339
7394
8268
8273
7166
7446
8441
7376
7215
7173
7202
7213
7322
7389
8316
7703
7200
7215
7375
7274
7253
7719
7721
7194
7344
7543
7826
7825
7802
8397
7201
7298
8013
7280
7295
8459
7221
7223
7639
7261
7393
7249
7280
7646
8361
8102
7249
7370
7442
7272
7501
7456
7454
8086
7504
7238
8220
7851
8259
8127
8298
8235
7252
7358
7322
7343
7276
8001
7257
7258
8368
7390
8052
7693
7415
7416
7441
7355
7305
7553
7351
8236
7286
8057
7286
7311
8197
8205
7558
7609
7382
8348
7392
8069
8114
7303
7399
7303
7304
7310
7454
7455
7357
7449
7903
7440
7430
8187
7316
8217
8401
7332
7850
8016
7325
7578
8015
7337
8182
7343
7336
7883
7348
7612
7758
7873
7883
7347
8075
7992
7354
8036
8239
7695
7701
7558
7403
7426
7380
8112
8286
8060
8112
7426
7480
7597
7482
7438
7387
8177
7402
8075
8081
7806
7546
7813
8115
7415
7416
7674
7409
7663
7664
7786
8411
8185
8187
7710
8255
7435
7669
7646
7494
8240
8003
7445
7501
8046
7447
8007
8111
8124
8065
8087
7454
7455
7504
8065
8087
8121
8111
7611
8126
7719
8263
8207
7951
8126
8123
8374
7480
7483
7516
8145
7599
8344
7731
7854
7478
7662
7619
7597
7598
7582
7583
8288
7629
7488
7733
7498
7633
8122
7710
7773
7696
7520
7517
7518
7529
8150
8146
7599
8138
8137
7724
8257
7773
7774
7776
7530
7533
7921
8419
8418
7529
8402
7532
7978
7979
7533
7535
7535
8138
7908
8216
7984
8215
7655
8151
7690
8408
8139
8381
8235
7686
8144
8352
7565
8278
8279
7566
8276
7823
7896
8297
8383
8359
8390
8347
8449
8383
7644
7649
7644
8208
7882
7878
8321
8323
7722
7608
7612
7637
7915
7869
8315
7590
7623
7884
8195
7974
8287
8288
8285
8448
7606
7895
7605
7607
7762
7934
7636
8385
7833
7617
8269
8282
7956
7833
7871
7624
8315
7629
7629
8181
8299
8181
7649
8383
7637
7709
7824
8242
7643
7645
8384
8295
7655
8396
7804
7657
7659
8429
8242
8055
7786
8175
8177
8211
7687
7825
7827
8083
8273
8438
7766
7682
8091
8168
8407
8218
7694
7704
7697
8188
7752
7703
7704
7714
8206
8206
7712
8385
8463
7934
8085
7717
7933
7856
8349
8268
8263
8015
7748
7808
7731
7732
7734
7835
7855
8461
7912
8134
7830
7978
7853
8341
7858
8179
7750
8179
7753
8222
7892
8223
7768
7761
7790
7917
7915
8442
7787
8409
7781
8414
7994
8157
8400
7798
7800
8115
7787
7796
7921
7917
7800
8109
7800
8109
8115
8151
7812
7989
8107
8114
7987
8070
8310
8312
8230
7964
8426
8252
8264
8265
8258
8315
8314
8292
8310
8381
7958
8430
7913
8369
7842
8185
7844
7847
8128
8439
8444
7860
7862
7947
8006
7860
7849
7989
7924
7953
8260
7940
8338
8329
8331
8047
8127
8132
8011
8010
7965
8270
8293
7887
7899
8323
8195
8320
8362
8362
8371
7886
8082
8199
8201
8082
8373
8412
8427
8306
7896
8391
8203
7903
8197
8350
8210
8135
8164
8165
8337
8316
8378
7918
8050
8421
7983
8136
8085
8245
7936
7932
8085
8025
8265
7943
8262
7950
7955
7947
8126
8004
8248
8346
7954
8254
8384
7962
8379
8294
8297
7967
8152
7976
7975
8286
7976
8018
7985
8180
8049
8179
8420
8191
8191
7996
8163
8076
8103
8003
8186
8008
8014
8012
8014
8049
8027
8021
8283
8159
8055
8037
8060
8037
8039
8327
8240
8435
8311
8238
8241
8399
8054
8196
8356
8063
8067
8069
8070
8071
8071
8074
8393
8395
8088
8088
8106
8093
8096
8329
8095
8295
8380
8357
8097
8357
8317
8290
8104
8290
8101
8102
8104
8104
8113
8113
8151
8119
8120
8287
8121
8287
8140
8446
8164
8165
8337
8164
8172
8424
8143
8143
8146
8149
8149
8150
8154
8156
8171
8163
8161
8162
8162
8161
8163
8163
8259
8209
8259
8167
8235
8236
8403
8404
8296
8317
8307
8186
8204
8217
8247
8220
8410
8233
8214
8259
8261
8310
8231
8312
8400
8250
8353
8344
8349
8361
8257
8437
8342
8331
8270
8319
8274
8275
8343
8282
8284
8292
8309
8316
8369
8357
8324
8336
8365
8340
8334
8339
8339
8341
8386
8408
8410
8358
8360
8390
8367
8372
8378
8383
8387
8458
8458
8430
8390
8394
8396
8400
8402
8405
8422
8419
8425
8428
8429
8435
8447
8443
8445
8442
8443
8446
8451
8453
8456
8457
8455
)


// ************************************************************************* //
