/*--------------------------------*- C++ -*----------------------------------*\
| =========                 |                                                 |
| \\      /  F ield         | OpenFOAM: The Open Source CFD Toolbox           |
|  \\    /   O peration     | Version:  v1906                                 |
|   \\  /    A nd           | Web:      www.OpenFOAM.com                      |
|    \\/     M anipulation  |                                                 |
\*---------------------------------------------------------------------------*/
FoamFile
{
    version     2.0;
    format      ascii;
    class       regIOobject;
    location    "constant/polyMesh";
    object      faceZones;
}
// * * * * * * * * * * * * * * * * * * * * * * * * * * * * * * * * * * * * * //

1
(
peak
{
    type faceZone;
faceLabels      List<label> 
695
(
34
49
56
116
122
159
295
334
354
357
364
385
392
428
449
504
511
746
757
765
784
825
903
928
964
1004
1012
1090
1190
1196
1222
1275
1296
1372
1400
1429
1470
1473
1490
1495
1503
1507
1519
1523
1527
1529
1530
1533
1541
1545
1557
1561
1566
1578
1582
1589
1596
1606
1633
1634
1637
1641
1644
1645
1661
1695
1698
1702
1731
1751
1763
1764
1775
1779
1793
1794
1798
1805
1814
1815
1818
1821
1828
1848
1859
1867
1873
1886
1895
1899
1905
1913
1914
1918
1923
1954
1956
1968
1979
1987
2004
2014
2016
2021
2038
2042
2056
2057
2065
2072
2076
2079
2091
2096
2103
2106
2114
2117
2121
2128
2140
2150
2154
2156
2157
2159
2187
2190
2202
2216
2221
2233
2254
2265
2279
2293
2314
2350
2359
2362
2363
2368
2402
2408
2412
2415
2417
2428
2444
2456
2460
2471
2479
2488
2534
2584
2629
2634
2635
2653
2656
2661
2664
2677
2685
2694
2707
2737
2750
2796
2811
2826
2838
2884
2885
2924
2930
2941
2952
2988
2998
3002
3010
3044
3075
3081
3082
3104
3109
3132
3152
3164
3190
3194
3208
3231
3262
3273
3291
3299
3320
3335
3342
3361
3369
3373
3394
3395
3401
3408
3414
3432
3435
3446
3449
3454
3458
3460
3467
3469
3476
3481
3483
3494
3501
3507
3512
3513
3520
3524
3537
3542
3543
3547
3550
3554
3561
3564
3571
3587
3594
3596
3600
3603
3610
3614
3617
3625
3630
3636
3638
3641
3647
3651
3655
3666
3670
3686
3687
3691
3699
3701
3716
3720
3799
3813
3837
3841
3847
3852
3862
3885
3886
3891
3900
3915
3918
3919
3935
3940
3941
3943
3947
3960
4015
4020
4022
4023
4033
4040
4050
4055
4060
4063
4069
4074
4079
4080
4084
4086
4121
4138
4141
4149
4152
4154
4157
4163
4172
4185
4188
4198
4231
4309
4342
4345
4346
4358
4361
4374
4375
4378
4402
4413
4424
4439
4443
4452
4455
4476
4500
4504
4509
4529
4532
4541
4550
4563
4566
4585
4595
4610
4614
4616
4619
4621
4648
4696
4710
4713
4716
4721
4727
4733
4736
4739
4743
4751
4760
4762
4767
4771
4772
4774
4777
4784
4793
4802
4814
4817
4821
4832
4842
4853
4854
4856
4858
4863
4865
4867
4874
4877
4878
4882
4884
4889
4893
4902
4907
4909
4914
4917
4923
4934
4940
4952
4960
4961
4976
4982
4985
4990
5042
5058
5061
5066
5104
5110
5122
5132
5135
5142
5156
5159
5161
5169
5190
5236
5255
5287
5291
5300
5309
5314
5320
5323
5328
5350
5363
5377
5392
5413
5428
5445
5457
5475
5476
5478
5494
5496
5497
5515
5547
5556
5569
5582
5585
5586
5589
5591
5597
5616
5617
5623
5625
5627
5631
5643
5650
5657
5672
5675
5676
5684
5693
5697
5699
5701
5702
5712
5715
5717
5718
5725
5730
5732
5734
5739
5745
5749
5753
5756
5759
5764
5765
5776
5782
5800
5820
5822
5845
5854
5855
5857
5861
5863
5865
5867
5871
5875
5901
5949
5960
5966
5968
5989
6032
6035
6036
6041
6056
6124
6135
6178
6208
6212
6245
6258
6268
6298
6310
6351
6387
6453
6463
6477
6486
6506
6552
6578
6636
6643
6710
6734
6735
6741
6763
6772
6794
6797
6817
6823
6868
6966
6967
6968
7002
7021
7041
7057
7062
7064
7077
7099
7123
7129
7156
7166
7182
7183
7184
7186
7187
7198
7200
7225
7227
7232
7234
7235
7236
7238
7239
7241
7242
7244
7248
7251
7253
7254
7255
7263
7266
7267
7269
7301
7309
7313
7323
7324
7327
7336
7363
7423
7439
7442
7443
7445
7455
7456
7457
7462
7463
7465
7468
7475
7487
7490
7497
7500
7508
7514
7519
7521
7525
7535
7536
7552
7560
7570
7579
7580
7581
7588
7608
7619
7631
7668
7695
7704
7716
7743
7744
7763
7778
7790
7903
7911
7917
7922
7924
7966
7967
7977
8000
8004
8023
8028
8029
8033
8039
8040
8042
8048
8051
8055
8063
8066
8070
8080
8081
8082
8089
8091
8095
8097
8098
8099
8100
8101
8102
8108
8109
8110
8115
8117
8118
8119
8120
8121
8122
8123
8124
8132
8137
8146
16694
16937
16944
16965
16968
16971
16975
16979
17095
)
;
flipMap         List<bool> 
695
(
0
0
0
0
0
0
0
0
0
0
0
0
0
0
0
0
0
0
0
0
0
0
0
0
0
0
0
0
0
0
0
0
0
0
0
0
0
0
0
0
0
0
0
0
0
0
0
0
0
0
0
0
0
0
0
0
0
0
0
0
0
0
0
0
0
0
0
0
0
0
0
0
0
0
0
0
0
0
0
0
0
0
0
0
0
0
0
0
0
0
0
0
0
0
0
0
0
0
0
0
0
0
0
0
0
0
0
0
0
0
0
0
0
0
0
0
0
0
0
0
0
0
0
0
0
0
0
0
0
0
0
0
0
0
0
0
0
0
0
0
0
0
0
0
0
0
0
0
0
0
0
0
0
0
0
0
0
0
0
0
0
0
0
0
0
0
0
0
0
0
0
0
0
0
0
0
0
0
0
0
0
0
0
0
0
0
0
0
0
0
0
0
0
0
0
0
0
0
0
0
0
0
0
0
0
0
0
0
0
0
0
0
0
0
0
0
0
0
0
0
0
0
0
0
0
0
0
0
0
0
0
0
0
0
0
0
0
0
0
0
0
0
0
0
0
0
0
0
0
0
0
0
0
0
0
0
0
0
0
0
0
0
0
0
0
0
0
0
0
0
0
0
0
0
0
0
0
0
0
0
0
0
0
0
0
0
0
0
0
0
0
0
0
0
0
0
0
0
0
0
0
0
0
0
0
0
0
0
0
0
0
0
0
0
0
0
0
0
0
0
0
0
0
0
0
0
0
0
0
0
0
0
0
0
0
0
0
0
0
0
0
0
0
0
0
0
0
0
0
0
0
0
0
0
0
0
0
0
0
0
0
0
0
0
0
0
0
0
0
0
0
0
0
0
0
0
0
0
0
0
0
0
0
0
0
0
0
0
0
0
0
0
0
0
0
0
0
0
0
0
0
0
0
0
0
0
0
0
0
0
0
0
0
0
0
0
0
0
0
0
0
0
0
0
0
0
0
0
0
0
0
0
0
0
0
0
0
0
0
0
0
0
0
0
0
0
0
0
0
0
0
0
0
0
0
0
0
0
0
0
0
0
0
0
0
0
0
0
0
0
0
0
0
0
0
0
0
0
0
0
0
0
0
0
0
0
0
0
0
0
0
0
0
0
0
0
0
0
0
0
0
0
0
0
0
0
0
0
0
0
0
0
0
0
0
0
0
0
0
0
0
0
0
0
0
0
0
0
0
0
0
0
0
0
0
0
0
0
0
0
0
0
0
0
0
0
0
0
0
0
0
0
0
0
0
0
0
0
0
0
0
0
0
0
0
0
0
0
0
0
0
0
0
0
0
0
0
0
0
0
0
0
0
0
0
0
0
0
0
0
0
0
0
0
0
0
0
0
0
0
0
0
0
0
0
0
0
0
0
0
0
0
0
0
0
0
0
0
0
0
0
0
0
0
0
0
0
0
0
0
0
0
0
0
0
0
0
0
0
0
0
0
0
0
0
0
0
0
0
0
0
0
0
0
0
0
0
0
0
0
0
0
0
0
0
0
0
0
0
0
0
0
0
0
0
0
0
0
0
0
0
0
0
0
0
0
0
0
1
0
0
0
1
0
1
)
;
}
)

// ************************************************************************* //
