/*--------------------------------*- C++ -*----------------------------------*\
| =========                 |                                                 |
| \\      /  F ield         | OpenFOAM: The Open Source CFD Toolbox           |
|  \\    /   O peration     | Version:  v1906                                 |
|   \\  /    A nd           | Web:      www.OpenFOAM.com                      |
|    \\/     M anipulation  |                                                 |
\*---------------------------------------------------------------------------*/
FoamFile
{
    version     2.0;
    format      ascii;
    class       labelList;
    location    "constant/polyMesh";
    object      cellProcAddressing;
}
// * * * * * * * * * * * * * * * * * * * * * * * * * * * * * * * * * * * * * //


8464
(
0
3
5
7
9
10
13
14
15
16
18
25
30
32
36
38
39
43
46
51
52
54
57
58
59
62
64
67
70
72
74
75
76
78
79
80
83
85
86
88
89
93
94
96
102
104
106
108
110
112
113
115
116
118
121
122
127
130
131
132
135
136
137
139
140
142
144
146
149
155
156
159
160
161
162
166
168
169
170
171
172
179
184
189
195
197
198
199
201
202
203
206
207
210
220
222
223
225
226
230
231
232
234
235
236
238
242
244
245
248
249
250
256
259
261
263
264
266
271
272
273
276
277
278
280
283
288
289
293
295
297
301
307
308
309
310
311
313
316
317
324
325
330
331
332
347
348
350
352
358
360
362
363
371
374
375
380
381
384
385
386
389
390
394
395
396
397
399
401
403
404
405
406
411
412
413
416
419
422
423
425
426
434
435
436
437
438
440
441
442
443
444
446
447
448
449
451
453
454
456
458
463
464
465
467
469
470
471
473
483
488
491
501
505
506
507
512
514
515
516
517
518
519
523
524
525
527
533
535
543
545
563
564
565
566
567
568
572
573
574
577
580
581
582
585
586
587
588
589
590
592
593
594
595
598
599
601
602
604
605
606
608
610
613
616
617
619
620
621
622
623
624
625
626
627
629
632
634
636
637
639
642
643
645
648
649
653
654
656
657
659
665
666
668
669
670
671
673
674
675
676
685
686
687
688
691
692
706
708
712
716
718
720
722
724
727
728
729
731
732
733
735
739
741
742
746
748
749
757
758
762
763
765
768
773
774
777
778
782
783
785
786
789
791
792
795
797
800
801
802
803
805
808
810
813
814
815
816
817
821
823
824
825
827
832
834
835
836
844
845
846
847
848
850
851
855
856
858
860
861
863
866
867
868
869
870
873
875
876
878
879
882
885
886
887
890
891
893
899
900
902
903
905
906
907
908
910
911
912
913
915
917
918
919
920
921
922
923
927
928
930
932
933
936
938
940
941
943
945
949
953
954
955
956
958
959
961
962
967
969
974
978
979
986
990
991
992
995
996
997
998
1000
1001
1002
1003
1005
1007
1009
1013
1014
1024
1025
1034
1036
1040
1041
1042
1043
1045
1046
1047
1049
1050
1051
1058
1062
1063
1064
1068
1071
1073
1074
1077
1079
1080
1082
1084
1089
1090
1091
1093
1095
1097
1098
1101
1106
1109
1113
1114
1116
1117
1118
1121
1122
1123
1124
1126
1128
1129
1130
1132
1133
1134
1136
1137
1140
1141
1146
1147
1153
1154
1155
1157
1158
1162
1164
1165
1166
1168
1169
1171
1173
1175
1176
1177
1179
1182
1183
1184
1185
1186
1187
1188
1189
1190
1191
1195
1196
1197
1198
1201
1205
1206
1207
1208
1209
1213
1221
1222
1223
1225
1229
1232
1233
1237
1239
1240
1241
1242
1243
1245
1246
1248
1249
1250
1252
1255
1256
1257
1259
1261
1262
1263
1268
1271
1274
1276
1279
1281
1284
1287
1290
1291
1292
1293
1295
1296
1301
1302
1304
1305
1307
1308
1309
1310
1314
1317
1318
1320
1321
1322
1326
1328
1329
1330
1331
1332
1334
1342
1346
1349
1352
1353
1354
1356
1357
1358
1359
1361
1362
1363
1368
1372
1374
1375
1376
1377
1378
1384
1392
1395
1396
1397
1399
1400
1403
1404
1405
1406
1408
1409
1410
1411
1414
1415
1419
1421
1422
1424
1429
1431
1432
1434
1435
1436
1440
1441
1443
1444
1445
1446
1448
1449
1450
1451
1454
1459
1460
1461
1463
1466
1469
1470
1473
1477
1478
1485
1487
1500
1501
1502
1505
1510
1514
1516
1520
1521
1524
1526
1529
1530
1532
1535
1537
1541
1544
1545
1551
1552
1553
1555
1557
1558
1560
1561
1562
1563
1564
1565
1566
1568
1569
1570
1571
1572
1573
1574
1579
1585
1586
1588
1590
1591
1592
1596
1601
1602
1603
1605
1611
1612
1613
1614
1615
1616
1618
1622
1624
1626
1635
1637
1639
1641
1650
1659
1660
1661
1671
1680
1682
1683
1685
1691
1695
1698
1712
1713
1714
1717
1718
1722
1728
1729
1740
1754
1758
1764
1790
1791
1796
1821
1833
1840
1848
1857
1861
1862
1866
1869
1881
1882
1892
1901
1906
1910
1912
1925
1963
1988
2012
2015
2017
2020
2022
2045
2048
2055
2060
2073
2085
2091
2095
2106
2119
2134
2143
2146
2154
2167
2182
2191
2200
2218
2222
2224
2235
2238
2245
2255
2295
2296
2304
2305
2307
2313
2328
2333
2336
2351
2355
2356
2364
2365
2370
2372
2374
2378
2383
2393
2405
2410
2415
2427
2433
2446
2454
2466
2473
2477
2483
2484
2485
2488
2490
2497
2531
2545
2556
2562
2574
2608
2609
2616
2638
2665
2668
2676
2703
2720
2722
2741
2742
2752
2782
2784
2807
2821
2828
2835
2841
2844
2851
2882
2937
2941
2963
2966
2972
2977
2993
2994
3008
3014
3019
3031
3038
3072
3093
3101
3151
3170
3192
3198
3203
3205
3206
3207
3211
3224
3230
3246
3252
3288
3291
3292
3295
3310
3316
3320
3321
3328
3331
3336
3338
3339
3340
3347
3366
3372
3373
3381
3384
3394
3395
3396
3397
3398
3400
3403
3407
3409
3414
3417
3418
3419
3420
3422
3423
3424
3425
3432
3436
3437
3445
3447
3451
3454
3455
3457
3462
3463
3464
3465
3467
3470
3472
3475
3487
3490
3494
3495
3496
3500
3513
3519
3524
3528
3548
3550
3551
3552
3555
3556
3557
3558
3560
3561
3565
3568
3569
3570
3571
3573
3574
3575
3576
3577
3580
3587
3588
3595
3597
3599
3601
3602
3605
3609
3610
3612
3617
3622
3623
3630
3631
3633
3634
3635
3641
3642
3643
3644
3646
3650
3651
3654
3656
3657
3663
3667
3670
3674
3676
3677
3680
3681
3682
3684
3686
3691
3693
3694
3695
3696
3697
3698
3699
3700
3704
3707
3708
3710
3711
3713
3714
3715
3716
3717
3720
3721
3722
3724
3725
3726
3727
3728
3729
3730
3732
3734
3735
3736
3737
3738
3740
3741
3742
3743
3744
3745
3746
3747
3748
3750
3752
3753
3754
3755
3756
3758
3759
3761
3762
3763
3764
3766
3768
3769
3770
3771
3773
3774
3775
3777
3779
3780
3784
3786
3788
3792
3793
3794
3795
3797
3799
3800
3804
3805
3807
3809
3810
3812
3813
3816
3818
3819
3820
3822
3824
3825
3827
3829
3831
3832
3833
3835
3838
3839
3841
3842
3843
3844
3845
3846
3847
3848
3850
3851
3853
3854
3856
3857
3858
3859
3861
3865
3867
3875
3878
3879
3880
3881
3882
3884
3893
3897
3899
3903
3905
3915
3922
3923
3926
3929
3941
3946
3951
3961
3983
3989
4007
4028
4034
4043
4050
4057
4060
4084
4085
4087
4097
4100
4102
4105
4109
4114
4145
4148
4150
4151
4153
4155
4156
4158
4160
4161
4164
4166
4167
4168
4170
4172
4173
4174
4177
4179
4183
4186
4188
4190
4191
4193
4196
4198
4199
4204
4208
4212
4214
4215
4217
4225
4226
4228
4229
4230
4240
4242
4244
4246
4247
4248
4250
4251
4252
4253
4254
4257
4259
4260
4261
4262
4263
4267
4268
4271
4272
4273
4274
4276
4278
4279
4284
4287
4289
4290
4291
4292
4293
4294
4295
4296
4297
4301
4302
4304
4305
4307
4311
4314
4316
4321
4326
4328
4331
4332
4337
4338
4339
4345
4347
4355
4361
4363
4366
4367
4371
4393
4395
4396
4399
4400
4405
4433
4434
4441
4443
4444
4446
4449
4453
4454
4456
4457
4460
4461
4463
4466
4467
4469
4470
4474
4481
4482
4483
4484
4488
4489
4490
4498
4508
4511
4514
4515
4516
4517
4518
4535
4537
4538
4539
4540
4544
4545
4546
4548
4549
4550
4552
4553
4557
4561
4562
4563
4566
4568
4569
4571
4572
4573
4575
4576
4577
4578
4580
4581
4582
4585
4586
4587
4591
4592
4597
4599
4601
4602
4603
4604
4606
4610
4611
4612
4614
4617
4618
4619
4621
4623
4624
4626
4627
4628
4631
4636
4637
4641
4642
4645
4646
4647
4648
4651
4653
4654
4658
4659
4660
4661
4662
4664
4665
4666
4669
4670
4692
4698
4709
4710
4720
4732
4734
4740
4743
4744
4748
4750
4754
4759
4760
4763
4765
4768
4770
4771
4773
4775
4777
4778
4781
4783
4787
4788
4789
4792
4794
4796
4797
4802
4803
4805
4806
4807
4808
4809
4810
4812
4813
4814
4815
4816
4817
4818
4819
4821
4824
4825
4826
4827
4828
4829
4835
4837
4840
4842
4844
4845
4854
4855
4856
4857
4860
4862
4863
4866
4874
4882
4885
4886
4887
4891
4895
4896
4897
4901
4902
4904
4905
4906
4908
4909
4913
4915
4916
4937
4938
4941
4954
4955
4969
4972
4977
4978
4988
4997
5001
5007
5008
5011
5015
5018
5021
5023
5024
5025
5026
5028
5029
5031
5032
5033
5034
5035
5037
5038
5041
5043
5049
5050
5051
5052
5053
5054
5059
5065
5066
5069
5070
5073
5074
5080
5081
5083
5084
5087
5088
5089
5091
5092
5093
5094
5095
5101
5106
5108
5113
5114
5119
5123
5124
5133
5135
5139
5150
5151
5162
5164
5168
5169
5176
5177
5178
5179
5182
5189
5191
5196
5198
5199
5200
5203
5204
5209
5210
5211
5218
5221
5222
5234
5236
5241
5244
5245
5247
5252
5254
5256
5259
5262
5263
5264
5265
5267
5269
5271
5272
5273
5274
5275
5277
5278
5280
5281
5282
5283
5284
5285
5287
5288
5292
5295
5299
5302
5307
5308
5309
5312
5313
5317
5319
5328
5331
5333
5339
5343
5344
5345
5347
5348
5349
5351
5352
5353
5354
5355
5356
5357
5360
5362
5364
5366
5369
5376
5378
5379
5380
5381
5382
5383
5385
5386
5388
5395
5396
5397
5399
5401
5411
5415
5419
5420
5422
5426
5427
5429
5433
5435
5436
5437
5442
5444
5445
5446
5447
5448
5463
5464
5467
5469
5470
5472
5474
5475
5476
5478
5479
5480
5481
5482
5485
5487
5488
5490
5491
5492
5494
5497
5498
5500
5503
5505
5511
5513
5514
5517
5522
5523
5526
5532
5535
5536
5538
5539
5543
5544
5546
5550
5554
5555
5556
5566
5573
5574
5579
5587
5590
5592
5596
5597
5599
5601
5602
5603
5604
5605
5613
5614
5617
5620
5621
5623
5624
5626
5627
5629
5631
5634
5635
5637
5638
5639
5640
5643
5647
5651
5654
5655
5657
5658
5659
5660
5662
5663
5664
5665
5668
5669
5670
5671
5672
5673
5674
5675
5676
5678
5680
5683
5686
5689
5690
5692
5701
5702
5703
5708
5710
5711
5712
5713
5716
5717
5718
5722
5724
5725
5726
5728
5729
5730
5731
5732
5733
5736
5737
5739
5742
5743
5744
5745
5746
5748
5751
5752
5756
5758
5761
5771
5774
5777
5778
5779
5780
5787
5789
5790
5796
5797
5799
5801
5802
5803
5806
5807
5810
5811
5812
5813
5816
5818
5819
5820
5821
5822
5826
5828
5829
5841
5844
5846
5848
5849
5850
5851
5858
5860
5863
5864
5865
5867
5872
5875
5877
5879
5880
5881
5882
5883
5886
5888
5889
5890
5891
5893
5894
5895
5896
5897
5901
5903
5904
5906
5908
5909
5927
5929
5932
5939
5941
5942
5943
5945
5950
5957
5959
5961
5964
5966
5989
5991
5992
6000
6003
6005
6007
6008
6013
6014
6017
6019
6023
6027
6028
6030
6032
6033
6034
6040
6041
6043
6061
6073
6079
6092
6093
6095
6098
6107
6108
6115
6127
6132
6142
6144
6147
6149
6157
6160
6167
6174
6175
6177
6181
6193
6195
6197
6199
6200
6202
6205
6208
6211
6213
6224
6232
6239
6246
6247
6275
6279
6280
6281
6303
6320
6325
6326
6329
6337
6346
6407
6421
6422
6448
6451
6453
6454
6456
6458
6464
6467
6481
6484
6499
6500
6506
6507
6516
6527
6528
6531
6536
6544
6560
6569
6570
6575
6593
6595
6598
6628
6630
6632
6698
6699
6778
6868
6869
6931
6936
6948
6953
6966
6978
6979
6993
6996
7007
7014
7026
7031
7044
7052
7061
7076
7101
7133
7189
7223
7225
7250
7256
7264
7296
7332
7460
7507
7542
7606
7659
7662
7665
7675
7721
7733
7785
7788
7790
7791
7802
7808
7819
7822
7826
7833
7834
7842
7843
7844
7847
7849
7850
7851
7852
7854
7855
7856
7858
7859
7860
7862
7863
7864
7865
7867
7868
7869
7870
7871
7872
7873
7874
7876
7879
7881
7889
7894
7897
7899
7903
7905
7910
7912
7922
7923
7924
7926
7927
7928
7929
7933
7935
7941
7942
7946
7957
7958
7965
7969
7972
7979
7981
7982
7983
7984
7986
7988
7989
7992
7994
7995
7996
7997
7998
7999
8000
8001
8002
8003
8008
8009
8012
8015
8017
8018
8019
8022
8023
8024
8026
8029
8033
8035
8036
8037
8040
8045
8047
8048
8049
8053
8054
8059
8062
8065
8070
8072
8073
8077
8079
8080
8081
8082
8085
8086
8087
8091
8096
8098
8099
8100
8102
8103
8105
8109
8113
8114
8115
8116
8117
8120
8121
8123
8124
8125
8127
8128
8132
8134
8135
8137
8138
8139
8140
8141
8143
8144
8147
8150
8151
8152
8157
8158
8159
8160
8161
8162
8166
8167
8170
8174
8175
8176
8181
8182
8183
8184
8187
8188
8191
8192
8194
8198
8199
8200
8202
8203
8204
8205
8206
8207
8208
8209
8210
8211
8214
8216
8217
8218
8219
8220
8222
8224
8225
8226
8227
8229
8233
8235
8236
8237
8238
8239
8240
8241
8243
8245
8246
8248
8249
8250
8251
8252
8253
8254
8255
8256
8257
8258
8260
8261
8262
8269
8270
8271
8274
8278
8283
8285
8287
8289
8294
8298
8304
8306
8308
8309
8311
8315
8316
8317
8327
8332
8333
8338
8341
8342
8360
8395
8411
8413
8420
8426
8445
8470
8471
8476
8478
8498
8506
8516
8518
8519
8520
8521
8525
8526
8549
8550
8551
8555
8558
8559
8560
8561
8562
8564
8566
8568
8570
8572
8573
8575
8577
8578
8579
8580
8581
8584
8585
8586
8587
8588
8589
8590
8591
8593
8596
8598
8599
8600
8601
8602
8603
8604
8612
8613
8614
8615
8616
8617
8619
8620
8621
8625
8626
8627
8629
8630
8631
8633
8637
8641
8644
8647
8648
8650
8651
8654
8658
8659
8660
8662
8665
8666
8669
8671
8672
8674
8675
8676
8678
8680
8683
8684
8685
8687
8689
8691
8692
8693
8694
8695
8696
8697
8698
8700
8701
8702
8703
8704
8705
8708
8710
8712
8716
8717
8718
8719
8723
8724
8727
8728
8729
8730
8746
8749
8753
8756
8757
8758
8761
8779
8780
8781
8788
8802
8808
8820
8822
8823
8825
8826
8827
8829
8835
8841
8842
8846
8847
8848
8849
8850
8851
8855
8856
8857
8858
8859
8861
8862
8863
8865
8866
8877
8881
8882
8884
8885
8886
8887
8908
8909
8912
8913
8914
8925
8930
8931
8937
8942
8945
8946
8947
8948
8949
8950
8951
8954
8955
8958
8959
8960
8961
8962
8963
8964
8965
8966
8968
8970
8971
8974
8975
8976
8984
8995
8996
8997
8999
9004
9009
9016
9025
9027
9029
9030
9034
9036
9038
9039
9041
9045
9047
9056
9071
9082
9103
9105
9110
9114
9126
9135
9138
9142
9145
9154
9157
9159
9162
9165
9170
9171
9174
9181
9182
9184
9185
9186
9187
9188
9190
9193
9194
9196
9197
9198
9199
9200
9201
9202
9204
9208
9211
9212
9216
9218
9220
9221
9226
9228
9229
9230
9231
9232
9233
9235
9236
9237
9239
9243
9247
9249
9252
9253
9264
9276
9277
9282
9284
9300
9307
9311
9345
9383
9390
9396
9398
9399
9400
9401
9403
9405
9406
9407
9410
9411
9412
9413
9414
9415
9416
9417
9419
9420
9421
9422
9423
9424
9426
9427
9428
9431
9435
9439
9440
9443
9445
9449
9453
9454
9456
9464
9469
9470
9471
9473
9475
9476
9480
9482
9483
9488
9490
9493
9499
9509
9511
9513
9515
9524
9526
9529
9530
9534
9536
9541
9542
9545
9547
9561
9563
9565
9568
9571
9575
9576
9577
9582
9586
9588
9604
9617
9626
9643
9648
9661
9662
9663
9665
9666
9672
9675
9676
9677
9678
9679
9680
9682
9683
9686
9688
9698
9701
9705
9706
9707
9709
9711
9713
9714
9728
9730
9738
9741
9745
9746
9747
9749
9750
9751
9753
9754
9755
9756
9759
9760
9761
9769
9770
9772
9777
9778
9779
9786
9790
9794
9795
9797
9798
9800
9801
9804
9806
9807
9811
9812
9813
9817
9828
9830
9831
9835
9839
9855
9867
9873
9879
9883
9885
9887
9892
9900
9909
9921
9922
9923
9924
9925
9926
9927
9928
9930
9931
9934
9938
9941
9946
9949
9955
9960
9963
9964
9965
9966
9969
9970
9972
9973
9974
9976
9978
9983
9986
9987
9988
9990
9991
9992
9993
9994
9995
9996
9997
9998
10006
10009
10011
10012
10013
10014
10017
10020
10021
10022
10023
10024
10025
10028
10029
10030
10031
10032
10033
10034
10035
10037
10038
10041
10042
10045
10049
10051
10052
10053
10054
10058
10059
10060
10061
10062
10063
10066
10068
10069
10075
10076
10078
10082
10083
10084
10085
10086
10087
10088
10089
10090
10092
10094
10095
10100
10102
10110
10113
10115
10116
10117
10118
10119
10120
10122
10123
10126
10130
10132
10139
10140
10144
10146
10151
10152
10159
10168
10169
10176
10195
10196
10201
10204
10208
10209
10210
10212
10215
10216
10217
10219
10220
10225
10226
10227
10228
10229
10230
10231
10233
10234
10241
10243
10245
10251
10253
10257
10258
10259
10260
10262
10263
10264
10265
10266
10269
10272
10274
10277
10278
10283
10284
10285
10290
10292
10293
10296
10297
10298
10302
10304
10305
10306
10308
10309
10310
10316
10320
10321
10322
10323
10326
10328
10331
10332
10335
10337
10338
10339
10340
10342
10344
10346
10349
10352
10355
10382
10384
10388
10391
10393
10401
10402
10403
10406
10409
10414
10418
10424
10425
10426
10427
10428
10429
10430
10431
10432
10433
10438
10439
10440
10441
10444
10445
10446
10447
10448
10449
10452
10455
10456
10457
10458
10462
10471
10472
10479
10481
10484
10492
10497
10499
10501
10502
10507
10509
10510
10512
10521
10530
10531
10532
10555
10557
10565
10569
10574
10579
10580
10582
10583
10585
10587
10589
10594
10596
10597
10602
10603
10609
10615
10629
10632
10634
10635
10646
10651
10653
10655
10666
10667
10669
10672
10674
10677
10693
10704
10709
10710
10711
10718
10721
10730
10731
10743
10745
10748
10761
10780
10782
10784
10809
10823
10826
10835
10838
10854
10870
10883
10886
10892
10900
10902
10909
10914
10915
10929
10931
10939
10943
10946
10968
10981
10988
10990
11000
11003
11004
11007
11009
11013
11014
11020
11024
11025
11027
11028
11029
11034
11040
11047
11048
11071
11073
11086
11102
11115
11116
11117
11119
11142
11163
11164
11168
11171
11184
11187
11188
11190
11195
11198
11200
11201
11211
11231
11235
11236
11237
11240
11242
11245
11257
11268
11269
11270
11271
11273
11275
11277
11283
11299
11313
11314
11317
11332
11338
11369
11371
11374
11377
11379
11388
11389
11391
11399
11400
11408
11424
11432
11446
11457
11462
11478
11485
11486
11489
11490
11491
11494
11505
11550
11553
11558
11562
11564
11579
11584
11591
11598
11599
11605
11607
11609
11627
11650
11653
11656
11664
11674
11678
11689
11696
11702
11721
11727
11728
11737
11738
11740
11741
11752
11753
11769
11825
11839
11848
11864
11881
11886
11915
11928
11930
11938
11940
11947
11950
11952
11978
11981
11988
12002
12003
12012
12014
12045
12054
12059
12062
12064
12078
12080
12081
12082
12085
12090
12092
12100
12103
12105
12109
12110
12111
12112
12119
12121
12128
12132
12142
12146
12152
12153
12162
12185
12187
12199
12204
12249
12262
12272
12287
12288
12289
12291
12292
12294
12297
12299
12300
12303
12304
12305
12307
12308
12310
12311
12312
12316
12318
12322
12323
12325
12329
12330
12332
12333
12337
12338
12342
12347
12349
12350
12352
12355
12356
12357
12358
12359
12360
12362
12363
12364
12365
12366
12372
12373
12374
12375
12377
12385
12399
12407
12415
12416
12417
12421
12422
12426
12429
12430
12432
12435
12436
12440
12441
12444
12447
12452
12456
12459
12460
12461
12462
12464
12465
12466
12475
12476
12479
12482
12484
12485
12487
12489
12490
12492
12493
12497
12499
12500
12501
12504
12505
12506
12507
12508
12509
12511
12513
12514
12515
12516
12517
12518
12519
12520
12521
12523
12524
12525
12528
12529
12531
12533
12535
12539
12542
12543
12545
12546
12548
12550
12555
12556
12558
12559
12563
12564
12565
12566
12567
12569
12571
12572
12574
12575
12576
12577
12578
12579
12580
12581
12582
12584
12585
12587
12588
12589
12590
12591
12592
12594
12595
12596
12598
12599
12602
12605
12606
12607
12608
12610
12611
12612
12616
12618
12621
12622
12623
12624
12625
12626
12627
12628
12630
12632
12633
12635
12636
12637
12641
12642
12643
12645
12647
12648
12649
12650
12651
12652
12653
12655
12656
12657
12661
12662
12663
12664
12666
12667
12669
12670
12671
12672
12673
12674
12677
12678
12679
12680
12681
12683
12684
12685
12686
12687
12688
12689
12690
12691
12695
12702
12705
12706
12707
12708
12709
12710
12712
12715
12716
12717
12718
12720
12721
12722
12723
12724
12725
12727
12730
12733
12736
12737
12739
12742
12744
12746
12747
12748
12749
12750
12752
12753
12754
12759
12766
12767
12768
12770
12771
12774
12780
12786
12795
12799
12801
12813
12814
12816
12832
12864
12895
12908
12914
12961
12989
12990
12994
13001
13012
13014
13015
13016
13018
13023
13024
13025
13026
13028
13030
13033
13036
13044
13046
13047
13048
13049
13050
13051
13057
13061
13062
13063
13064
13066
13067
13068
13069
13073
13076
13077
13079
13087
13089
13090
13091
13092
13093
13099
13100
13101
13103
13106
13108
13111
13112
13119
13120
13125
13126
13130
13131
13133
13135
13136
13137
13138
13139
13141
13143
13145
13146
13147
13148
13150
13151
13153
13158
13159
13160
13161
13162
13164
13165
13166
13167
13168
13169
13170
13171
13172
13173
13174
13175
13176
13178
13179
13180
13181
13182
13183
13185
13187
13188
13189
13190
13191
13192
13194
13196
13199
13200
13201
13202
13203
13205
13206
13209
13211
13214
13215
13216
13217
13219
13220
13221
13224
13227
13228
13229
13230
13242
13243
13247
13249
13251
13252
13253
13254
13256
13260
13261
13262
13268
13270
13276
13284
13290
13299
13300
13313
13314
13315
13317
13318
13319
13320
13324
13333
13340
13342
13344
13345
13352
13353
13360
13363
13364
13368
13369
13370
13371
13372
13373
13374
13375
13376
13380
13381
13382
13386
13389
13390
13414
13415
13423
13425
13426
13430
13433
13434
13435
13436
13437
13438
13463
13464
13465
13466
13467
13468
13469
13479
13480
13481
13483
13484
13486
13487
13489
13490
13491
13492
13493
13497
13501
13502
13505
13507
13508
13513
13514
13517
13518
13519
13520
13532
13534
13535
13536
13537
13538
13545
13547
13549
13550
13551
13552
13554
13555
13558
13560
13563
13568
13582
13583
13602
13617
13618
13620
13621
13623
13624
13625
13627
13628
13631
13637
13641
13643
13667
13668
13669
13686
13701
13714
13716
13722
13723
13725
13727
13728
13729
13730
13731
13732
13737
13742
13746
13747
13748
13751
13754
13761
13764
13768
13772
13776
13778
13802
13808
13832
13834
13865
13870
13888
13914
13916
13919
13920
13922
13924
13926
13927
13928
13930
13931
13933
13934
13935
13936
13941
13948
13949
13951
13952
13954
13957
13961
13972
13977
13978
13981
13982
13984
13985
13988
13991
13992
13995
13997
14032
14044
14059
14060
14062
14063
14065
14066
14091
14092
14111
14165
14166
14168
14170
14172
14174
14176
14180
14183
14184
14188
14189
14192
14193
14195
14196
14197
14198
14199
14200
14201
14202
14203
14204
14205
14206
14207
14208
14209
14210
14214
14215
14216
14219
14220
14222
14224
14227
14229
14230
14231
14235
14236
14237
14238
14239
14240
14241
14248
14250
14253
14261
14262
14265
14267
14268
14269
14270
14271
14272
14278
14283
14289
14293
14294
14306
14307
14311
14313
14315
14321
14328
14331
14332
14333
14334
14335
14336
14342
14343
14344
14346
14347
14348
14349
14350
14356
14357
14376
14378
14386
14391
14392
14396
14402
14404
14405
14406
14414
14416
14417
14419
14424
14425
14426
14428
14429
14431
14435
14437
14438
14444
14447
14448
14449
14455
14464
14468
14472
14475
14479
14485
14490
14493
14494
14496
14497
14498
14499
14502
14503
14504
14505
14507
14508
14512
14513
14514
14515
14517
14518
14527
14528
14529
14530
14531
14534
14537
14541
14542
14543
14545
14546
14547
14548
14550
14551
14552
14555
14557
14558
14559
14560
14564
14570
14571
14573
14575
14576
14578
14579
14580
14582
14583
14584
14585
14587
14590
14591
14592
14594
14603
14604
14605
14606
14607
14608
14610
14612
14613
14614
14616
14618
14619
14623
14624
14628
14634
14650
14651
14652
14654
14663
14666
14685
14692
14696
14699
14701
14705
14707
14709
14710
14717
14725
14729
14731
14733
14736
14737
14738
14741
14742
14744
14746
14747
14748
14751
14754
14756
14757
14758
14760
14764
14773
14774
14777
14778
14779
14781
14782
14783
14791
14814
14817
14818
14823
14824
14826
14830
14831
14832
14833
14834
14837
14839
14842
14847
14859
14861
14862
14863
14866
14867
14881
14882
14883
14887
14888
14890
14891
14892
14894
14898
14906
14910
14912
14918
14921
14922
14923
14924
14926
14927
14928
14929
14930
14934
14939
14946
14948
14949
14950
14951
14953
14955
14956
14958
14962
14963
14964
14982
15008
15012
15013
15014
15023
15024
15027
15055
15057
15061
15062
15064
15066
15073
15076
15077
15078
15082
15083
15089
15090
15093
15094
15095
15108
15109
15126
15128
15132
15135
15149
15169
15173
15181
15184
15189
15195
15207
15209
15217
15220
15222
15231
15233
15253
15274
15278
15338
15339
15344
15345
15361
15365
15379
15390
15391
15394
15398
15401
15411
15412
15418
15429
15435
15441
15451
15452
15460
15466
15470
15477
15478
15488
15492
15493
15496
15497
15500
15503
15513
15530
15563
15572
15580
15586
15587
15593
15604
15609
15621
15623
15624
15628
15629
15640
15645
15647
15650
15665
15669
15671
15715
15727
15728
15731
15740
15741
15783
15787
15789
15795
15811
15812
15814
15839
15857
15906
15926
15944
15948
15949
15959
15960
15964
15988
15994
15995
15998
16023
16043
16052
16053
16065
16080
16086
16123
16138
16150
16153
16154
16211
16237
16246
16251
16273
16301
16357
16403
16431
16434
16440
16447
16448
16469
16470
16472
16481
16490
16494
16502
16509
16516
16517
16518
16519
16521
16523
16528
16535
16557
16559
16571
16572
16588
16589
16596
16598
16606
16608
16623
16635
16657
16663
16713
16719
16723
16724
16728
16729
16730
16734
16738
16739
16741
16742
16743
16745
16749
16751
16752
16753
16756
16757
16758
16759
16760
16761
16762
16763
16769
16770
16773
16776
16777
16779
16783
16784
16785
16786
16789
16793
16796
16799
16801
16802
16803
16805
16807
16808
16809
16810
16811
16813
16814
16817
16818
16819
16821
16825
16833
16872
16873
16874
16878
16880
16882
16888
16889
16890
16892
16894
16895
16896
16898
16900
16901
16902
16903
16906
16908
16912
16913
16915
16916
16917
16920
16922
16923
16926
16931
16935
16936
16937
16938
16939
16942
16943
16945
16946
16948
16949
16950
16952
16955
16957
16958
16959
16960
16962
16963
16964
16967
16968
16972
16973
16974
16975
16976
16977
16979
16980
16981
16987
16988
16989
16991
16992
16993
16995
17002
17004
17006
17007
17009
17010
17012
17016
17019
17020
17022
17024
17025
17026
17027
17029
17030
17031
17035
17036
17038
17039
17040
17041
17043
17045
17048
17053
17055
17056
17059
17060
17061
17062
17064
17065
17070
17072
17074
17076
17081
17084
17085
17086
17087
17089
17090
17091
17092
17093
17094
17109
17110
17111
17112
17113
17115
17116
17118
17119
17120
17123
17124
17125
17126
17127
17128
17129
17130
17131
17132
17133
17135
17137
17140
17143
17144
17145
17147
17150
17151
17152
17153
17154
17155
17156
17157
17159
17164
17165
17167
17170
17172
17173
17174
17175
17176
17177
17178
17179
17180
17181
17191
17193
17194
17195
17196
17198
17203
17206
17208
17211
17213
17214
17215
17277
17289
17346
17348
17359
17419
17422
17438
17441
17442
17443
17444
17447
17449
17450
17452
17455
17457
17459
17460
17461
17463
17464
17465
17466
17468
17470
17472
17474
17476
17477
17480
17481
17484
17485
17502
17505
17507
17508
17510
17514
17515
17517
17519
17520
17521
17522
17525
17526
17527
17529
17530
17533
17534
17537
17541
17542
17543
17544
17546
17547
17548
17555
17556
17557
17558
17559
17560
17562
17563
17565
17566
17567
17569
17570
17572
17577
17578
17579
17582
17584
17585
17586
17590
17592
17593
17594
17595
17596
17599
17601
17619
17621
17623
17625
17640
17641
17643
17645
17666
17669
17679
17681
17699
17700
17701
17703
17704
17716
17729
17753
17754
17755
17757
17758
17759
17761
17762
17765
17766
17769
17781
17783
17784
17786
17789
17803
17818
17821
17823
17842
17843
17845
17846
17848
17850
17869
17870
17872
17874
17880
17882
17883
17888
17889
17890
17891
17892
17893
17895
17897
17898
17902
17903
17904
17905
17906
17907
17909
17915
17916
17917
17918
17919
17920
17921
17922
17923
17924
17925
17926
17927
17929
17933
17935
17936
17937
17938
17939
17940
17944
17945
17955
17958
17966
17970
17978
17981
17987
17990
17993
17994
17995
17996
17997
18004
18007
18008
18017
18020
18021
18040
18041
18043
18049
18053
18058
18060
18063
18065
18069
18071
18072
18074
18075
18077
18078
18082
18083
18092
18101
18103
18109
18111
18114
18116
18117
18118
18119
18121
18123
18130
18147
18159
18163
18165
18166
18176
18186
18190
18192
18197
18201
18208
18209
18214
18224
18250
18255
18282
18304
18306
18309
18310
18311
18315
18316
18317
18327
18330
18333
18353
18354
18356
18357
18358
18359
18360
18361
18362
18363
18364
18365
18367
18368
18369
18371
18372
18373
18374
18375
18376
18378
18383
18387
18388
18389
18390
18398
18400
18402
18405
18409
18417
18418
18420
18422
18427
18431
18436
18441
18443
18463
18464
18466
18471
18490
18504
18507
18514
18515
18519
18524
18535
18542
18544
18545
18546
18547
18548
18549
18550
18551
18552
18553
18554
18557
18558
18559
18560
18561
18568
18569
18570
18571
18572
18575
18576
18577
18580
18582
18583
18585
18586
18587
18588
18589
18590
18591
18593
18595
18596
18597
18598
18599
18600
18606
18610
18611
18612
18614
18615
18618
18619
18620
18621
18623
18626
18627
18629
18631
18637
18638
18639
18640
18648
18656
18664
18665
18667
18668
18699
18707
18720
18721
18722
18724
18725
18727
18728
18729
18730
18734
18739
18743
18751
18756
18761
18762
18766
18767
18768
18769
18770
18771
18778
18781
18785
18792
18793
18794
18797
18800
18804
18807
18809
18815
18818
18822
18832
18838
18849
18859
18860
18861
18863
18867
18878
18883
18885
18887
18889
18890
18891
18892
18893
18894
18896
18898
18904
18907
18911
18915
18916
18917
18918
18921
18922
18923
18925
18928
18932
18934
18935
18937
18938
18939
18941
18942
18944
18945
18946
18952
18956
18958
18961
18963
18965
18966
18968
18969
18970
18971
18974
18976
18981
18982
18983
18987
18989
18990
18991
18993
18995
19001
19007
19008
19010
19017
19018
19019
19021
19022
19023
19026
19027
19028
19029
19031
19032
19033
19035
19036
19066
19071
19080
19088
19089
19102
19104
19106
19108
19109
19110
19111
19112
19113
19115
19125
19126
19127
19128
19129
19130
19131
19133
19134
19135
19136
19137
19138
19139
19140
19145
19146
19148
19150
19151
19155
19157
19159
19164
19166
19171
19197
19199
19204
19215
19216
19222
19226
19235
19236
19237
19246
19250
19251
19252
19255
19262
19267
19268
19271
19272
19277
19279
19280
19281
19282
19283
19285
19287
19290
19291
19294
19297
19298
19300
19305
19306
19318
19319
19335
19336
19338
19339
19342
19343
19362
19363
19376
19381
19387
19388
19389
19398
19400
19404
19419
19420
19447
19450
19451
19455
19456
19458
19464
19466
19468
19493
19494
19495
19496
19501
19506
19510
19513
19528
19530
19531
19552
19557
19562
19567
19573
19574
19578
19584
19587
19591
19594
19607
19608
19614
19615
19619
19634
19666
19669
19679
19685
19690
19754
19755
19791
19798
19873
19874
19881
19890
19892
19896
19897
19911
19912
19916
19917
19928
19929
19935
19943
19944
19952
19953
19954
19958
19960
19961
19962
19964
19966
19976
19979
19991
20000
20003
20011
20013
20054
20090
20092
20101
20137
20143
20151
20152
20160
20171
20174
20185
20188
20200
20201
20213
20216
20225
20245
20282
20287
20299
20301
20333
20337
20344
20350
20353
20382
20471
20473
20477
20480
20490
20495
20500
20518
20528
20534
20557
20560
20579
20590
20604
20605
20608
20633
20644
20647
20657
20671
20681
20685
20692
20693
20708
20710
20724
20725
20733
20736
20740
20742
20748
20774
20792
20794
20797
20798
20800
20809
20842
20851
20852
20864
20872
20873
20876
20877
20879
20900
20918
20919
20927
20932
20940
20989
20992
20994
21002
21013
21020
21023
21026
21031
21045
21047
21062
21085
21101
21102
21110
21112
21116
21119
21127
21129
21131
21140
21144
21145
21146
21147
21150
21159
21160
21162
21163
21164
21166
21167
21170
21171
21172
21174
21175
21176
21179
21183
21189
21192
21193
21195
21205
21206
21207
21208
21209
21211
21212
21218
21226
21227
21229
21230
21233
21234
21235
21236
21237
21238
21239
21240
21242
21260
21261
21275
21278
21284
21285
21286
21287
21289
21290
21292
21293
21294
21298
21299
21300
21303
21305
21306
21307
21308
21309
21310
21311
21312
21317
21319
21320
21321
21322
21323
21324
21326
21327
21328
21329
21332
21334
21338
21340
21343
21345
21350
21353
21356
21358
21359
21360
21362
21363
21370
21372
21377
21378
21379
21380
21381
21383
21384
21386
21387
21388
21389
21390
21394
21395
21396
21397
21398
21402
21403
21404
21406
21408
21409
21411
21413
21421
21425
21426
21427
21429
21430
21431
21432
21434
21437
21438
21439
21440
21441
21442
21443
21444
21445
21447
21448
21449
21450
21451
21452
21453
21455
21456
21457
21461
21462
21464
21466
21468
21469
21470
21472
21475
21477
21478
21479
21481
21482
21483
21484
21485
21486
21488
21489
21490
21491
21492
21493
21494
21495
21497
21498
21499
21500
21501
21502
21503
21504
21505
21506
21507
21508
21510
21511
21512
21515
21516
21518
21519
21521
21523
21524
21525
21526
21527
21528
21529
21530
21531
21532
21533
21534
21536
21537
21538
21540
21542
21543
21545
21547
21549
21551
21552
21554
21555
21556
21557
21560
21561
21562
21563
21564
21565
21566
21567
21568
21569
21570
21575
21576
21580
21582
21583
21584
21587
21588
21589
21590
21591
21592
21594
21600
21601
21602
21603
21605
21606
21607
21609
21610
21612
21614
21615
21616
21618
21622
21624
21625
21626
21627
21628
21629
21633
21634
21641
21643
21644
21646
21648
21649
21650
21651
21652
21655
21657
21658
21659
21663
21666
21667
21670
21671
21673
21674
21679
21683
21688
21689
21690
21708
21720
21724
21725
21733
21744
21746
21747
21772
21774
21781
21791
21798
21806
21809
21814
21816
21821
21826
21831
21836
21853
21868
21889
21894
21895
21896
21897
21899
21901
21902
21903
21904
21905
21906
21907
21914
21918
21920
21922
21924
21927
21931
21933
21934
21935
21938
21942
21943
21944
21946
21947
21948
21955
21957
21958
21959
21960
21961
21963
21967
21969
21971
21972
21973
21974
21975
21976
21977
21979
21982
21984
21991
21992
21996
21999
22000
22002
22003
22005
22006
22010
22013
22014
22016
22017
22018
22019
22021
22022
22023
22024
22025
22026
22028
22029
22030
22031
22033
22034
22038
22039
22040
22041
22042
22043
22044
22045
22046
22047
22049
22051
22056
22057
22059
22060
22064
22074
22083
22093
22094
22095
22096
22097
22099
22101
22102
22107
22116
22118
22119
22120
22122
22139
22169
22171
22173
22174
22182
22193
22195
22198
22205
22206
22208
22209
22210
22211
22213
22214
22215
22216
22228
22229
22230
22232
22234
22252
22268
22272
22274
22275
22285
22291
22297
22298
22300
22301
22304
22312
22320
22321
22323
22326
22336
22337
22339
22340
22341
22346
22350
22351
22352
22354
22355
22356
22357
22358
22359
22361
22363
22364
22365
22367
22368
22369
22370
22371
22372
22373
22374
22375
22376
22377
22378
22379
22380
22381
22383
22386
22387
22388
22399
22401
22413
22426
22436
22438
22441
22449
22451
22453
22462
22476
22480
22482
22484
22485
22486
22487
22493
22498
22499
22503
22513
22514
22522
22523
22524
22526
22528
22529
22530
22531
22532
22535
22536
22538
22542
22552
22555
22575
22577
22608
22609
22611
22612
22622
22630
22631
22635
22652
22668
22674
22675
22678
22679
22680
22681
22682
22683
22689
22690
22691
22692
22714
22715
22717
22720
22722
22723
22724
22725
22726
22730
22731
22732
22733
22734
22735
22736
22738
22740
22742
22744
22766
22769
22770
22773
22778
22779
22780
22782
22787
22788
22790
22791
22805
22806
22807
22812
22815
22816
22817
22818
22854
22855
22860
22870
22876
22878
22883
22890
22896
22898
22905
22913
22914
22935
22937
22938
22942
22945
22949
22950
22960
22961
22962
22963
22965
22969
22971
22972
22973
22977
22978
22980
22981
22982
22983
22984
22990
22991
23000
23001
23002
23003
23007
23008
23009
23011
23012
23015
23017
23019
23020
23025
23028
23029
23030
23032
23036
23037
23039
23040
23043
23044
23045
23052
23053
23056
23058
23059
23060
23062
23064
23065
23067
23069
23070
23071
23072
23083
23085
23090
23097
23121
23129
23130
23131
23133
23139
23141
23142
23146
23147
23150
23152
23153
23155
23157
23168
23186
23198
23202
23203
23204
23208
23213
23217
23220
23221
23226
23229
23230
23232
23233
23266
23267
23268
23274
23275
23276
23279
23280
23285
23286
23287
23290
23292
23293
23294
23295
23296
23299
23302
23303
23305
23306
23309
23310
23314
23315
23316
23317
23319
23320
23326
23327
23328
23331
23334
23335
23336
23338
23339
23340
23341
23342
23343
23344
23345
23346
23347
23349
23350
23351
23352
23353
23354
23356
23358
23359
23365
23367
23368
23369
23371
23372
23374
23378
23385
23386
23387
23388
23389
23392
23395
23396
23397
23399
23400
23401
23402
23403
23404
23406
23407
23414
23415
23416
23417
23418
23421
23423
23432
23433
23434
23437
23477
23485
23487
23490
23491
23492
23493
23494
23496
23498
23503
23514
23516
23519
23521
23524
23529
23530
23531
23535
23536
23537
23550
23551
23553
23554
23555
23558
23561
23562
23564
23572
23576
23581
23586
23603
23614
23616
23618
23619
23620
23621
23625
23626
23628
23629
23635
23638
23639
23640
23642
23644
23648
23649
23650
23658
23659
23660
23662
23663
23664
23672
23679
23681
23684
23686
23687
23688
23689
23691
23692
23697
23698
23705
23708
23709
23710
23711
23712
23713
23718
23719
23720
23721
23722
23723
23724
23742
23745
23749
23750
23751
23752
23753
23758
23760
23763
23764
23766
23777
23793
23799
23801
23802
23803
23804
23805
23806
23807
23808
23809
23810
23813
23818
23819
23825
23830
23838
23849
23852
23856
23859
23860
23861
23882
23883
23884
23894
23895
23896
23910
23911
23914
23937
23941
23947
23949
23951
23959
23960
23971
23974
23977
23981
23989
23991
24004
24026
24043
24045
24046
24055
24061
24063
24097
24107
24122
24129
24141
24148
24160
24162
24163
24175
24178
24180
24192
24232
24234
24236
24237
24239
24279
24283
24315
24316
24327
24356
24366
24370
24375
24392
24396
24409
24418
24429
24455
24458
24464
24472
24477
24489
24491
24494
24498
24503
24511
24524
24528
24599
24600
24630
24635
24644
24652
24665
24669
24683
24704
24751
24762
24765
24793
24806
24839
24893
24895
24946
25001
25006
25061
25100
25103
25107
25111
25155
25231
25256
25299
25338
25339
25381
25383
25412
25416
25418
25420
25422
25424
25426
25430
25433
25439
25461
25495
25496
25497
25498
25505
25506
25508
25511
25512
25515
25517
25518
25519
25521
25522
25523
25524
25525
25526
25528
25529
25530
25531
25532
25533
25534
25535
25547
25550
25556
25557
25559
25563
25564
25565
25569
25571
25575
25578
25579
25580
25583
25585
25586
25608
25613
25614
25616
25618
25628
25638
25640
25641
25642
25644
25645
25646
25647
25648
25649
25650
25652
25653
25654
25656
25657
25658
25659
25660
25661
25665
25666
25669
25670
25671
25672
25673
25674
25676
25678
25679
25682
25684
25688
25691
25692
25693
25696
25697
25698
25699
25700
25701
25706
25707
25709
25710
25711
25712
25713
25714
25716
25719
25720
25724
25727
25738
25740
25741
25742
25744
25745
25746
25747
25748
25749
25750
25751
25758
25760
25761
25764
25765
25769
25771
25774
25775
25778
25780
25781
25782
25788
25791
25794
25795
25799
25802
25803
25804
25807
25808
25809
25810
25814
25815
25816
25817
25818
25820
25821
25822
25824
25825
25826
25827
25828
25829
25832
25834
25835
25838
25839
25840
25841
25842
25843
25844
25845
25846
25847
25848
25850
25852
25853
25854
25857
25859
25860
25861
25862
25863
25864
25867
25868
25869
25870
25871
25872
25874
25875
25876
25877
25879
25880
25881
25883
25884
25888
25889
25890
25893
25894
25895
25899
25900
25903
25905
25906
25907
25909
25911
25912
25915
25916
25917
25918
25919
25920
25921
25923
25924
25925
25927
25928
25929
25930
25931
25932
25933
25934
25935
25937
25938
25940
25942
25946
25947
25948
25951
25953
25954
25957
25958
25959
25960
25961
25963
25964
25965
25967
25968
25974
25976
25977
25978
25979
25980
25981
25982
25985
25988
25990
25997
26000
26003
26004
26005
26006
26007
26011
26012
26013
26017
26024
26053
26120
26138
26140
26142
26181
26191
26205
26214
26228
26235
26236
26238
26239
26242
26250
26251
26255
26266
26267
26268
26269
26270
26271
26273
26275
26276
26278
26279
26281
26282
26284
26285
26286
26287
26288
26289
26290
26291
26293
26294
26296
26298
26300
26303
26306
26310
26311
26314
26316
26318
26323
26324
26325
26338
26341
26345
26352
26356
26363
26366
26367
26369
26370
26371
26372
26374
26376
26378
26379
26380
26381
26382
26383
26384
26386
26387
26389
26390
26393
26395
26397
26398
26400
26402
26404
26405
26407
26416
26417
26420
26423
26424
26425
26426
26427
26428
26443
26447
26455
26456
26460
26462
26468
26472
26498
26511
26515
26518
26527
26528
26529
26531
26532
26556
26577
26579
26581
26588
26590
26595
26597
26599
26613
26638
26643
26654
26666
26671
26674
26675
26676
26678
26679
26699
26700
26701
26702
26703
26704
26705
26707
26710
26711
26712
26719
26721
26722
26723
26725
26726
26727
26728
26729
26730
26731
26732
26733
26752
26753
26754
26755
26756
26757
26759
26761
26762
26767
26768
26769
26771
26772
26773
26776
26788
26792
26799
26811
26816
26817
26821
26837
26853
26860
26861
26870
26872
26874
26876
26880
26883
26889
26909
26920
26926
26927
26929
26933
26937
26942
26944
26946
26947
26948
26950
26960
26963
26964
26973
26974
26981
27010
27014
27015
27016
27021
27043
27044
27052
27068
27111
27125
27127
27128
27131
27133
27139
27140
27142
27147
27148
27149
27150
27152
27153
27154
27166
27168
27169
27173
27179
27180
27181
27183
27185
27192
27196
27197
27200
27201
27202
27204
27205
27206
27207
27208
27209
27210
27213
27214
27215
27217
27224
27226
27228
27230
27234
27238
27244
27259
27300
27308
27310
27317
27324
27330
27343
27355
27365
27371
27372
27373
27374
27375
27376
27378
27379
27389
27390
27391
27393
27395
27396
27397
27398
27400
27401
27402
27403
27404
27405
27406
27407
27408
27409
27410
27413
27416
27417
27421
27422
27423
27424
27425
27426
27429
27430
27435
27436
27437
27440
27441
27442
27443
27444
27447
27458
27459
27460
27461
27462
27463
27464
27465
27467
27468
27469
27470
27471
27472
27473
27474
27475
27476
27479
27480
27481
27482
27485
27486
27487
27488
27489
27490
27491
27492
27493
27494
27497
27498
27507
27508
27511
27512
27513
27514
27528
27529
27531
27532
27533
27537
27547
27548
27552
27553
27560
27564
27566
27567
27569
27570
27571
27572
27573
27576
27578
27581
27585
27586
27627
27628
27630
27631
27632
27634
27635
27647
27648
27649
27653
27654
27659
27660
27661
27662
27683
27686
27689
27690
27693
27694
27695
27697
27698
27699
27700
27702
27703
27704
27706
27712
27713
27715
27719
27720
27721
27723
27726
27729
27730
27735
27736
27744
27745
27747
27749
27750
27753
27756
27757
27759
27760
27762
27764
27765
27766
27767
27769
27770
27771
27772
27773
27775
27776
27778
27779
27780
27782
27784
27788
27789
27790
27791
27792
27793
27807
27814
27815
27819
27823
27824
27827
27828
27829
27832
27838
27839
27840
27843
27853
27854
27859
27860
27861
27863
27864
27865
27883
27913
27934
27935
27936
27937
27938
27942
27945
27947
27948
27949
27953
27954
27956
27957
27965
27966
27967
27969
27973
27975
27977
27978
27982
27983
27986
27988
27991
27994
27995
27996
27998
28006
28007
28015
28017
28018
28020
28022
28023
28024
28025
28026
28027
28028
28031
28036
28037
28042
28068
28069
28070
28071
28074
28076
28077
28079
28081
28084
28085
28087
28088
28095
28100
28102
28123
28129
28132
28134
28145
28146
28148
28149
28150
28152
28153
28154
28156
28157
28158
28164
28171
28172
28173
28174
28175
28180
28182
28183
28188
28214
28215
28221
28222
28223
28226
28227
28231
28232
28233
28234
28235
28246
28250
28251
28253
28261
28266
28273
28291
28292
28293
28294
28300
28302
28306
28321
28323
28342
28346
28347
28378
28380
28384
28405
28407
28414
28416
28421
28435
28440
28478
28509
28543
28562
28569
28581
28591
28592
28614
28662
28671
28704
28742
28763
28771
28785
28834
28836
28837
28838
28839
28841
28846
28853
28870
28874
28941
28945
28946
28962
28999
29014
29035
29049
29068
29112
29114
29115
29127
29139
29184
29251
29377
29381
29452
29503
29505
29838
29884
29964
29980
29981
29982
29983
29984
29985
29986
29987
29992
29998
30005
30006
30007
30016
30020
30021
30022
30023
30024
30027
30028
30029
30048
30051
30055
30066
30072
30073
30080
30083
30100
30105
30106
30126
30128
30131
30135
30137
30141
30145
30148
30150
30151
30154
30155
30158
30160
30161
30162
30168
30171
30172
30174
30175
30176
30178
30180
30181
30182
30183
30187
30188
30189
30194
30195
30196
30201
30202
30203
30205
30207
30211
30213
30214
30215
30216
30218
30220
30221
30223
30232
30238
30239
30243
30244
30245
30247
30248
30249
30250
30251
30252
30255
30256
30257
30259
30265
30266
30267
30270
30271
30272
30273
30274
30276
30278
30279
30280
30284
30286
30288
30289
30294
30295
30296
30297
30298
30299
30301
30304
30305
30306
30307
30309
30310
30311
30312
30314
30315
30317
30318
30319
30320
30321
30322
30323
30328
30334
30335
30336
30337
30338
30341
30343
30344
30347
30348
30350
30351
30352
30353
30358
30360
30363
30364
30367
30370
30371
30374
30375
30380
30381
30383
30384
30385
30386
30390
30391
30392
30393
30394
30396
30398
30399
30400
30401
30402
30403
30404
30405
30406
30408
30409
30410
30411
30412
30413
30414
30415
30416
30422
30423
30426
30427
30428
30429
30432
30434
30436
30437
30439
30440
30441
30442
30443
30445
30447
30448
30449
30450
30454
30459
30461
30463
30466
30470
30478
30482
30483
30486
30490
30500
30514
30527
30531
30640
30641
30661
30695
30709
30710
30711
30712
30714
30717
30719
30723
30724
30739
30740
30741
30743
30744
30745
30746
30747
30751
30753
30755
30756
30757
30758
30759
30772
30775
30776
30777
30787
30788
30790
30792
30799
30800
30803
30804
30805
30807
30808
30812
30813
30815
30822
30826
30827
30828
30830
30832
30834
30835
30839
30841
30842
30843
30844
30847
30849
30851
30852
30854
30857
30858
30859
30860
30861
30862
30863
30864
30865
30866
30875
30877
30878
30879
30881
30983
30985
30986
30988
30990
30991
30992
30996
31001
31022
31044
31045
31047
31071
31072
31073
31075
31076
31095
31096
31097
31098
31099
31100
31101
31111
31121
31126
31127
31128
31130
31138
31139
31141
31144
31145
31149
31152
31159
31160
31163
31165
31174
31196
31198
31205
31206
31208
31210
31211
31212
31214
31215
31217
31218
31219
31266
31274
31291
31303
31317
31325
31326
31328
31332
31335
31347
31348
31350
31353
31354
31355
31357
31359
31360
31361
31362
31368
31422
31484
31496
31524
31533
31534
31535
31537
31538
31539
31540
31541
31545
31546
31547
31549
31566
31568
31569
31577
31578
31581
31590
31592
31593
31594
31623
31644
31655
31666
31674
31680
31694
31702
31703
31710
31713
31725
31729
31731
31740
31748
31758
31759
31760
31761
31762
31765
31766
31767
31768
31769
31772
31773
31779
31780
31782
31783
31784
31786
31787
31789
31791
31794
31795
31796
31797
31798
31799
31801
31802
31803
31805
31806
31811
31812
31813
31814
31815
31816
31817
31818
31819
31820
31821
31822
31823
31824
31826
31827
31831
31835
31837
31840
31845
31849
31850
31856
31867
31881
31882
31885
31892
31896
31897
31898
31899
31900
31901
31905
31906
31907
31908
31909
31910
31911
31912
31913
31919
31920
31921
31922
31923
31924
31925
31926
31927
31929
31932
31933
31936
31941
31946
31947
31949
31950
31951
31952
31953
31954
31958
31961
31970
31971
31974
31975
31979
31982
31984
31991
31995
31997
31998
32002
32004
32005
32009
32016
32019
32020
32021
32022
32023
32024
32025
32026
32029
32030
32031
32033
32048
32049
32050
32051
32052
32054
32055
32057
32058
32062
32067
32068
32069
32072
32073
32075
32076
32082
32083
32084
32085
32086
32087
32089
32091
32092
32094
32099
32100
32101
32106
32108
32109
32113
32114
32115
32116
32117
32118
32122
32125
32126
32128
32129
32130
32132
32135
32136
32137
32138
32139
32141
32142
32143
32144
32148
32154
32155
32156
32160
32161
32162
32163
32164
32165
32166
32167
32168
32170
32171
32173
32174
32176
32177
32179
32180
32183
32184
32189
32191
32192
32193
32194
32196
32198
32199
32200
32208
32209
32214
32215
32216
32217
32218
32219
32220
32221
32222
32223
32224
32225
32226
32227
32228
32229
32231
32235
32236
32237
32238
32239
32240
32241
32242
32243
32244
32245
32251
32257
32262
32265
32274
32282
32283
32285
32294
32295
32296
32297
32298
32299
32300
32301
32302
32303
32304
32305
32309
32310
32311
32312
32313
32316
32317
32318
32319
32323
32324
32325
32328
32329
32332
32333
32334
32335
32336
32337
32338
32339
32341
32342
32343
32344
32359
32363
32366
32367
32368
32369
32370
32371
32372
32377
32378
32379
32380
32382
32383
32391
32392
32393
32394
32395
32400
32401
32403
32404
32406
32409
32410
32413
32414
32418
32421
32422
32423
32424
32427
32428
32430
32431
32432
32433
32438
32445
32447
32448
32457
32458
32460
32464
32466
32467
32471
32478
32480
32481
32482
32486
32487
32490
32495
32496
32497
32498
32500
32508
32509
32510
32511
32512
32513
32514
32521
32522
32523
32524
32527
32530
32531
32535
32558
32560
32564
32565
32594
32595
32602
32609
32610
32619
32622
32634
32635
32641
32644
32645
32649
32650
32651
32656
32660
32670
32677
32678
32679
32680
32683
32686
32689
32690
32691
32694
32699
32700
32704
32714
32721
32724
32729
32732
32745
32751
32753
32756
32781
32783
32789
32792
32793
32803
32805
32808
32811
32813
32815
32816
32817
32818
32821
32823
32824
32837
32841
32843
32845
32848
32851
32853
32869
32870
32880
32889
32894
32896
32901
32907
32908
32909
32912
32918
32919
32924
32926
32930
32931
32935
32943
32944
32949
32955
32958
32959
32960
32975
32976
32978
32981
32986
32989
32994
32995
32996
33003
33004
33007
33008
33009
33010
33012
33015
33016
33017
33019
33021
33028
33031
33032
33038
33043
33048
33049
33053
33055
33056
33061
33062
33069
33084
33101
33109
33129
33154
33183
33187
33189
33211
33220
33222
33230
33232
33236
33242
33255
33258
33263
33264
33268
33270
33271
33276
33304
33315
33318
33320
33326
33330
33368
33374
33375
33377
33381
33384
33385
33387
33389
33393
33394
33397
33399
33401
33419
33420
33434
33435
33443
33446
33449
33451
33452
33453
33454
33455
33457
33464
33465
33481
33491
33492
33505
33515
33521
33522
33523
33539
33546
33548
33549
33550
33553
33564
33568
33577
33592
33595
33597
33600
33601
33603
33607
33610
33611
33617
33619
33620
33637
33644
33663
33669
33680
33687
33689
33690
33696
33700
33704
33705
33710
33711
33715
33718
33722
33725
33728
33730
33733
33739
33740
33751
33755
33756
33761
33769
33770
33771
33775
33784
33787
33799
33801
33806
33810
33812
33816
33825
33829
33830
33835
33842
33845
33850
33851
33855
)


// ************************************************************************* //
