/*--------------------------------*- C++ -*----------------------------------*\
| =========                 |                                                 |
| \\      /  F ield         | OpenFOAM: The Open Source CFD Toolbox           |
|  \\    /   O peration     | Version:  v1906                                 |
|   \\  /    A nd           | Web:      www.OpenFOAM.com                      |
|    \\/     M anipulation  |                                                 |
\*---------------------------------------------------------------------------*/
FoamFile
{
    version     2.0;
    format      ascii;
    class       regIOobject;
    location    "constant/polyMesh";
    object      faceZones;
}
// * * * * * * * * * * * * * * * * * * * * * * * * * * * * * * * * * * * * * //

1
(
peak
{
    type faceZone;
faceLabels      List<label> 
741
(
6
7
16
17
21
27
28
34
41
56
71
79
88
92
100
116
120
142
164
171
181
199
209
223
250
261
271
288
307
328
346
350
366
374
408
409
422
423
431
435
439
468
469
498
499
501
505
522
530
531
534
535
543
546
561
577
578
581
582
598
600
610
625
626
642
645
663
670
682
688
702
706
720
730
748
766
772
789
791
806
814
836
843
850
859
861
865
916
918
920
942
948
960
961
962
971
998
1009
1046
1047
1048
1050
1051
1057
1073
1079
1083
1093
1095
1096
1103
1121
1123
1125
1132
1135
1146
1153
1156
1159
1170
1195
1197
1202
1205
1207
1243
1244
1270
1271
1279
1280
1288
1302
1308
1309
1315
1316
1318
1319
1321
1330
1331
1349
1351
1354
1392
1399
1411
1412
1429
1434
1437
1449
1452
1460
1461
1484
1485
1486
1487
1488
1489
1491
1496
1497
1521
1525
1526
1529
1536
1548
1555
1556
1561
1565
1571
1585
1594
1595
1603
1604
1606
1612
1613
1619
1629
1631
1634
1643
1647
1651
1652
1659
1660
1665
1666
1669
1686
1688
1706
1708
1730
1731
1736
1737
1738
1739
1745
1752
1753
1775
1778
1789
1790
1791
1823
1846
1847
1848
1898
1903
1904
1939
1940
1942
1943
1945
1947
1955
1956
1957
1958
1964
1997
2003
2021
2032
2044
2045
2058
2069
2074
2099
2101
2102
2111
2112
2123
2135
2136
2141
2156
2169
2181
2186
2192
2196
2197
2198
2202
2207
2228
2229
2230
2250
2255
2264
2274
2296
2297
2309
2314
2316
2334
2335
2338
2339
2340
2341
2458
2459
2542
2567
2570
2573
2574
2607
2614
2618
2627
2653
2676
2764
2816
2817
2829
2861
2862
2904
3034
3113
3189
3218
3286
3304
3334
3338
3395
3483
3601
3661
3670
3682
3786
3843
3898
3904
4104
4135
4156
4166
4167
4369
4489
4521
4522
4523
4540
4541
4570
4577
4639
4657
4700
4706
4708
4740
4759
4881
4883
4895
4923
4969
4976
4977
4992
4994
4995
5370
5395
5558
5559
5567
5620
5792
6036
6065
6165
6176
6188
6189
6205
6227
6228
6289
6314
6327
6328
6332
6334
6335
6350
6351
6355
6462
6534
6664
6690
6742
6747
6820
6852
6880
6894
6908
6910
6935
6936
6985
6989
7024
7027
7051
7069
7176
7208
7235
7298
7337
7429
7434
7493
7499
7561
7562
7575
7621
7625
7680
7738
7803
7809
7899
8127
8150
8552
8651
8652
8653
8732
8777
8802
8803
8807
8811
8818
8821
8825
8830
8845
8933
8937
8938
8946
8979
8980
8988
8997
8998
9027
9028
9072
9112
9123
9124
9147
9178
9196
9201
9205
9225
9238
9240
9248
9254
9257
9260
9262
9266
9273
9278
9289
9292
9328
9340
9341
9347
9351
9355
9358
9372
9381
9418
9421
9426
9438
9442
9443
9474
9530
9597
9617
9622
9633
9640
9645
9649
9720
9933
9971
9985
10011
10030
10036
10045
10046
10054
10059
10067
10112
10148
10157
10213
10214
10225
10229
10232
10234
10252
10268
10319
10326
10359
10373
10379
10389
10403
10435
10473
10497
10511
10512
10530
10561
10574
10575
10579
10590
10593
10613
10622
10634
10649
10653
10673
10675
10677
10680
10682
10696
10735
10744
10808
10825
10844
10898
10899
11015
11017
11030
11056
11084
11093
11121
11265
11267
11270
11280
11293
11298
11310
11312
11359
11364
11392
11397
11408
11415
11428
11438
11469
11473
11521
11578
11616
11619
11646
11708
11783
12022
12135
12145
12198
12211
12216
12249
12251
12261
12285
12331
12342
12462
12541
12545
12557
12596
12600
12622
12799
12803
12857
12892
13084
13089
13096
13105
13120
13132
13133
13136
13139
13188
13189
13190
13194
13198
13205
13207
13215
13218
13224
13257
13272
13279
13284
13287
13382
13383
13415
13429
13450
13456
13538
13558
13717
13754
13762
13777
13782
13794
13850
13879
13881
13883
13896
13924
13988
14007
14059
14155
14159
14165
14244
14323
14394
14483
14531
14534
14660
14667
14673
14693
14705
14721
14733
14742
14784
14788
14825
14899
14957
14996
15113
15124
16304
16315
16334
16336
16341
16349
16359
16362
16365
16372
16374
16388
16391
16403
16410
16465
16504
16512
16516
16524
16552
16554
16619
16638
16651
16688
16694
16745
16752
16775
16778
16786
16787
16795
16796
16807
16814
16820
16822
16830
16861
16867
16868
16878
16921
16939
16945
17014
17020
17032
17086
17116
17140
17154
17167
17170
17207
17216
17230
17231
17240
17249
17255
17257
17273
17348
)
;
flipMap         List<bool> 
741
(
0
0
0
0
0
0
0
0
0
0
0
0
0
0
0
0
0
0
0
0
0
0
0
0
0
0
0
0
0
0
0
0
0
0
0
0
0
0
0
0
0
0
0
0
0
0
0
0
0
0
0
0
0
0
0
0
0
0
0
0
0
0
0
0
0
0
0
0
0
0
0
0
0
0
0
0
0
0
0
0
0
0
0
0
0
0
0
0
0
0
0
0
0
0
0
0
0
0
0
0
0
0
0
0
0
0
0
0
0
0
0
0
0
0
0
0
0
0
0
0
0
0
0
0
0
0
0
0
0
0
0
0
0
0
0
0
0
0
0
0
0
0
0
0
0
0
0
0
0
0
0
0
0
0
0
0
0
0
0
0
0
0
0
0
0
0
0
0
0
0
0
0
0
0
0
0
0
0
0
0
0
0
0
0
0
0
0
0
0
0
0
0
0
0
0
0
0
0
0
0
0
0
0
0
0
0
0
0
0
0
0
0
0
0
0
0
0
0
0
0
0
0
0
0
0
0
0
0
0
0
0
0
0
0
0
0
0
0
0
0
0
0
0
0
0
0
0
0
0
0
0
0
0
0
0
0
0
0
0
0
0
0
0
0
0
0
0
0
0
0
0
0
0
0
0
0
0
0
0
0
0
0
0
0
0
0
0
0
0
0
0
0
0
0
0
0
0
0
0
0
0
0
0
0
0
0
0
0
0
0
0
0
0
0
0
0
0
0
0
0
0
0
0
0
0
0
0
0
0
0
0
0
0
0
0
0
0
0
0
0
0
0
0
0
0
0
0
0
0
0
0
0
0
0
0
0
0
0
0
0
0
0
0
0
0
0
0
0
0
0
0
0
0
0
0
0
0
0
0
0
0
0
0
0
0
0
0
0
0
0
0
0
0
0
0
0
0
0
0
0
0
0
0
0
0
0
0
0
0
0
0
0
0
0
0
0
0
0
0
0
0
0
0
0
0
0
0
0
0
0
0
0
0
0
0
0
0
0
0
0
0
0
0
0
0
0
0
0
0
0
0
0
0
0
0
0
0
0
0
0
0
0
0
0
0
0
0
0
0
0
0
0
0
0
0
0
0
0
0
0
0
0
0
0
0
0
0
0
0
0
0
0
0
0
0
0
0
0
0
0
0
0
0
0
0
0
0
0
0
0
0
0
0
0
0
0
0
0
0
0
0
0
0
0
0
0
0
0
0
0
0
0
0
0
0
0
0
0
0
0
0
0
0
0
0
0
0
0
0
0
0
0
0
0
0
0
0
0
0
0
0
0
0
0
0
0
0
0
0
0
0
0
0
0
0
0
0
0
0
0
0
0
0
0
0
0
0
0
0
0
0
0
0
0
0
0
0
0
0
0
0
0
0
0
0
0
0
0
0
0
0
0
0
0
0
0
0
0
0
0
0
0
0
0
0
0
0
0
0
0
0
0
0
0
0
0
0
0
0
0
0
0
0
0
0
0
0
0
0
0
0
0
0
0
0
0
0
0
0
0
0
0
0
0
0
0
0
0
0
0
0
0
0
0
0
0
0
1
0
0
1
1
0
0
0
1
0
1
1
0
0
0
0
0
0
0
0
0
1
0
0
0
1
1
1
1
1
1
0
1
1
1
0
0
0
0
0
0
0
1
1
0
1
0
1
0
0
1
1
1
0
1
1
1
1
1
1
1
1
1
1
)
;
}
)

// ************************************************************************* //
