/*--------------------------------*- C++ -*----------------------------------*\
| =========                 |                                                 |
| \\      /  F ield         | OpenFOAM: The Open Source CFD Toolbox           |
|  \\    /   O peration     | Version:  v1906                                 |
|   \\  /    A nd           | Web:      www.OpenFOAM.com                      |
|    \\/     M anipulation  |                                                 |
\*---------------------------------------------------------------------------*/
FoamFile
{
    version     2.0;
    format      ascii;
    class       labelList;
    note        "nPoints:1875  nCells:8464  nFaces:17752  nInternalFaces:16104";
    location    "constant/polyMesh";
    object      neighbour;
}
// * * * * * * * * * * * * * * * * * * * * * * * * * * * * * * * * * * * * * //


16104
(
19
325
432
727
6
498
4360
6945
353
2119
2396
7464
4881
6002
397
608
2602
7744
47
207
324
5325
424
661
666
10
125
3377
5314
1260
6550
61
139
496
4732
138
349
527
41
267
732
4359
2571
3056
7506
7914
145
565
639
640
380
2655
7022
136
206
397
7564
2974
5644
6228
7569
340
929
5913
6230
1328
2670
2701
3820
192
719
5267
3102
3674
4031
4766
296
446
573
5350
1812
5041
5646
8194
2925
5877
6502
75
6368
45
75
499
5554
5369
5458
5459
5710
261
487
621
6868
156
200
4962
6830
2222
2475
2574
8398
942
1276
1772
7094
397
608
623
5257
84
197
372
1553
374
4941
5887
7844
101
190
571
733
3959
6594
6595
90
301
323
372
1709
7065
7770
274
475
749
5362
283
479
605
274
316
536
748
223
261
487
77
1404
1754
6726
3534
3708
4194
6365
51
412
652
4366
101
458
505
47
74
756
5301
268
346
324
346
512
526
57
151
558
4690
71
153
332
590
54
351
713
1147
1330
7180
7942
143
3040
4836
7048
74
141
4301
2578
7357
7504
7523
2499
6696
6720
501
638
4621
1099
1648
1908
275
2900
7438
7631
1307
3303
3965
7161
118
224
2640
2415
5212
8105
885
1139
2374
8411
1744
2095
4663
5484
239
339
521
634
2744
2991
5172
8182
2717
3115
7013
7068
112
511
731
7522
4161
4759
7028
7771
425
864
4382
5352
371
663
5157
574
2024
4461
8365
673
761
4182
6278
410
4299
113
467
2322
2768
5012
6024
183
2845
4609
1821
2687
2867
5542
249
323
749
6985
1265
1337
2850
7009
3281
7575
7576
8259
1229
1463
5742
7634
93
4989
7208
8370
376
492
3854
2093
6465
6480
7371
438
4938
1540
3622
4698
7694
3488
6237
7150
7287
392
507
514
700
350
475
5296
1386
2118
2505
3565
334
418
419
549
628
2924
2657
2705
2716
1944
1989
5111
7113
874
1921
7274
7830
911
4226
4298
1416
5789
6594
6613
1711
1992
2733
2787
2313
2315
5116
7795
382
5452
1485
3278
3849
7426
174
431
640
1852
111
6227
8055
8175
1090
3169
4479
7985
111
5187
8160
8175
820
1314
3394
4458
1563
1724
5849
7698
118
139
445
602
7813
1169
1732
371
704
724
499
151
309
4656
5902
2098
2900
8427
8459
146
2126
3360
7216
1453
1550
7657
8293
5232
5731
1411
2328
2540
7471
578
584
706
2460
262
325
714
4334
336
638
691
5481
232
2014
3907
4907
2516
2530
6884
349
514
700
2262
2587
3722
8280
2228
8246
8247
8440
241
363
444
500
1863
5172
6721
8325
558
702
4323
5351
2171
3979
3980
8389
2765
2919
6070
6264
1396
2225
6679
7573
766
1673
2444
5221
227
7062
7399
8211
302
449
474
217
1410
3488
7288
696
3376
3552
432
951
188
314
676
4584
285
328
554
1860
5439
6212
6503
1711
2757
6013
147
992
1883
3395
148
168
5368
1699
3359
4409
160
1504
3325
699
3682
5215
151
558
6838
6858
1568
6091
7712
315
173
634
698
5025
290
601
1199
2532
4031
4972
7070
176
347
509
539
1596
3913
7848
162
181
182
1560
1973
3253
7621
5433
5478
6192
7433
5149
6262
8195
4647
5796
6426
8287
648
4267
5948
168
171
4300
8404
2884
5612
8024
8035
284
940
7003
7426
246
1362
2207
2243
250
427
699
5407
640
2003
3776
6854
7858
8445
4885
7709
7710
174
755
5265
189
2922
6831
7859
459
494
706
447
694
1714
2141
4503
6567
712
5079
6605
2590
6791
6847
7772
2874
4209
4992
6142
1566
3152
4710
5889
234
660
745
4244
270
301
4932
301
372
670
920
6277
8191
1504
1926
1970
2321
1499
3812
6036
7325
190
193
683
2356
617
1437
3360
5004
555
756
5322
849
2722
6020
218
470
2724
4158
6101
7054
584
734
4645
194
571
732
479
499
2562
1256
2595
7687
8109
4196
7100
7928
203
206
670
207
691
697
4973
257
419
696
2545
358
2922
7861
2553
3853
6932
8449
220
758
4115
4218
376
474
5260
508
1418
6228
6270
4539
5505
6620
7759
623
2614
268
456
692
1655
3906
4209
2134
2199
7353
8390
2182
2242
3516
4039
216
224
446
2793
674
3737
5158
5970
508
1077
1445
5192
2309
3795
7109
2283
2560
7264
7973
229
496
3862
1933
7150
8085
382
694
4733
1933
1987
7286
7401
6736
8039
922
1588
5386
8061
4956
5138
7475
8285
267
277
7498
496
4378
1792
2119
3359
5768
1849
1873
6105
8311
2716
4153
6004
479
296
714
3861
444
445
500
602
268
314
654
3186
1109
3871
7066
367
3909
6188
6512
389
400
488
1441
2277
4169
8202
245
260
419
483
310
558
702
8321
647
3600
4679
8221
663
724
3824
5631
6177
6672
7907
538
704
5247
1251
2101
3381
3561
1809
2937
3267
7662
1303
2531
6394
7090
378
549
5606
2797
3080
5575
520
1408
2217
7761
1764
4589
5624
5625
270
535
759
515
715
760
3953
4493
5072
5089
2626
3258
4265
7529
990
2487
5521
6525
278
2675
4972
7020
770
3048
4984
6102
406
4153
6004
6432
260
385
701
3364
6127
6220
1253
4683
5041
6816
426
4261
388
4242
428
644
727
1982
2979
4115
5194
606
2394
6204
6499
408
2504
2883
4017
4961
6063
7865
7869
683
722
4688
493
1173
3532
6357
387
5423
1929
1958
2441
7425
2291
2323
3348
5276
426
434
483
7694
1710
5115
1702
1708
3345
425
1698
1917
296
573
5836
3937
4750
4770
354
2104
5055
8424
1252
1253
5041
6654
463
2837
7101
7892
1566
1621
5816
7837
330
732
1757
3568
5634
550
756
3458
457
892
3119
7997
423
821
1046
300
482
678
1278
1932
3345
7432
7988
590
650
660
2939
5138
6011
8310
867
2742
4904
4958
394
2533
3894
798
7962
2846
3053
7630
8192
318
3673
3895
6913
7078
2677
2964
6128
6136
396
2030
583
2377
4280
5387
434
6806
7044
330
621
316
473
744
5289
2908
3010
7831
8168
2859
3284
4120
8121
421
735
2828
4080
360
450
456
2591
315
316
536
638
691
4554
526
583
659
5310
758
2999
3036
5065
720
1756
4027
5682
756
3160
473
3483
4654
1008
5433
5441
7433
714
722
4867
814
3670
5815
8434
2890
4013
5028
7987
2940
5956
6130
6252
796
1911
4012
8192
475
6098
450
5038
496
5266
4212
7144
7386
335
410
526
4328
351
370
1407
548
928
4059
8349
487
605
1290
1616
347
663
7548
1697
1766
5010
8021
355
527
4290
368
484
5021
355
360
4620
2306
4504
6637
7447
4176
7203
8023
8119
539
663
5370
2876
4926
5148
433
603
609
630
359
517
1958
7025
1763
4324
6352
8214
1329
1744
2515
7665
3669
5880
7081
8089
410
6841
712
7547
6267
7366
7962
465
7688
492
744
4669
652
2243
1657
3901
3903
4756
1687
3390
4431
1668
1685
7512
418
465
739
1955
6279
7319
547
793
4116
8154
2921
4950
7850
3871
4907
7063
465
688
5886
5998
551
560
1370
5922
538
2642
5825
4942
6046
6125
8430
2740
2810
3808
5174
1570
3886
7164
8458
1593
1664
6151
482
611
678
3492
4898
6986
383
468
533
731
4312
6930
389
400
412
414
2711
426
434
2529
5401
378
483
646
2148
3972
7992
492
5240
1958
3670
7022
7278
3670
1707
2780
3040
3927
458
491
398
498
4624
771
789
1300
2666
426
1540
4276
786
7131
7134
7185
535
1082
5282
573
4674
7638
604
4206
404
2718
6889
2290
2970
4146
5169
659
4309
7748
2921
6263
6832
8407
544
1568
2441
2362
4239
5513
7183
5208
7350
7945
449
481
652
5398
2513
2764
6439
630
5430
1004
2382
4983
8338
2038
3287
4165
6657
6129
7104
7303
8264
2750
460
3507
3530
6172
3041
3109
4101
1018
1518
2295
4283
1823
6137
6248
1164
4237
7281
7978
713
1894
1908
3516
7565
484
5298
926
3671
3879
4750
484
611
5751
1781
4128
5442
8121
1656
4977
2833
4784
6184
6573
502
1538
7693
1402
4811
6130
8169
1069
2139
7909
5270
6232
6259
8115
860
1244
6471
498
650
1523
4127
7365
578
584
5292
662
714
2574
2911
3809
5694
7913
3912
4863
5093
447
644
662
719
7783
488
587
5581
474
2107
3422
4636
6971
587
671
3825
5910
5207
5246
6318
3146
4937
1561
1988
6159
6224
8053
695
1904
3470
6695
1128
1666
1934
5511
1004
1654
2729
6088
4333
7367
2449
7364
2743
4906
470
5294
668
2320
4142
8119
2912
5474
512
688
733
1689
3327
5119
1601
4545
7508
8148
470
662
683
722
1098
1547
3721
4559
3062
6348
6350
7894
691
3439
3401
4162
4979
4840
6901
500
698
4739
1117
2035
7257
587
671
730
4254
1215
3281
4534
7250
1142
6018
7148
1945
2278
3366
3943
2589
4336
4741
5363
6255
505
498
3234
4935
2509
3756
8250
8417
4520
473
486
506
7786
1331
1425
2668
3336
501
4725
748
835
4062
5345
7120
920
7315
7323
8191
1107
2536
5416
7514
2523
2861
6480
7371
8165
604
650
660
583
3453
6871
713
561
1173
7896
7908
492
744
3454
6873
745
4714
1109
2981
1874
4999
755
4716
5451
4188
6321
6401
602
719
4642
1919
2938
6225
6226
627
1462
5597
7375
571
4523
506
5455
506
638
4588
1417
1421
3219
5570
4124
4996
5921
7091
4731
549
512
659
3627
6225
7302
545
2448
6356
3206
3208
3471
6608
538
671
1242
2541
2382
2730
4060
7876
1092
3634
521
545
1370
2195
6226
7186
8330
1929
4967
4969
867
4063
5046
6382
989
1834
6540
7461
2240
3242
5608
560
578
4303
6066
7236
7237
963
1813
2401
5762
2155
2881
4129
8123
4100
5912
7056
8087
4497
696
5598
686
783
2793
6973
658
1896
2088
3990
1043
2355
6878
6960
2940
3742
4186
4187
1275
2801
2982
6310
554
5217
5703
2583
2612
6684
6880
6337
7098
1753
5942
5231
6000
6006
740
545
4374
2694
4635
6765
7538
654
702
1461
4091
4233
5024
6270
8143
1409
1641
7590
7598
3872
6091
7022
760
2118
2395
3565
1716
4006
6346
1739
3319
5472
5337
554
555
2542
2222
6934
8406
1014
1357
5103
2238
3068
6611
6642
5315
3689
4243
4611
5015
5125
7179
862
4015
7873
8040
2254
2464
3866
8236
2351
2460
3532
4720
6280
816
1686
5470
7047
589
2153
4089
5001
2197
3950
4119
6555
644
734
5373
2485
4082
5663
8451
828
1578
2007
6338
1113
1356
2162
5558
1778
5163
7962
7964
2645
3296
7092
7248
625
678
4687
5259
7515
5614
6173
8366
1397
3910
1005
1468
2831
4499
1148
4176
5193
8119
634
2643
2830
3291
6158
742
3974
6124
6140
1417
2052
2485
8452
1236
1688
2733
8038
592
746
653
1536
4641
7411
1696
2112
2751
3400
609
4387
4429
6482
7675
1312
4994
7468
661
5331
949
4740
6543
659
3683
3752
1095
1695
1791
3295
1317
1770
2902
3282
2260
2406
3784
5464
1478
2684
3249
6201
1651
6039
6865
7848
945
1771
2852
5578
805
1853
4084
7944
1480
4604
5652
8356
731
745
5358
5239
625
7342
7721
652
1362
757
1471
910
1860
2090
1939
4157
6324
7895
893
4883
2367
4347
956
1085
2155
5517
625
5750
813
2185
3929
7994
1975
7100
7297
7928
2264
3640
5746
7539
2782
2787
2788
3962
1762
2932
5168
7309
2877
6168
8122
726
862
1808
7873
8068
1787
2111
5528
6567
2213
1296
1471
2523
2682
648
3652
2123
6532
6540
8007
630
2876
3343
7055
8326
1398
7371
7427
7244
1985
2286
3129
6014
5222
1399
8004
3041
3128
4355
6085
646
3972
5162
8119
5482
1664
1649
2786
4986
7870
838
4205
7789
8235
699
746
8406
5925
820
2053
3783
7487
1029
3348
3829
5843
5934
5935
7297
7304
4638
1053
2478
6899
8390
668
4016
1205
4681
5771
670
4289
1739
1765
3073
3319
6362
3081
3494
5585
5636
6143
6241
7412
676
697
794
2360
4441
7388
1872
2729
2757
8173
687
2344
6196
7513
1760
1781
4020
4345
712
5385
5556
986
2365
5676
1093
1689
3360
5004
712
3241
4718
959
1601
4566
5087
788
5150
674
1586
6017
7969
5379
740
684
1981
4997
7301
4145
8162
2499
2945
3472
6720
4842
4963
1151
7171
7310
7324
5479
1970
4019
5145
8195
2659
3781
4891
999
7470
8067
1809
4033
4429
7418
7779
703
5018
7943
1669
4163
7119
782
3862
6781
2536
7424
700
4917
889
1355
5759
6470
4123
4528
7249
8114
4058
6142
7163
1045
2513
2807
5641
755
1773
1041
6699
8324
701
702
5491
704
724
715
5309
3550
5256
5142
6021
6022
4241
3778
4709
5888
719
7785
902
905
5628
8405
5125
5205
6161
6319
1921
4831
7825
7830
1982
4012
8131
8198
1981
2988
6131
7303
5576
2006
3680
1998
3924
5053
5413
1024
1058
2873
5085
767
1916
2882
4069
741
2744
4225
2990
3535
4720
6322
4838
897
1250
4516
6762
4753
2446
3156
6775
6855
4773
6190
7887
734
2475
795
2043
8103
1800
2855
5422
6681
731
745
4364
5789
7194
746
912
7459
8229
3771
5492
7503
8267
964
2928
5915
7925
3678
3679
3690
6108
5683
6329
7625
2187
4363
2991
5682
8130
4119
5053
5471
3521
4184
6727
7863
748
6934
2906
4145
7153
8163
1569
759
5896
5016
5237
7162
8201
753
2906
8159
8163
2953
6134
7135
7184
5176
2476
5922
5950
6772
1470
7497
6000
6736
4354
4796
1017
5621
6306
6835
5156
5449
8197
8279
1580
2880
5059
6214
1866
2007
3941
6431
769
1943
3119
4957
4808
6016
7124
772
1943
3946
1203
2180
4786
7855
892
2929
3946
1598
7141
7956
2661
4858
7568
1048
2917
2996
7930
8279
1418
5192
8141
8317
1632
6234
8407
8437
1111
3864
4219
7678
1441
3051
3061
6355
779
784
4438
4855
789
3965
7479
2846
5174
8039
1878
1880
4641
6143
4633
7518
7645
4633
4712
7801
789
1511
2888
1425
2328
3336
3392
1721
2246
3230
5154
7908
1672
1895
2320
3235
800
2823
2920
7927
869
6521
7455
7728
2528
3985
4418
7669
6138
6346
6347
917
1089
7884
5139
5446
882
921
2245
5201
2037
7964
3933
4031
6087
6837
5000
5163
8156
1707
7886
8219
8312
846
7928
2980
3543
4175
7129
846
3051
2692
5197
7601
815
962
3326
7221
841
1796
3753
6624
1183
4454
4483
7824
2193
6356
7547
7725
6258
8359
8444
5926
5929
7506
7950
1003
1951
7113
8037
4116
4853
5919
2703
4966
8435
1795
7220
7646
1388
2014
2019
5064
5728
7409
8424
1264
4658
5756
6153
3930
5812
6107
8115
860
5858
860
1047
5858
837
2016
4197
826
5812
6259
7861
872
1631
3037
5134
1665
1872
3945
6013
2027
3037
6827
834
4303
6071
7211
4166
6744
7337
837
1779
3254
1442
1456
6439
1288
1424
4601
5179
833
2027
6080
7209
834
2794
5349
2795
7209
1559
3045
8215
3920
6010
2015
2502
926
1555
1622
3873
4356
4810
1328
1430
1780
1952
1493
4652
4751
847
850
1953
4375
1235
2939
7276
1467
2061
2065
5671
847
850
1429
7619
2969
3049
1542
1234
4384
8149
8150
2054
7731
3784
5498
6544
7494
871
4101
4365
6085
3903
4953
6233
6393
7294
7790
2462
3724
4652
6466
3520
3531
5593
8240
988
1481
2307
4170
1195
2804
3489
6918
7707
4458
896
5918
7294
7296
1639
7166
1953
2054
2508
2905
2754
2936
7365
868
2802
3544
6100
1198
4482
5293
6544
2754
4382
3547
6437
7707
877
2899
5523
897
898
6771
7176
5883
6983
8235
2027
2783
8436
2117
2690
3978
5450
988
1583
1999
1344
5620
6688
6690
3665
3907
4977
7867
3393
5911
7728
3586
5808
6688
6810
3299
4849
5872
6464
893
1487
2624
7057
966
4432
7931
8207
1306
1500
2133
1429
1542
1776
2635
939
2314
3726
4482
1060
1189
2636
3060
6267
7890
1188
2515
4628
5487
1221
2629
3822
6793
4441
4673
6582
921
1500
2056
7010
1437
1438
1916
2280
2154
6477
1729
7744
1829
2341
5357
1595
3078
7293
941
1782
2320
2644
6779
1020
2188
5512
1027
1496
2353
8355
901
4400
5508
7653
2107
2403
2575
6484
6914
7704
905
1283
1334
6659
905
6914
7700
8388
1324
1001
2300
4407
6630
1467
2061
4903
5800
2834
3328
6631
8258
3052
5921
5936
4450
6207
7433
1192
1202
917
1089
3609
3307
5429
7632
996
7206
7403
7408
1873
4865
5723
6230
918
3299
7127
4441
8010
2818
8410
2796
6501
2177
2432
923
2068
924
7055
8334
1574
4792
7051
1376
4386
5054
1907
2177
7171
7310
2658
3880
2303
4236
4683
6918
933
1522
5472
1873
3299
6464
1048
3946
5472
6508
1166
1746
1948
1168
1961
3473
5655
1048
1536
2971
3975
4098
5872
7247
1438
3976
4059
7217
2777
3274
4199
1752
4439
6152
1186
1804
7269
8365
1775
2058
3567
1485
1675
3568
4142
6347
7294
1687
5095
5418
3295
7228
7851
8230
2000
2919
4989
8107
2298
5087
5436
1142
5062
7101
7940
1482
4528
4596
8142
1267
1346
3729
6779
5509
1219
2058
5464
7483
2449
4732
7782
1906
5654
5871
8282
2284
2865
7199
7509
1250
3618
6998
7388
3156
4522
5572
6775
2136
2881
5411
2042
4997
7259
8105
2419
5966
7958
8161
4076
5085
7446
3309
3985
7793
8193
2823
5165
5449
8084
1023
4483
5483
2411
2412
6526
2936
3070
5128
2108
3416
5518
7523
1369
5478
6202
2609
2931
7414
8425
3233
5106
6206
6564
3309
3312
4420
7265
3418
5633
6480
8204
5208
5209
7091
7150
1531
2259
3562
5769
2305
2806
5212
1341
1865
5129
5225
1059
6119
6245
7574
1897
2092
3042
5448
1247
2204
3353
5526
3481
4494
6594
6613
1961
4536
4593
5097
3054
4006
4789
7912
4069
6476
8118
8126
4086
5105
7460
3315
3599
4443
4655
1066
4541
8254
8268
1094
2384
4095
5042
2785
7400
2720
2943
3343
8106
1483
2266
2017
2167
6532
1075
5519
6599
2575
6197
7354
7653
1660
3325
5726
1374
3317
3356
7663
1594
1776
2329
3014
2089
4084
7195
8248
5429
5675
7404
1457
3368
6522
7476
1079
1191
3441
7269
2009
3002
1573
3312
8041
8401
4035
4535
6304
3073
6187
7289
7990
3940
4985
6013
3331
7959
4037
4490
5071
1895
2736
4109
8126
1031
1787
3503
7486
6212
7441
7452
1084
5346
6857
6944
1896
2088
5578
8308
2307
1829
3355
4086
7280
2342
6539
7224
7280
2192
4406
1692
2311
4541
4552
1385
3405
6444
6548
2448
3540
3681
4217
4539
7530
4746
6435
6796
7671
2032
2526
2627
1423
3501
7606
2121
2522
3600
3731
7389
7672
7824
1806
3408
7195
1120
3063
6596
8384
3184
6640
6906
7394
2354
2404
3863
2192
5103
5357
2291
3394
5911
1321
6670
7485
8344
1721
2858
6667
7822
1535
5995
6767
7361
2111
4460
4500
6567
3711
7137
7622
1050
1239
7398
7452
1238
1352
2204
7757
1503
5200
5689
6727
1311
4097
6185
7492
1389
1401
6119
7902
1900
3714
5069
1274
2687
4129
7189
1279
4230
5593
1049
2831
5071
6630
2508
2764
7110
1047
6545
1063
2520
6242
1804
2141
6629
5857
6500
7440
2375
3640
5793
7539
2367
5823
6635
7342
1153
7391
7392
1663
1842
6205
8429
1078
1855
2005
2275
1842
6205
6213
2034
2342
5074
6538
1720
7897
8396
1965
4022
6592
1139
2537
6195
1322
3382
5332
7723
2295
3869
4539
3791
6543
2190
2815
2826
5196
5521
5543
6525
7764
1502
6665
8257
3390
4387
6208
7220
3153
3983
6566
7903
2093
6118
7175
4461
4570
5565
7492
2941
3162
3224
7283
1270
1334
4558
6679
1798
6855
6900
7391
1690
1694
1723
8298
1455
2487
2540
1185
4095
5075
8065
1968
2082
7300
2016
2952
1080
3430
3443
1083
1790
8027
2446
5462
5903
6523
3723
6947
7098
1190
4037
7269
1461
4144
4738
1094
1826
2125
1100
1747
3954
8050
1886
3487
5669
7977
1529
2232
3619
3632
6998
7909
2597
3504
7530
3157
5340
7724
7764
4581
5752
7688
2126
2881
5421
2136
3508
3327
5077
8230
4933
5602
5623
7268
1119
3722
4574
7787
1141
1722
7501
1159
7566
2085
4927
8047
2282
5371
7266
8305
2221
2256
3448
5626
2506
3661
6651
7587
1279
2802
3544
8240
3369
3595
2423
4651
6589
6649
3864
4639
1915
1950
5635
8113
2960
3015
4067
7920
8312
8314
2514
4628
4639
2471
2489
7541
8284
3566
6799
7516
1612
5585
6818
7702
1226
2427
3720
4696
2261
4742
5376
7617
3296
5013
7248
1629
2311
4552
6618
2262
4573
8322
5540
7504
8345
1801
2196
3501
2422
2566
6163
8265
2083
4446
7824
8231
2542
4555
5608
7559
1772
5729
7094
7409
2258
2612
6809
8247
4504
5089
8020
8022
3208
4503
6629
1802
2059
4581
5752
5793
7655
2119
3323
4413
5418
4124
5062
5446
8103
2623
3158
4846
5899
4229
5405
6479
6927
2437
3549
3635
4764
1211
2480
3386
5587
1543
4213
4572
6715
2235
2454
3811
6255
2383
7214
2482
2492
3455
3679
2491
4559
8226
1206
7883
4226
7814
4339
7478
7993
3997
5789
6168
6244
1498
3104
3385
8257
4376
5011
8347
2999
3543
5068
2828
3295
3297
7413
2301
3497
4610
5693
3062
5972
6325
2186
5518
6772
7521
2220
3436
7395
3397
4408
4427
6494
2856
6370
7633
8380
1798
2178
3636
6906
2046
2317
5665
8199
1442
1574
1577
7116
1648
4040
6698
4524
5861
5920
6966
2480
4036
4403
7542
2065
2500
3517
4699
1591
3476
6713
8046
4202
5646
5923
1704
3345
7378
8155
4813
5467
6302
1390
1755
5280
7871
1957
4593
7603
1539
3800
6224
2235
3476
4553
5392
1896
3497
7273
8171
5154
6357
5154
6313
2767
6156
7012
7016
3003
3408
5931
7143
3007
3539
3814
6931
1792
3362
5754
7215
2113
4428
6210
6497
1845
2040
6537
8060
2113
2126
7217
7351
5125
5245
5657
6028
2360
2412
6195
6196
4080
7459
8231
1348
6627
8029
8443
1186
4784
8028
1190
4095
3387
4046
6771
8448
1189
5483
5760
4628
8411
3508
7421
2865
4010
8365
1734
2048
6358
1232
1539
5685
8160
1195
3783
5911
7487
1198
3393
4944
6125
7277
7846
4759
6231
7028
1321
3783
2142
5358
6362
1656
3664
4815
8238
1418
3407
6164
8319
1737
4226
6030
1944
7915
8037
2383
3870
4530
7673
2399
5488
8012
6022
7943
2325
3392
5547
5940
2467
5821
5982
7649
3639
3855
4876
6822
4406
6453
6647
6886
2288
4403
4542
1266
1468
2860
4513
1351
4507
5547
7471
1249
4460
5490
8064
3182
5044
6668
2134
3237
3241
7547
1260
1784
4511
1428
2349
3417
6602
2260
3335
3759
1644
3526
5895
5897
1347
1350
3823
4143
4832
5916
8374
2100
3476
4561
5652
2689
4712
4713
6371
1469
2452
3419
7361
2529
6300
6806
2417
6807
6928
6949
1533
2581
3340
6676
1393
3305
6808
2493
3514
5361
5949
2248
3160
3186
6750
7231
7232
8138
1688
4066
7145
8040
2030
4339
2723
6011
2092
4066
8314
2062
7449
7672
7824
1247
4488
4410
4430
1361
2527
4458
4459
2078
3285
5124
5475
2642
7522
7743
1834
4450
5082
5478
6194
7488
3343
5390
1280
1291
1840
6186
1856
1575
1576
7901
8252
1788
2748
8060
2334
7474
4453
6869
7042
1812
7258
8286
2413
6918
1544
5741
5979
7752
5121
5456
8228
8230
3560
3348
5843
6530
6796
5859
7455
8029
8461
2159
3758
5779
3832
8452
2050
2349
6601
1358
3335
5940
7881
1409
3794
4572
4580
2161
7149
2755
3437
6485
2094
4472
7633
1313
1380
4507
2451
3589
6780
7526
1520
2230
6299
7736
5787
6633
8354
4694
5794
7803
8249
2433
2767
5013
8058
1687
3977
4431
5767
1821
3412
5442
1441
1978
5158
1668
1847
4429
1605
3658
4165
4171
2377
2450
7336
2102
8306
5721
6512
7126
2430
2482
5618
7586
1287
5527
6433
6559
4582
5668
6694
2038
2305
2468
8303
1337
1606
5648
6826
1607
5674
6491
7703
4392
5333
5391
1422
2064
4563
1472
2493
6819
6962
2673
5815
1655
2129
4064
1309
1858
3973
4923
5034
6079
6127
8067
1900
4850
5014
8346
2543
3793
5551
5552
2551
2553
7481
2689
4288
6458
6969
2655
3770
2730
4982
5002
6135
2034
2776
3235
2860
6571
6574
8443
2567
2615
2779
7825
1506
2056
5094
1839
3013
4811
7625
1745
5203
5277
5281
1424
6714
7052
1308
4477
4855
1431
1446
5463
2034
7568
8076
3088
3954
6619
8050
4461
7493
8073
1777
6183
7196
2325
5547
6764
1319
1364
2055
2062
4446
7465
8442
2558
2576
2680
5776
2394
4878
6204
1319
1363
2556
2576
5776
6543
4820
4895
4980
5865
6544
2573
3417
3718
2216
4754
5750
7721
5645
5668
8260
2112
3934
4968
8238
1470
3423
3793
7723
4440
5995
6767
6793
2895
3423
2095
2517
5954
5045
8243
2700
3820
7756
1345
2055
2324
3726
2251
2506
3775
7608
2340
5787
2373
2407
2465
5762
3121
3290
6582
7671
4596
6682
3400
3888
6136
7868
1378
1380
3790
5733
1343
2860
4052
4513
2717
8174
8212
2863
3461
4541
6566
1785
5524
6529
3485
3586
4700
1351
1358
1364
1354
1355
5529
1387
2184
5571
5735
5859
8450
1432
3329
6184
8442
3614
3734
3790
2324
5546
2573
6602
3571
5732
5995
7645
3426
4521
6764
3729
7677
2333
3821
4675
2169
4406
5841
5545
5547
1361
3126
5546
7677
5073
7225
8074
8347
1364
2330
4206
6362
1364
3845
5545
1369
8207
5108
5824
5826
2357
5821
6518
6970
6164
6678
7188
7249
6213
8206
2006
6359
3857
5985
6926
8453
3865
6203
7803
7804
5450
3307
5104
2230
3487
5669
8305
7105
7435
1379
4071
5548
5615
1387
1786
2033
1382
1786
2205
1382
6779
3638
4706
4708
6825
4023
6771
5856
6490
6710
7980
4640
7016
1431
2341
3787
7076
7448
2708
3790
1703
2018
5235
3478
5742
8013
3529
4183
6515
3879
3880
7077
2634
2861
3590
5514
3425
5742
8111
2984
6002
1566
2712
3161
7836
2340
2524
6254
4817
6834
7277
6193
6197
7653
3096
6862
6865
1427
2833
3971
8008
2634
4499
8015
2940
4140
6043
7026
7115
7117
7716
4569
6277
8182
1530
1723
2249
5535
1890
2362
4607
8271
1521
2243
2263
1541
2240
3694
3262
4591
5149
6238
7255
2203
2324
7473
2542
3263
5608
5703
2100
2251
4606
6691
2670
2698
2713
6897
3434
5839
6800
7782
3997
4120
6145
3226
5521
5024
5799
6709
7697
8246
3998
6672
7903
7907
1507
4510
5505
3723
5400
6852
1801
2181
2064
2133
1558
1775
4862
5687
5976
7275
1432
6184
6441
4456
4481
7517
1742
7734
2184
2670
7520
3303
1434
6533
1783
2701
3417
4456
3329
5391
6441
2140
5710
6576
8443
2669
2697
2698
6525
2971
4059
1677
3974
1506
2061
2133
4901
1833
4814
6033
7826
8152
1556
7084
1549
2503
4475
7657
2224
2511
7760
8336
1762
1966
2932
1457
6549
1549
2326
2546
7528
1478
1830
3207
6201
3169
4051
4385
4544
1473
6199
6663
8245
1453
3579
6648
7550
3488
4139
5213
7104
4651
6607
1969
2968
4145
4168
4046
5735
6627
1577
2764
6550
7477
1462
1465
6479
6614
2202
3334
4255
7641
2638
4757
5747
6335
5351
8337
2364
2835
1465
6614
6808
3594
4845
5626
6857
1466
1509
2835
3478
8276
2958
4315
2634
5514
5560
7356
7382
4716
8395
6873
7497
5846
5943
7502
3301
4426
6706
2607
6688
7564
7744
2626
3065
5609
7395
3329
6184
6441
8446
2196
3203
4508
4544
1492
4051
4476
4542
8011
8015
1591
2456
3761
1855
2005
5210
3591
6682
7249
1734
2048
3275
1855
5958
3559
5426
1491
2390
3256
7650
1728
1729
1730
1489
2376
4549
7524
2472
6488
8355
2276
5306
7160
3592
3863
8355
3169
3207
6671
2255
5599
7681
1734
1743
2265
6951
5662
6175
7198
8347
2354
4647
6488
1715
3477
5587
6792
1502
1505
4724
2799
2907
4138
1506
5847
5176
8136
1508
5604
2316
2955
3174
6137
8195
3124
3553
5601
2057
2165
2236
4571
2625
5601
8315
1510
6485
7251
3181
3486
5643
2667
5520
6636
4508
6706
7606
8324
2321
2851
6669
7131
1520
3524
6311
8184
1887
3442
6121
7531
1517
4081
5300
2273
2274
4511
4081
4217
4385
2273
2684
6671
7485
1539
7232
2207
3234
7358
1525
3605
5912
1524
3234
3241
2207
3237
6362
1536
4703
5729
1529
3399
4697
7543
4564
5947
6489
6916
2586
4701
7692
8261
2073
3764
4479
4543
6940
2105
2226
7002
1534
2076
2244
5781
4229
5404
8291
2073
2074
7741
2398
2452
4752
6239
1906
2282
2812
3487
3623
4588
7556
6312
2346
6870
2224
2626
5609
4371
2296
3923
5538
3526
5897
8078
2327
3460
7584
8288
2410
2631
4693
6397
2339
2486
3371
1549
1550
6611
8294
1551
2951
6642
2511
4475
6588
1884
7569
7980
8277
5943
6930
7698
7001
7281
7960
7971
4205
7033
1571
7089
1686
3103
6073
7068
2058
5940
6763
1868
5271
8147
1563
1724
6947
1614
3902
5132
6059
7119
6108
6930
1569
5942
6848
7585
1621
3130
7835
7031
1753
2256
5538
5845
3876
3894
4798
6098
3908
4381
7165
1574
2068
2889
4432
8207
2445
7714
2834
3580
4724
7902
8013
8275
7115
7117
1866
6351
7332
3738
4534
5044
7507
2113
2821
4417
3922
6266
1705
1710
4078
5896
1833
1923
2048
1585
3465
4606
6691
3702
3771
6713
2277
5158
7304
4865
5382
5386
7055
3908
7432
8155
1590
2456
4604
6686
3705
5672
7014
5652
7967
3287
6976
8263
8266
4424
6148
1779
2635
2011
3926
5236
3093
4962
6057
1885
3805
4233
5644
3398
4618
7855
1605
4171
5596
7981
3965
4478
4744
7479
2278
2891
1749
2869
2880
5475
3490
4727
5788
6826
1649
3886
4408
4416
5648
7706
4233
4608
7252
3511
3625
7701
1609
1613
3625
7610
1610
3496
7701
1618
5649
7999
4848
5874
5921
1618
5636
6815
1618
7609
7702
3901
7813
1741
4815
8006
3846
7058
1657
2045
4758
4888
3499
5813
5888
4107
5454
7839
7877
5889
7070
5883
6890
1625
1900
2049
6695
4889
6988
7838
2270
5028
7984
1628
5889
7073
3781
4938
7838
3899
4710
7815
1630
1903
6121
2182
3799
7565
4911
6107
6398
4955
7028
1643
3519
6651
7615
3152
5887
7934
3114
4101
7789
8235
3906
5348
6186
8036
2726
4787
4949
1640
2268
5262
7086
1696
2751
3886
1870
1879
4978
1642
2339
3466
3459
5951
8233
5376
7617
8233
1652
7511
8080
3903
4760
4953
1963
2756
6073
7029
2662
4758
4890
6702
1696
3397
1830
3206
4407
6665
6047
6830
5895
6482
7422
3285
3925
5475
8205
2171
3338
6102
2918
6186
3665
4968
2702
4785
2084
2429
2693
4066
6229
8092
8097
8098
6802
7991
8317
2665
4160
7038
2674
6862
2157
5477
5924
3887
3909
3935
7049
7338
2300
5614
6629
7966
6482
7422
4164
5132
5001
5002
5112
5924
3225
3977
5767
6240
2752
5165
7296
3016
4772
4773
4995
6141
2259
7004
8109
2113
5411
6214
7351
2151
2882
6140
1758
3316
5058
7422
1704
2075
7378
8057
2433
4880
8058
1716
1960
2791
3802
1945
3943
7204
8251
1769
2561
2970
7302
5016
6028
7955
8201
3213
7094
8424
7865
7869
2119
4015
5050
5421
7419
6665
7985
8315
4489
6199
7198
8243
1694
1736
6665
4515
6155
2249
6697
6613
7190
7415
3889
2737
5043
8024
1996
2029
3360
5768
6240
5366
6241
6244
8116
1704
7668
8002
8255
7105
7988
2014
7866
7867
5431
5844
5845
7596
1870
1879
2840
4992
2734
3667
5052
5431
7436
4005
7125
1753
3604
1951
7048
1826
2125
5565
7505
2287
3717
4177
5044
1785
3617
4082
3386
5907
6180
3056
7914
2755
2850
6169
8425
1964
2245
3159
6714
1982
2826
2979
7168
2873
4118
5444
2272
7135
3706
7612
7696
4479
4589
5944
5948
1727
4579
5944
7563
1730
4699
7599
7695
2583
2610
3469
2612
5808
6810
2607
3652
2500
2610
2606
2613
7562
7698
2310
3800
4220
1774
1940
5278
2735
5080
7289
7384
8421
1830
1887
7531
4866
1945
2463
5084
5086
4886
8043
7147
7286
7930
8197
3934
6150
8238
2308
5202
5834
2735
2777
5483
7832
3842
5371
7266
2947
3850
4505
2242
3472
4009
2725
6135
7872
2749
2872
2878
2691
6494
7205
3118
7053
7769
3978
7370
8290
5901
2845
5371
6725
1756
3529
7181
2746
6722
2072
4388
7752
4383
5055
5064
2010
3926
4788
7097
2279
4128
5412
1771
2865
3443
5565
5195
5424
3002
3048
7141
6180
6610
8315
2129
5083
6383
4566
5084
7446
3990
5010
5076
8179
2953
6133
7168
7819
6268
6270
8139
3315
5469
7389
2284
8308
4660
5409
1780
3423
4733
1973
2314
8419
6275
7735
3951
5008
5434
1980
2754
7366
2329
7717
1852
1889
1821
5542
4109
4116
5919
2543
2668
3820
2274
3369
4510
4052
6627
2672
4071
4503
5511
2111
2888
4438
3293
4596
5648
8143
2147
3508
3959
4494
5077
7849
7419
7464
1810
3004
3047
6924
3908
4421
7167
8155
4483
4629
6997
2489
3064
6466
2973
4038
6122
7026
3375
5462
2831
4514
7193
8011
2663
5513
6164
4049
4433
3403
5121
6506
6573
5614
6562
2732
3949
2760
2886
6585
1949
4044
5205
6734
4058
4411
6190
2528
5095
1811
4862
5686
1861
1971
3814
3658
6657
2373
2412
7513
5405
5425
6654
7258
2564
2568
7680
7806
2402
3278
3279
3561
3851
7796
7798
2836
3353
6524
7730
3078
3926
4782
1868
4993
5223
8212
7202
1928
2315
6322
7318
4016
7992
8084
1845
2748
6375
7479
3317
4463
4878
5713
2147
2686
2167
5078
6532
7463
3329
4405
5465
8462
6560
7607
2809
3346
4467
5441
3967
7141
7142
7956
3013
6031
6202
7468
2898
4077
5001
8206
2997
6346
1843
6327
7745
7794
4249
6068
7922
8389
3533
4297
6400
4381
4411
8036
4381
6141
6151
8458
4087
8295
4193
5116
5976
2123
3971
5075
8065
3235
6538
1848
5642
5713
6206
4033
5058
5409
2132
6505
7932
2916
5723
8285
1851
2179
3003
4150
1857
7626
7948
1859
5925
2759
6217
7137
1871
3120
4121
7921
2798
5522
5526
2179
5029
7935
1925
2194
4856
1889
5555
5556
4451
7433
4189
5691
6032
1886
4222
6224
8053
2206
5657
6735
5161
7506
8023
8120
2756
6056
7075
4319
4803
3672
3903
7038
5130
7852
3876
6943
7709
7710
2023
7965
1874
5048
5164
3338
7085
4412
4227
7963
2742
2766
2916
5135
2075
2098
7383
7396
1910
1974
2196
3203
2002
5635
7255
3668
7961
5156
8084
8157
2811
2927
3288
8082
2816
6382
7053
7965
5159
5168
5424
1918
2299
3732
4608
6674
7582
3800
8302
4552
6638
1910
6708
2184
3823
2195
2938
7183
3576
5128
7993
8088
6273
6712
7283
8161
2616
2740
2999
6347
1904
6695
7984
4068
4069
5412
4143
4979
8314
2145
2932
4131
5146
2815
2979
3543
5065
5028
1928
6034
7319
7625
4869
6327
2210
4002
6697
1908
2994
4179
4616
7344
4726
7977
2070
2825
5146
3470
2430
4572
4600
7499
7821
8131
8189
2779
4869
7275
8217
2071
2960
1927
5149
5167
8197
1933
5209
7146
2148
2996
4382
5046
6501
4607
5603
7264
2812
4130
4222
1954
5831
5967
6253
1923
5691
4569
4839
8132
8328
6358
7826
2661
5091
6200
7532
2488
4075
4471
2851
3395
5195
7147
7253
7929
4193
6402
3141
5814
4205
4777
4971
6990
4012
4408
6494
7164
6238
2198
2857
6201
3744
4189
6291
7314
4197
4723
5662
5664
6176
7509
3007
3739
3812
6328
4188
6329
8151
3989
4184
5680
4694
5611
6823
8453
2859
3230
4128
7131
4068
8083
5930
6120
7916
4627
4869
4220
7155
7285
7732
2947
3058
5204
3991
2927
3981
7924
1992
5448
2896
3830
5925
2807
5186
5188
7156
2990
5972
6280
1984
5005
5116
5976
2759
3711
6114
4966
3372
4013
5028
8199
2862
6024
3969
5692
3813
4062
4902
6060
1967
4553
5392
2091
6145
6678
2145
2822
6225
3464
5380
6714
2932
7298
7313
2933
3659
5974
2815
5196
3027
3539
7314
1974
1990
2294
7874
8000
4283
6940
2969
5934
7311
3052
7350
3843
4199
5214
8170
2969
3051
6313
3062
6350
8350
2029
5219
6382
2933
5057
2967
2310
2419
4220
5966
3739
6732
7795
2011
5262
7293
2197
2875
7200
8341
7254
5933
6227
7300
3952
6120
7956
1994
4096
2676
3003
4203
7143
8038
8338
2004
3078
7941
2208
3196
6941
2319
2764
5046
6382
7769
8192
3412
8118
8120
2005
7274
7720
2923
6070
7208
3285
4417
4428
6209
2811
7151
8113
2896
3675
8404
2268
7293
7718
2008
8406
6603
6744
2352
5573
6856
6019
7880
2011
4836
6553
4837
2017
2809
3233
7933
2265
2777
7869
2329
2800
4812
2275
2502
2025
7458
2019
6089
8173
4804
7811
5345
7122
7919
8455
2045
2659
3902
6010
5048
5164
7998
2040
4072
4570
2809
4468
7460
4911
5133
6107
7239
2914
4782
4833
7086
8375
3955
7366
5209
7146
4858
7490
7568
3255
4752
5512
2036
3255
5571
2194
2790
4113
5013
2627
4071
7525
3955
5219
2041
5595
3219
3595
5505
7762
2051
3235
2042
2044
3654
5057
7686
3286
7259
8058
3603
5595
6251
3901
6367
2318
5658
5659
3705
5661
5847
7010
6031
3799
4850
5533
2052
3226
2888
8060
8366
3832
7726
4740
5865
3527
7620
3394
5293
2068
7090
2061
2619
6850
3335
2060
2067
3228
2671
7664
8292
5468
6581
2387
4441
6582
7842
2065
2539
4260
2416
4640
4444
4625
2072
5741
5775
7510
2177
5175
6133
2677
2964
6076
2137
2403
3632
4872
2076
7543
7742
2078
5124
3646
3749
2444
3938
4805
7066
5123
5477
4125
4848
4919
8128
2097
2442
7429
7647
3574
7149
7791
5159
5192
7230
2381
7389
8228
2092
4074
6555
2560
3472
4132
2861
6483
7375
7413
2278
3366
8148
8179
5076
5542
2891
3473
3943
2114
5763
6082
2422
6245
6613
8038
2828
7390
2856
4476
7193
7437
8292
4393
5616
8376
8383
2404
3863
4636
5477
7870
2103
6118
6656
7390
3440
8356
4841
7798
8234
4705
4767
7704
2361
5597
6617
3308
7414
7511
4234
5611
6422
2468
4110
5595
8125
2464
2569
2578
5569
5904
4557
4737
4738
8335
2754
2929
2936
4957
3503
2725
3888
4428
5678
6209
3411
6538
6540
6541
2593
7016
2331
4880
6104
2518
6516
2159
2520
3791
6520
2520
2527
6520
5459
6574
7172
7570
3411
4073
4067
6474
7289
8316
4493
5072
6210
2593
7685
8066
2900
3345
4408
7383
4886
4896
2160
5092
5656
6110
3354
6504
2868
7233
5178
2193
3244
5756
6527
2870
6182
3570
4693
5775
3925
4428
4449
6082
4474
4629
7439
3302
4784
8028
4052
6562
3237
5539
7548
3724
6801
6815
6818
2210
3155
3457
5535
5175
6159
5499
5522
3283
3443
4069
8118
2384
2870
4449
5443
2191
3508
5119
6182
2930
3976
6474
2875
5008
6542
8035
3963
5432
6183
2882
2930
3946
2686
5610
7875
7878
8070
4089
5475
8205
2204
2832
4481
8419
2399
5773
6095
3574
8158
6580
7474
7516
2547
4679
5544
7443
2698
5339
6897
7764
3617
5524
6608
3703
4009
7903
7905
4450
6207
3323
4413
5678
6675
3829
6756
7488
2747
4442
4821
6019
8069
4781
5916
7097
8381
2745
3808
6089
6090
7046
8173
2731
4781
5448
8037
4930
6165
6177
7572
7819
3804
5583
5903
7291
7623
3398
3940
5181
4085
4426
6703
2210
3932
6786
7361
7382
7645
4394
2736
3960
4162
2351
4711
6800
4396
5825
6282
2353
3582
5792
2883
3284
5786
6168
7134
7184
7192
5077
5121
7421
3361
5102
2199
2446
2776
4075
2246
4826
4385
4074
5480
2300
6176
7607
6775
6935
2382
4094
6084
8399
2239
2326
2327
7591
2632
3349
6836
2291
5859
7728
2836
2707
3785
6599
2318
5172
7345
7357
3936
4040
6698
2841
3687
3735
6900
3445
2250
2409
2424
5805
2234
6669
7991
8318
6867
6868
2713
4071
5541
5615
2629
3823
5556
7779
2797
4975
7729
2218
2223
2478
2219
5608
7358
2223
4717
5704
3433
5572
7392
2601
4574
4845
2476
5555
6640
6899
6588
7529
2855
3132
3406
2570
3562
8236
3639
3865
7751
7803
2437
3495
6809
2340
6254
6694
8283
3524
8183
4749
5797
5805
6709
3402
6489
6916
4524
4643
6846
7654
2909
3407
7188
5854
7904
3415
6612
8367
2440
3513
3768
6849
2358
4599
6820
3068
3427
7528
3691
8336
3661
3837
5359
8368
3932
3954
2507
3396
3629
6812
4208
4792
2935
7185
2588
3439
4554
4846
2263
2458
4686
4002
8297
5804
7006
8244
3440
5378
3461
3741
4541
4552
2490
5645
8244
8256
3564
4693
6957
2630
3621
8281
5942
7585
2509
2622
3755
5799
2431
6689
6810
4578
6420
2558
7494
4553
5378
6691
2337
4846
3458
8342
3453
4556
5750
2266
6729
2307
3011
2590
5752
6844
7553
4152
7941
2949
3429
4822
5198
4795
5665
6696
2598
3549
3748
4700
4826
6134
7822
2887
5306
4217
6671
3743
4186
4480
6200
7222
7102
7891
4566
4173
5067
7133
3974
5053
5413
2866
3088
4045
5623
4135
7973
2972
3732
5871
2852
5171
3457
3482
4039
4040
3668
3931
5130
2949
6132
7822
2358
3386
6609
4146
4148
8296
8303
2849
7958
8300
2324
2585
3588
4564
6878
3148
3388
4311
6909
3657
4283
4532
4532
4572
4598
5532
2497
3702
4590
5600
5565
7505
8020
4003
4045
7268
4010
4256
5666
8018
7291
7623
4708
6437
7707
2490
4236
7978
8244
3659
5057
2488
5435
7897
2635
7621
7717
2905
7620
8055
8300
6566
6697
3805
4223
5856
7582
4721
2832
7473
4028
6728
2957
7828
5030
7162
7179
7159
7179
2508
2905
7109
4109
5162
6137
2862
6027
7948
3121
3584
5546
4437
5568
2332
7577
7588
8280
2363
7473
6662
2343
2527
3845
2433
3296
6154
2337
2503
8280
3384
4521
7781
3339
5732
5734
2827
5490
8033
8446
2563
3583
7806
8309
5899
7577
2511
4475
4551
7555
3262
3721
5640
4744
6444
5108
8076
3383
3426
7677
3615
5977
7640
5498
5509
2545
3399
4910
3383
3384
3821
8221
6562
6567
8059
8366
5543
7765
4682
5823
7322
7342
3824
5922
3686
5939
6359
3418
5790
3583
6193
2585
3498
5593
2551
5557
7779
4646
5567
7380
6606
6612
2408
2975
5562
5732
4680
5415
5504
5506
6247
6167
7572
2487
4492
7517
2565
4034
5597
2720
2943
5054
4521
5938
6757
7083
3825
6737
5748
5794
7804
7805
2380
2383
2830
7430
2557
5501
5506
8428
2400
4515
5745
5775
2446
2448
3686
6356
2694
4635
3870
6997
7646
2590
3627
5752
2472
2885
4041
6704
7747
3750
4550
4653
6623
2455
5867
7660
8413
2652
4530
7372
2902
5456
7240
6556
4519
2864
4073
2685
3443
5090
8308
3531
4874
5987
6292
4672
5487
7197
4458
5843
6471
6534
4474
7317
7884
7909
3304
3339
5560
2392
3357
4878
5468
5469
5484
7672
2646
4670
6769
7640
2902
7462
2530
4436
3323
3330
5757
4032
4631
5096
5758
3304
5512
5734
4679
5779
5741
5979
7372
2631
2643
3291
5744
5979
7618
5501
6783
4399
6197
5861
6360
7722
8348
2552
3728
3782
4108
6211
6968
3569
4526
7645
5632
6824
8244
2643
5745
5775
2753
6195
7430
2443
2649
4578
6654
6453
6530
6647
7292
6251
8125
2433
4099
6156
2437
6948
7700
4701
4751
6812
6813
6712
8300
4237
4683
5646
5917
3285
4451
6192
7440
6483
7190
3389
4403
6606
5672
6963
7007
3265
3427
3831
7499
2564
4649
4685
6789
5620
6690
6806
3797
4549
5580
7352
5081
6140
6474
5951
6715
2498
3656
3828
4609
5175
7229
5854
7580
7716
7904
3542
3628
3647
6938
3447
3452
3779
7537
6882
4597
4606
7593
7608
2617
5809
6825
8250
3779
7537
8356
3141
3289
3618
6526
2695
3618
5415
4356
4809
7407
2571
2768
5932
6027
6523
3434
5941
3453
3762
6790
2457
3419
7651
2457
3304
3352
5941
7643
8408
3587
4553
4742
2519
2554
6660
5673
7995
5580
6774
4551
5579
8342
2472
3592
4546
6787
6934
7785
2839
4395
6466
7524
7681
7682
8309
2978
4024
4619
3422
4693
2469
2956
7428
2469
3422
3867
7368
2470
6970
7368
2806
3633
2470
4108
2770
5991
2503
6791
7657
2473
5599
6787
7682
4684
4754
6751
8348
6934
7783
3826
6773
2847
3157
3551
4540
5609
8345
2841
3227
3733
7724
3081
4047
3068
3081
6820
7592
5651
7501
3438
4564
7683
7690
3828
4692
4748
5561
2487
5272
2497
7594
8289
2549
7223
6791
6844
5647
5988
4797
5651
5946
6651
7501
7615
6661
7616
3685
4272
4326
6942
3433
6643
8383
8384
3444
4545
6114
6639
3371
8045
8247
8417
8440
3516
6122
5944
5948
3494
5493
7999
8226
6511
6723
5899
4021
6241
6248
2512
2517
7665
3519
3837
4686
5575
5576
7112
2618
6850
6687
6914
7610
8388
6591
4659
6516
3224
7267
2515
3787
5954
7448
3565
3787
2592
5549
7076
6967
6972
7660
6795
2522
4459
7108
7197
2527
7177
2562
7480
2855
6674
6683
2552
5507
5530
6546
5792
6598
7352
5418
5770
4276
6296
5488
2619
5876
6409
3131
4762
6837
3872
3114
3878
4103
6991
4665
5771
6769
6885
2537
3864
6196
7678
4249
4263
3517
5653
7699
3785
5735
3435
3627
6841
3689
2544
3718
4715
6517
7757
3376
4905
3602
6591
7578
2555
4671
4734
5780
6861
2653
4856
5435
4369
7299
2562
4799
2558
4485
6859
7083
4644
6387
7659
2556
4457
7739
3791
4671
3505
7753
7754
3759
3253
6724
8000
2945
2972
2848
5169
8139
4487
3340
4400
6193
5794
8281
2755
6479
6927
2835
4034
8014
3057
4831
2569
2570
8236
4400
7806
2577
2854
2978
7860
5981
6785
8402
8408
4715
5556
5838
4636
7316
4457
6932
4229
4400
6805
3082
6911
5707
5731
7364
7659
4404
4522
6604
7519
6817
6953
8309
3080
4686
5575
7772
3653
4579
6676
6817
6818
8354
3629
7684
2603
7689
8288
2588
6937
7692
3623
7553
3623
7553
7688
3435
3435
3439
7553
3731
4436
6795
6975
2987
6655
7003
7178
2844
2987
3660
3857
5782
5985
7656
3685
4479
5624
3542
4764
5550
2887
4477
6549
7160
2602
2912
6289
6685
3483
5942
7787
4692
6754
2605
5945
8261
5202
7619
7847
4564
5649
7689
2608
5808
6880
2613
5808
3404
3644
6959
4034
6617
8265
2612
7599
6077
6344
7775
8420
2614
7564
3652
7698
3047
5174
6736
2618
3755
5876
2619
8250
5800
2637
2648
7837
7850
3708
5975
7808
8223
3705
4592
7697
3439
4688
6847
3828
4565
6810
3168
4337
6634
3449
5548
6598
2642
6360
6936
7526
3421
5838
3626
4685
5599
5762
2647
6768
6874
2637
2651
2726
4950
4472
5760
6997
7884
2650
5813
3788
4547
5993
5825
6086
7367
7635
5731
5739
7644
2648
3774
4762
7018
4523
7430
6473
6998
7176
5047
5064
5728
2696
5978
7642
5978
6798
7797
4030
7835
2804
2805
8313
2651
3778
5888
2710
5741
7510
7754
5011
5656
8074
4730
6888
3872
3894
7710
7776
7778
4898
5885
7033
4888
3933
4902
6057
6060
5073
7491
4952
5890
7840
4022
5589
8275
3110
4967
6042
7385
3878
6045
7243
2667
6185
7491
3300
8073
4456
8419
3336
4456
7517
2708
3228
3357
5484
2707
2708
2713
2703
7058
6834
7846
8433
3149
7059
2760
4001
7138
6089
7867
2679
3351
4457
7093
2680
2683
2681
4485
5509
3852
6859
7093
7093
7480
4377
6705
3430
7507
8259
2687
2867
3283
2689
2961
6765
7379
4286
3975
4098
6104
2725
3934
4149
7347
4074
5081
8042
2695
2956
2808
6481
4879
6481
7538
2707
2713
6599
2701
2700
2707
3336
3392
2708
5568
5330
4756
6995
8146
8358
8369
3877
6943
7712
2719
6552
7776
3939
4007
5225
8091
3128
3896
7062
4783
4954
5887
6893
3778
4954
7843
3035
3920
4380
8359
4730
6889
7777
8211
2756
6073
4353
4368
6891
6004
6551
7774
3931
4988
6074
8215
2922
4949
6830
8086
5224
3397
4940
3083
3904
4819
6536
3090
3114
4895
6536
4983
6090
2781
8399
3042
7915
8218
4083
6583
7545
2780
3962
3927
7873
7887
3274
4065
5919
2867
5612
7201
4173
4174
7305
7306
4000
4324
7604
8224
5068
6138
2988
7101
7287
7301
5445
8285
2793
6958
7639
2746
7863
3815
7630
4612
6725
3337
5106
7233
5527
8034
2875
4470
6542
4368
4881
4773
4995
2823
4068
8156
6526
7316
7317
4034
7079
2787
5235
3114
4870
6536
3473
5035
3952
7143
2795
3118
7053
7885
3190
4819
5183
3342
4074
8038
8340
2783
3922
6106
3318
4105
6388
2790
6975
4043
5927
5097
5199
6319
2961
4286
4678
3431
5206
6029
7136
4117
4141
5177
7294
5862
7549
7729
7743
3127
4105
5878
6105
3075
3170
4861
5009
6185
2790
3603
4195
6976
7048
8219
6510
7872
7875
2820
3927
5235
5134
6071
4424
6150
8006
5054
7436
8002
4416
7145
7396
4983
3400
3889
4060
3888
6136
7872
7012
3806
3928
6346
2794
2795
2840
7961
5739
3045
8147
2816
5961
5965
4206
5751
5210
5956
5958
3529
4027
4183
5185
6662
6717
2910
3737
6044
2804
7705
3520
3528
5611
7002
6996
4578
7002
7705
8125
6273
2956
2975
7647
3347
2995
4175
7627
4125
8412
4135
5603
4100
5047
7096
8087
3306
3633
5923
6298
4018
2840
4063
3153
3168
6619
6672
5872
7247
3493
4726
7569
8277
3400
5049
7866
5718
7217
7990
5175
6226
7186
8083
2991
6223
6721
8190
2826
7312
7970
6133
3302
4460
4500
5427
4452
5494
6533
6564
3751
7376
4513
3786
5461
5075
5457
6165
7901
6483
4481
6602
3462
6017
7304
5834
6515
6662
7717
3579
6784
8287
4209
3436
5340
3058
3842
4004
6725
4839
5237
5658
8325
4014
5367
6722
2995
5194
3374
3677
5339
5974
7230
7300
2968
5968
8055
5784
8263
7185
8318
7270
7508
3448
4574
4586
7595
5630
7002
8291
4239
6649
8372
5511
6636
6705
3497
5412
7133
2909
6669
4491
3297
3432
3998
5785
7903
3411
3953
5042
4461
4370
6677
8046
5043
3346
4442
2904
4089
5432
6497
7489
4038
4370
5537
7904
2901
3557
3925
4024
7446
6477
7920
7997
5432
4414
6230
6239
6240
6244
2893
4470
6214
4448
7931
4340
5124
7351
6476
7992
8122
4469
5516
6542
4395
6622
6751
5197
7545
7944
5502
7485
5528
2946
4990
5069
7602
7982
3409
5035
5002
5051
5110
2901
5411
5517
7506
7912
7915
8218
2896
5328
7723
3676
5051
8423
8459
5112
6213
2913
2950
5842
4427
4449
4496
5757
4994
5108
5820
7196
3342
7876
8340
6021
8178
7170
7231
8185
2982
6252
8153
3182
5605
5957
6252
7261
3432
4240
7911
6286
6806
6524
3914
4269
6080
3919
6232
8439
4105
7126
8083
8084
8157
4209
4896
4958
5134
8100
5000
7890
7926
3918
7072
4940
2925
3917
6112
2925
7208
6274
8113
8149
3981
6243
7924
4904
6508
3319
5083
3308
3597
6617
5142
6131
3312
3575
4420
3182
3407
8319
7925
5770
7206
7235
5603
6228
5155
5957
3151
3525
8304
5425
5634
6169
6927
3310
8343
5062
5101
7883
2973
7263
8295
3842
5203
2950
5526
7271
8274
3393
3017
4548
6607
6291
7274
7719
4180
8269
3539
4183
7314
7874
3844
7827
7828
2961
4182
5006
5070
5801
7057
3076
4163
4974
5880
2963
7755
4526
4269
6051
6259
7862
7125
4981
8392
8393
4830
6285
7312
8198
5974
6227
6326
8301
8302
2996
8122
2973
4927
3484
4239
6674
7980
3339
4526
8136
8159
4644
4713
7363
7643
5929
5932
2980
2995
5698
3907
3910
4977
4194
6065
3877
3982
4153
4207
3896
4262
6892
2986
3009
3250
3893
3006
3059
3071
3818
7004
3462
4139
3071
3100
3180
4198
6325
7318
6277
3135
3657
4096
5372
3533
4866
6030
6411
3053
5698
8189
3053
7992
4006
8216
6138
7305
7857
8154
4142
6084
6092
7467
7899
3039
4203
4324
7604
3967
6352
7139
3199
3844
7800
3027
6724
7314
8000
3009
3025
3684
4027
4225
3014
5190
6275
7262
3272
5241
3066
3843
5184
6729
7830
4187
4812
5185
7282
6033
7720
6290
6430
7278
3108
7064
3063
3067
8294
3188
3803
3964
3028
3280
5282
6337
3148
3610
3657
4532
3024
3172
3177
4914
6314
8220
3031
5136
3261
3641
4859
3046
3765
5141
3033
3280
3816
6851
5830
6924
3765
3834
6323
4138
4189
6032
7720
3089
3413
3893
3032
7245
3038
6049
6828
3268
3773
4325
3072
3217
3379
3923
5136
8360
5147
5177
6008
7854
7856
6066
6827
7854
5031
6352
5235
5470
3666
3895
3401
6555
6753
7335
3939
5182
5183
3906
5348
3059
3136
3834
3541
7825
6019
7922
7893
5000
7295
7918
6308
5101
7627
4786
5126
5181
5660
7344
7955
8018
4043
7912
8227
4612
4813
3089
3827
4228
6243
7478
6365
8152
6314
3065
6644
4395
6624
7551
3067
6643
5211
7320
7831
3258
6653
3079
4058
6142
7920
8312
3314
5898
5915
3209
4102
3074
3077
5901
6191
6383
3428
4656
5902
5015
8200
4981
6051
7242
3217
3604
4827
3081
3460
6590
3082
7357
4975
7334
4870
6551
3087
3116
3938
6077
3086
3159
3587
4042
3707
3956
4090
3987
6001
8420
7536
7571
3092
3113
3881
6293
6993
3765
4078
4354
4796
3247
3827
3840
3096
8003
8456
3189
7765
3970
4567
7902
8252
7848
8457
3200
3841
4842
4963
3907
3910
7277
7442
3192
3240
3468
3643
3101
3250
4088
3137
3140
4053
4897
7029
7079
4761
7063
8430
3124
4514
8011
3106
3166
3204
3257
3839
4323
5351
3672
5880
7081
8091
6430
3110
3671
4882
4969
6432
4185
4231
6264
3125
3136
4042
3904
6042
6993
6042
7063
7068
3193
3229
3699
4201
3167
3120
4121
4065
4162
3126
6796
3165
3380
3163
3248
3252
3324
4542
6609
3247
3587
4742
4459
7187
4913
5875
5877
4372
3931
4158
4211
4762
7070
3138
3921
4769
4930
4933
5607
3155
3168
6619
7536
4936
5454
3210
3211
3420
3268
3816
3379
3474
3612
3911
8241
8369
3144
3322
4201
3798
3847
4875
3147
5817
4755
5817
8382
3144
3662
3757
3185
3538
4716
5451
4938
5454
7839
3876
4755
4969
3537
3869
5817
7020
3263
3641
3807
3992
4148
7960
8296
3161
3445
6697
3216
3563
3696
4008
4575
4589
3686
5343
5339
5905
3186
4070
4091
3707
3773
3458
6908
4941
3801
4112
4148
3257
3264
3474
3197
3200
3216
3269
3201
3245
3613
3428
3474
4626
3178
5244
7209
8298
4217
3174
5689
8200
3277
3807
3992
4214
3173
3992
4126
3277
4221
5274
7346
8164
3192
3242
3691
4008
3370
3555
3675
4185
3699
4126
6266
7769
4702
5630
6615
6953
3211
3238
4093
6633
6808
8327
3230
3185
3538
4214
6640
3538
3585
3636
3195
3231
4688
4051
4544
6706
7531
3375
3958
5462
3733
5905
3904
4154
7013
3194
4488
5553
3198
3693
3643
6517
6904
3198
3242
7761
3367
4096
6939
3649
3754
5299
3662
6645
5026
8001
3270
4322
3252
3264
3957
3248
3506
3558
4793
4543
6708
3428
3810
5346
3220
6616
6656
7416
3207
7985
3208
8363
3211
3827
4580
3840
4096
3794
3213
3225
5366
7416
3220
3977
3222
3958
4224
3223
3964
4061
3270
3509
3266
4053
3551
4185
3227
4533
7191
7228
3735
3803
3292
3636
3804
3601
3710
3525
5641
6244
7415
3227
5543
3848
4473
4668
3243
3509
4008
6667
3243
3992
4201
3270
3624
3689
4243
4821
5494
4717
3358
3957
5437
7523
3522
4198
5629
3250
3272
4053
4517
3537
3947
6909
3244
3243
3263
4718
5906
3251
3269
3649
4127
5352
5365
7238
3332
7598
3257
4122
3301
4489
6199
3898
3264
3817
4912
3655
3900
3254
6723
7717
3363
4440
3259
3578
7381
3839
3260
6652
6780
7380
7661
7529
7589
8294
3509
3699
3754
3450
7499
3624
3358
4600
5619
7595
3272
3684
3868
3276
3330
3390
4042
5220
3563
3841
4258
3273
3450
3831
7589
5120
3606
5627
7529
3275
8223
5214
7808
3315
3326
4443
3905
4538
4515
5979
3849
5400
6852
5605
6592
3315
3330
5706
5090
6595
3997
4017
8062
8105
3293
3654
5898
7123
8090
4399
6998
7173
3584
4673
7833
3598
3294
3321
4156
4165
6117
3804
3986
5264
6616
4383
5118
5427
3751
4519
7514
7434
6175
7491
7532
4051
4085
6576
8446
4744
7650
4047
6818
7542
4110
5646
6505
7512
8080
5996
6509
5676
7666
8187
6222
8357
8426
4032
3379
3612
3810
4054
5900
6242
6508
3978
6152
6154
4630
4664
3885
5445
5447
3976
4124
4125
5056
7151
3988
5137
3988
4155
3522
3612
4122
5419
6248
7220
7389
5749
7415
4724
5604
8253
7235
4094
5034
6079
3367
3792
3840
3334
6836
6873
7496
4676
6875
3726
4444
3945
3979
7647
4229
6614
3349
5531
6874
5050
8042
8414
7452
7932
4442
4821
7818
4252
4257
4801
6903
6904
8019
4732
6781
7644
3361
4445
5486
5102
5105
5333
5713
6503
6505
4463
5485
3798
5638
4413
7215
5105
5421
6210
7489
4486
4752
6767
4094
6015
7878
5105
5333
5486
7458
4256
4610
3936
5363
6548
4539
5505
4204
4313
3466
7613
5237
7603
8346
5207
6278
6735
7182
3676
4185
5328
3636
3736
6872
7688
3634
6845
7742
3540
3958
4224
6523
3428
3649
4200
4502
4675
4676
7781
4079
4231
5738
7177
3426
4734
3970
4535
4537
6820
4491
6574
8204
6620
7758
7759
4036
4651
8293
5095
5357
6444
6565
7402
7471
3786
3783
5424
8317
3646
4701
7740
6513
4984
7144
3402
6872
3960
6476
6964
7740
4784
5710
7421
6962
7562
7691
3607
5463
7405
5588
6679
8327
8318
4619
8248
3999
5085
7195
4477
4855
5520
7486
6537
3972
7203
3956
4389
3447
3452
3517
4699
3504
6620
6652
5566
6772
8386
5335
4399
7176
6785
7356
3610
4093
3571
3860
7518
7428
5551
3496
3644
6684
6956
3456
3554
5588
3845
4559
7591
6626
7270
8140
3441
8262
7111
7344
7954
3809
6027
5574
6597
3581
4523
6847
4533
7393
6682
7251
8014
6814
6878
6960
3451
3836
4035
6304
6663
6706
8324
3502
3714
5014
3932
6619
5519
5521
5574
8383
3469
7563
4600
5618
3692
3694
4265
3475
4591
3464
3835
5380
4592
5653
3683
4798
5650
5846
4794
6309
6883
4047
5587
5590
3500
8299
4555
5753
7590
7596
4048
5636
3704
6618
5213
6131
6999
7000
7005
7583
5378
5383
7593
7613
7617
4741
7617
3828
4748
7057
8417
3662
4092
6693
7599
4531
7565
4407
4514
6630
6116
4084
3798
4272
4599
7594
6691
4590
5591
8289
4695
6119
3480
4037
5514
7849
3481
4494
8027
6245
7576
5537
6255
8299
6858
7788
5871
7017
7263
3619
4246
7683
3510
6632
6633
4222
8117
3608
5628
5988
5647
5988
8286
3833
3842
4505
6720
5885
3805
5644
6268
5591
7592
7700
7703
8373
5649
7690
4822
3632
3647
4246
5791
6815
7689
4040
5535
6941
4508
4050
6638
6663
8032
8102
5624
6610
3597
5897
8080
3839
3841
8337
7012
8079
8081
3624
4727
5403
5404
4582
6659
8051
3515
4590
5591
7996
3650
4597
4602
3722
4586
7588
7573
7611
8267
6702
7561
3635
3763
6949
7579
5375
7614
6926
8453
4861
5689
7345
3900
6907
5666
7817
8018
8269
5367
6276
7019
7082
5743
8079
3796
7731
7975
5893
7705
8240
8185
4383
7511
8079
3647
8237
6401
7810
4719
6031
4192
5975
6321
6314
6348
5116
6327
6731
3610
4092
4156
5679
4061
5621
6924
7829
4246
4700
4018
3547
3548
3995
4150
7291
7882
3567
4488
5522
5553
4705
7823
3628
5973
8237
3656
6689
3552
4264
6399
3710
7543
7742
3554
3580
6792
4542
5587
4300
8404
3595
3715
3951
4496
6542
3563
3655
3695
3570
4515
7567
5426
6336
8109
6869
7496
3564
3568
3613
3570
6391
3571
5938
6860
3747
5464
3570
4633
4879
7379
6793
4387
4667
5417
7753
3574
5764
6157
7373
5096
5365
7417
4099
5743
6156
8079
3592
4525
4546
4651
7658
4930
5588
5981
7526
7651
4549
7650
8355
6788
7682
5275
6198
3736
3757
7394
3748
6959
3811
5791
6813
7689
7356
7380
8397
6119
6245
6483
5024
6164
7252
6759
3594
4598
6944
7768
5532
5619
3606
5908
7766
7768
5506
6170
7424
7513
4630
4663
5469
4677
7177
3681
4061
4204
3606
3831
5619
5017
7685
3868
5115
5061
8349
8385
7760
6444
8031
8034
4727
6996
8405
4673
6473
8229
3920
5136
6020
7859
4198
3643
3655
5733
5938
6793
6749
7749
7799
4509
8363
7647
4560
4698
4402
6486
6598
8376
5782
7552
8249
4910
6879
7691
3645
3641
6659
8388
5622
7552
7750
3640
4435
7823
3632
6916
3804
4224
5079
6605
5013
6144
7259
7686
4148
3749
5783
3656
6882
4435
6099
6938
7560
4707
6023
6437
4550
6440
3683
5253
4573
7557
7577
7595
4008
6646
6880
4905
6937
7556
4581
6872
4874
3753
4877
5793
6777
4960
4743
5667
7608
5946
7584
7588
7616
5948
4602
6491
6849
4147
6976
3947
5561
4311
4202
7706
5019
6274
3818
7011
7687
3663
3679
3701
4576
5359
5667
3665
4772
8432
7868
4153
6981
7062
4988
6074
7887
4835
5262
6263
7040
7708
4966
7385
7789
7074
4353
5997
5816
7040
8093
3676
3682
3677
3830
6856
3688
5651
6661
6863
3681
3682
6856
5582
4204
4653
4078
4102
5952
6940
5582
3803
5343
6855
3690
5946
7616
4258
4576
5849
3694
3696
3693
7758
7763
3694
6645
3696
7766
8333
5355
7629
8198
8350
3711
3712
6114
7180
3788
4757
6790
7751
3715
3757
7397
5492
7613
5785
7906
8272
3716
4603
4850
4604
5500
7527
8226
4208
4343
7831
4911
5891
8444
3803
4540
7602
3713
3714
5069
6666
7180
8245
6663
4136
7762
3741
5014
6626
3738
7271
7534
3793
4715
3738
7534
8188
8258
4763
6840
6965
5951
7499
5949
4587
7699
5791
6817
3747
3784
5499
6544
5293
4731
6903
7444
6468
6472
6527
7437
4677
7076
6677
8278
3735
3848
3819
4437
5568
3740
3740
6900
4190
8052
4178
5173
7327
6638
7272
3743
4026
8138
6315
6511
4138
4183
5955
5956
8135
5188
6295
7261
8159
4482
5522
6689
7600
3858
4581
3855
3858
5783
5416
4653
7747
7748
4751
7655
4200
4857
4749
5672
5799
5809
8440
3791
7739
5530
6932
4455
8019
3766
3767
8377
4550
4653
7747
4705
4764
7823
4696
4697
6965
5153
3771
5602
6713
3768
3772
4582
3769
8356
3772
4597
4606
3772
7503
4601
5179
3913
6064
6837
3836
3837
4743
6866
7018
4747
4787
6040
6047
7836
3836
4743
3811
4090
4577
5464
5507
6905
7444
4023
7471
4482
5526
4219
4682
7750
5103
5523
5842
6565
5568
3811
3936
6902
5629
7597
5281
7620
7847
5281
7864
7974
4041
4133
5862
5438
3983
6618
6299
7152
7947
8161
3806
3809
7857
7981
3808
6138
5217
5703
3815
7860
4122
6944
4027
7329
4860
7827
8186
4862
6328
5694
7627
3834
5376
3839
3841
5040
5041
8071
4800
6600
7756
5551
6579
8208
4486
5837
6767
5557
4711
7548
4396
5920
4394
5555
6933
7590
5841
5911
5573
7520
7528
4004
4795
6123
5753
3836
3838
5653
3838
7614
7699
4862
6931
4671
8454
4088
4308
4014
8108
7847
7495
7496
6861
6869
7497
4799
5530
6600
5846
5943
6871
6331
7656
4232
5781
6320
7741
5781
6812
6623
7656
5977
7538
7642
7802
5836
6875
7498
3862
5838
7518
5866
6971
6761
4757
6378
3867
6920
7805
6487
6778
4078
4338
4136
7759
5428
7753
3938
7025
3987
4207
7780
4358
4884
7025
7061
3893
3898
4397
7712
6981
6041
7241
4882
8382
5886
6890
4159
4818
7789
4205
6991
7037
4802
4806
7124
4802
7065
7124
4913
5960
7475
7166
6049
6066
7853
4968
4015
4986
4968
6179
6666
6700
4471
7196
7898
8075
4506
4355
6982
5180
3937
7030
7073
7815
4088
4327
6895
7877
3947
4093
5269
7773
3986
4156
4214
7163
7106
3961
7236
8431
4942
6837
7834
3961
6188
3933
7850
8436
8439
4774
4974
5271
6051
4964
5349
6066
6827
5964
6502
4774
6062
7861
6398
8115
3944
4762
6866
4106
6264
4054
4102
4119
5617
5639
5082
4790
3962
3960
5161
8218
3944
4830
7239
7852
3983
4943
4788
4836
6013
6255
4766
4972
4358
4980
5152
8037
4803
4203
4324
4618
7141
7953
6052
7859
4985
7340
8333
3990
4020
4174
8021
5818
7466
7899
5617
5926
7200
6541
7468
6585
7142
4496
6541
7571
4042
5279
3964
4494
5119
8126
8371
4015
5860
6084
7467
4858
4839
5022
5198
8346
4057
7470
7129
7132
7133
7135
3991
4149
4536
4490
4499
6433
8007
5442
4495
7226
7568
6475
8087
8092
7990
7094
5840
4166
4263
4166
7046
7337
7478
7993
3987
6432
7061
4009
4098
4851
8128
4033
8044
4360
6945
4358
4156
4221
5026
8171
4044
7308
4210
4984
7144
7339
4909
7335
8225
4003
5631
5695
8047
8116
7535
8268
5011
5035
6217
8214
4203
5031
7142
5535
7605
4607
7572
5659
8328
7046
7332
7812
4853
6009
7792
5533
6304
7199
4171
6146
7960
7981
5194
4593
5037
6655
7016
5150
6137
4021
6669
5193
7132
5065
5147
6287
4173
7202
7991
8116
4695
6678
4507
8448
5084
5929
5012
7348
7948
4140
6315
7231
4030
5813
6040
7018
5816
7265
7662
6509
4490
5071
6590
6784
8027
5892
7716
5537
6702
4529
6751
4786
6024
6161
6162
6677
8047
4393
6529
5585
6815
7541
8288
4081
4085
4385
5662
6199
6628
8443
5295
4198
4598
4119
5480
5639
6124
6381
5031
7142
7469
4064
7216
4983
6510
4900
4415
6063
4958
7211
4411
6383
4068
7921
4067
8040
6750
7555
8335
4095
5042
6537
5075
7463
5074
6637
4504
5088
5435
6111
6221
8395
4629
7851
4745
6627
6570
7223
7546
4149
5670
5478
6192
8205
5924
4208
4144
8321
4136
6220
5088
7219
7493
5450
6152
6154
4703
7128
7034
4213
6005
6007
7243
6265
4936
6896
6988
5991
6380
6139
8194
5191
5669
7937
7975
7267
4147
6976
7410
5366
7412
8112
8424
5065
6285
6139
6261
7296
7918
5496
7447
8035
5605
7575
5163
5164
6898
7188
7991
8116
4848
7092
4201
5066
5004
5413
4609
6226
6726
4157
5592
7298
5695
7264
8017
4529
6360
6780
4191
6325
6728
8220
6726
7264
5965
6264
6315
7287
7303
4811
5684
6008
5177
4834
7989
6910
8335
5142
5019
7947
7686
8264
4151
7348
7604
7139
7308
8248
4978
5218
6101
6919
5712
5770
7235
5146
7311
4959
6919
4777
6833
8146
4756
6994
7813
7036
8209
8180
6009
7792
4993
6009
6012
6271
7085
6734
6843
5968
6274
7153
4369
5211
7321
5210
5214
8170
4202
4258
4557
5355
7559
4176
4617
5086
5068
7306
7305
6167
8026
8271
6166
7272
8254
4180
5693
8018
5698
7129
5236
7049
7338
7889
5200
6732
5278
5679
4197
5956
5833
8138
6310
6313
7274
6295
7261
8162
5227
6730
7324
6354
6357
6034
7794
7831
8152
5017
7178
8266
7147
4812
4330
5596
5215
4714
7777
5201
7922
4837
5470
6340
4791
5127
5181
4580
7596
5704
4216
4672
7174
7679
4219
4665
4677
5231
6285
7629
6884
7284
4329
6276
7971
7979
7981
4341
5173
6727
6281
4999
6381
8181
6267
7365
6953
7540
8306
5332
5987
6917
8453
5648
5794
7805
8236
4271
4313
5215
5368
4237
5632
5879
4241
4312
4689
5497
5607
7360
7738
4318
5284
4674
5253
5322
4361
4364
5430
4661
4948
5347
5394
6960
4886
5720
5721
8043
4266
5160
4434
5336
5338
5389
4373
5079
5264
5385
5722
6868
7638
4378
4906
6864
4363
4908
5258
4257
4633
5836
7953
8094
7515
7801
4584
4295
4621
4623
5455
4267
4563
5305
4306
5256
5329
4365
5180
6415
7340
4276
4697
6794
5356
7758
5027
5317
6423
4289
4932
4642
4991
5239
6059
8144
4273
4304
4379
6414
5216
5342
5624
5625
5360
5473
5863
4350
4735
5003
5285
4342
4666
5273
5320
6870
4278
4568
5228
5700
4825
5250
5251
4282
4824
4825
5394
5310
5364
6704
4284
4287
4293
4824
4294
4398
5347
5952
4294
5268
5287
5007
5302
5303
5305
4288
7363
4306
4828
5329
4648
5991
4921
5307
4614
4615
5337
4920
5302
5317
6284
5027
5032
5318
6297
5240
5393
5606
4824
5032
4317
4632
4661
4328
4335
4497
5248
4719
6321
8169
4627
6333
6358
4301
4328
4434
4314
5265
4366
5336
4320
4361
4366
5398
5349
7212
4305
4728
5637
4332
4497
5038
5564
5606
4435
4707
7579
7823
4948
5577
4728
5637
6404
4325
4563
5230
5400
5372
5952
5157
5397
4314
5368
5070
5303
5305
4317
4827
5290
5295
4654
5289
4894
5247
4805
4809
7775
4349
4362
5336
4605
5114
5285
5341
4963
5321
5322
4352
4722
5220
5536
4336
6939
6941
4397
4517
5577
5021
5137
5274
4331
4857
4350
4502
4335
4379
5003
5226
5247
6257
4637
4867
5266
4434
4622
8045
8299
4929
4930
6792
4354
5249
5362
6363
5059
7396
8042
4374
5020
5079
4389
5279
5354
5178
5201
5402
4349
4624
4928
5398
4361
5331
5398
4642
5025
5222
5258
6737
4947
5242
6405
4538
5274
4729
4823
4605
4613
4614
5285
5040
5396
5491
4355
5153
4358
7064
4613
5003
5038
5325
4838
4624
4928
5397
5274
5338
5503
6282
4908
5397
4367
6892
5298
6983
5883
6085
4998
7891
4927
7571
4375
6275
4881
6085
6892
5020
5060
5291
5344
5621
6273
7155
4545
5035
6114
4489
5306
7222
5232
5388
4735
5515
6512
5445
6154
5100
5921
5936
5390
5428
5634
6170
6783
5273
4729
5297
5321
5453
6885
6887
4462
5102
7402
5519
5548
4401
7519
7334
4524
6554
4506
5140
5160
6465
5571
6773
7525
5569
5613
6648
4562
5541
6897
8394
5460
6530
7818
4462
8257
4413
5408
8385
7398
7165
4863
4865
7088
5061
7095
8326
6073
7865
8215
7384
8421
5124
8057
4660
5061
8044
6692
7431
8255
8343
6191
7667
8043
6147
6535
7164
7205
6026
6053
6494
6147
6151
4865
5386
6188
7106
6179
7606
6026
8459
5095
8357
7228
7420
4467
5433
4473
4659
6531
5301
5828
5488
5773
6757
8463
8034
8102
4518
5765
6157
5733
6762
4631
7221
6563
4893
6572
7240
5107
6533
6564
7465
7224
6497
6082
6209
7234
4464
5391
5486
5544
7746
8234
5122
7459
8010
7443
7746
6859
6534
8059
5465
6575
5642
7664
4893
6453
6563
5106
5485
6563
6564
4912
5341
5396
5638
4468
7931
4496
5072
5517
5480
5516
5033
7223
5584
8165
5761
7292
6997
7355
4736
4562
5584
4480
6560
7280
7490
7160
7161
4492
5760
7099
7746
8030
5571
8416
4799
5554
6546
7757
5670
8262
6529
7633
5461
6521
4570
5042
6110
5310
6639
7603
8094
8346
8011
4745
5319
6111
7466
7467
8075
4823
8363
5496
6302
5241
5273
6472
6708
4510
6670
8451
8452
5268
5283
5296
5387
7193
6608
5529
5733
6779
4662
5120
5743
5895
6152
4658
7214
5294
5558
5939
6935
4739
4843
4649
6759
7368
7652
7087
7248
7257
7412
6802
8210
7661
8348
7676
7754
6121
7566
8324
7395
7763
8063
8259
8254
8257
4724
8252
8253
4624
5217
5343
5582
4544
8297
5662
4650
7661
4871
5989
7637
6589
6606
6653
5792
7751
6750
7558
4588
8323
7558
8342
4682
4684
4754
4584
6908
6659
7611
7702
7592
6489
7683
7691
5380
5392
5661
5796
6649
5536
4692
6688
7744
5010
7576
8259
8262
5036
5334
5473
8329
8331
5009
5570
6653
8379
4574
4844
7536
8045
8299
4579
7527
4792
5854
7715
6561
5849
7590
5674
5493
7701
8051
8351
4842
6937
6962
6979
8261
4797
7500
5848
6852
7614
7786
8298
4929
6942
7597
5847
6850
7602
5021
5243
5248
5479
4792
5392
5854
5855
8263
8054
5629
6652
7589
5532
6714
6851
7527
8351
5785
7271
8274
7697
4623
5254
5695
5788
6683
6276
4617
8171
5030
6319
5204
7863
4620
5481
4620
5334
5334
5564
5598
7111
7307
7627
7307
7916
5927
7949
5931
8251
4917
4690
5254
5374
5384
5515
5393
5394
4632
4722
5438
8227
7678
6467
5870
7406
4655
7662
4656
4690
4635
5977
7513
6968
7429
4638
4852
5373
7807
6156
7374
6242
8412
5267
5821
5992
6966
6923
6972
4925
5216
5373
5861
5990
6966
5790
8167
6072
6972
7636
4650
5748
4685
7637
6813
7681
4656
4827
6498
7406
4921
4932
5326
5387
7673
8158
6434
7451
5418
8385
4875
5295
5283
5295
5347
7213
7437
5870
7917
4681
6884
5141
5241
5326
6482
7512
8080
5485
6563
7292
5240
5289
5296
4680
6760
7679
6520
4680
7678
6468
6260
4841
6799
6799
6860
4681
5980
6970
7652
6520
6196
5488
6790
6977
5622
7750
6787
7544
6776
7336
7342
7544
4864
5397
4722
5650
5846
6819
7556
6685
4876
5985
5589
8276
4698
6870
6870
5620
5671
4768
7655
5593
6926
7684
7409
7411
5039
6322
6807
5876
5986
6096
4765
6377
5632
8242
7843
7031
7934
4753
5539
6782
7379
6766
6973
5358
7729
6902
4935
5906
5583
5903
5975
7808
5166
7810
6330
5396
6290
8176
5287
5323
5401
8282
8304
6632
5310
5772
4857
5299
4899
6901
5866
5557
7484
5544
7042
5360
5579
7504
8345
5355
7760
7766
4793
8337
4753
6800
5858
4742
7598
5359
6560
5663
8029
5122
6528
7449
4945
4946
5801
5807
5799
5809
7032
7059
5782
6774
7522
7322
4882
7709
7038
6925
5882
7472
4951
4953
4951
5269
4771
4942
7029
4874
6054
6938
4767
5807
6825
7579
4897
6833
5550
6948
6690
6938
7560
7020
8241
4771
4897
7385
4967
5814
4961
7122
5049
4775
7120
6056
6060
7072
5130
5131
5223
6650
4970
6989
4779
5131
7246
8166
4780
7885
4789
5152
7097
8378
4955
6707
8407
6233
7472
7708
7912
5813
4791
5152
7994
8218
4791
6103
6898
7766
5844
6985
7586
6116
6720
5896
6323
7588
7591
6848
7502
4800
5557
7484
5507
5559
6368
6747
4806
6747
4965
6338
6351
6077
6351
4808
4808
4810
8418
4809
4810
7780
7718
6290
5659
7159
6281
6333
7794
4816
4817
4987
8432
4897
6993
7385
4820
6536
6504
5666
7822
4960
5341
4828
5395
5594
6132
8330
5115
5594
6373
4830
6052
6234
7045
8115
6729
6951
4833
4834
6558
5262
6553
4835
8219
4992
7886
4837
7049
4867
7817
5554
5559
7484
5978
8208
8337
5825
6936
7635
4845
6910
7557
4847
8323
6857
6858
6910
5446
5098
5410
5873
5022
5872
5873
5294
4854
7994
5918
6381
8216
8102
7219
8074
4859
5109
4914
5389
7828
5312
5680
6105
4894
4908
5286
5288
5350
4906
5350
7745
7034
7711
5992
5993
6966
4873
4874
6965
5987
6379
7741
4948
5438
6442
7803
5622
6624
7539
5469
5562
7641
5139
7078
5070
5257
6754
6091
7060
7064
6980
4887
5720
5724
6478
4889
4891
6995
4891
7841
7838
5724
5900
6478
6508
6886
5503
6041
6293
4904
6477
4939
7032
5998
6889
6891
5215
5342
5407
4903
4918
5007
6046
6087
5303
6417
5724
4910
7693
6958
7442
8430
4947
6979
8100
4960
5040
6011
8086
5338
4934
4948
5114
4922
5027
5304
5317
5038
5309
4920
5094
6418
5873
5874
8082
5007
5406
4922
5379
4924
5318
5033
5304
5307
5311
5267
7127
8098
8414
6677
5264
5385
4933
5600
4963
5040
5321
5491
5230
7573
5341
5437
5638
5704
6945
6894
6893
4971
6986
6989
4950
6831
7843
6087
5816
7072
7850
6046
6126
8456
6040
5229
5258
6047
8407
7036
4954
7844
8392
5890
7771
5099
5128
5898
5163
7927
5135
5224
8174
8212
5299
5049
7866
6828
7121
5345
5348
7919
6077
7047
8172
7425
7063
7061
6988
6990
6995
7033
7021
5325
5481
5491
5129
6056
5862
6751
5292
5342
5344
5407
6076
7885
7966
7989
7997
5183
5225
7119
7862
5924
7870
7876
4985
6102
5050
7876
6189
8004
7163
7886
7237
7244
5433
7227
7452
5226
7998
5129
5271
6202
8206
8238
8458
5062
5101
5208
5057
5212
8353
7962
5860
5113
5453
7194
5006
5687
6731
6732
5399
6183
7447
5089
7492
5436
8409
7949
6639
5312
5655
5692
6658
8071
5212
5169
8303
5344
5298
8273
8274
6117
7230
8141
8264
8142
5284
5482
5679
5830
6035
7169
5199
5160
6416
6570
7218
6220
7470
5250
5285
5360
5097
5199
7162
6407
5436
7505
6667
5091
7198
8347
6048
7092
7128
7963
8180
7887
7145
6135
7631
8357
8118
8255
7422
7511
6144
6237
7248
5063
5840
5081
7330
5157
5370
5497
5148
5409
6436
7096
7096
5067
5162
7131
5193
7132
7305
7986
5963
7269
8022
5091
7226
5434
7196
5436
5578
5119
5107
5457
8008
6187
7167
7378
5495
7468
8205
6477
8316
8021
5435
7860
7916
5088
7508
8020
6637
5542
6593
8072
7546
5878
8371
6394
6527
8049
5692
8310
5138
5155
7123
7923
8088
8149
7350
5357
5429
7407
5642
6499
7462
7224
6200
7161
5112
7453
5444
8339
8396
6205
5860
8399
5250
5394
5362
5420
5443
5754
7489
5514
6571
7849
5241
5249
5420
7671
7833
5857
7440
8426
8129
5127
6345
5352
6009
7246
8144
6745
8099
8360
7237
7211
7212
6745
5264
8311
8128
5273
5220
5234
6017
5231
6287
7103
7253
5261
7100
7103
8239
5690
6262
7309
7970
5167
7253
5912
6507
7968
5165
6272
5166
7809
5181
5234
5423
6308
7923
8088
5635
7924
5331
5934
6283
7313
6139
8126
5193
7964
6261
6348
7908
6272
8195
6262
7313
5974
7136
7369
6166
7199
7272
5658
5200
8130
7299
8162
6272
5179
5399
5536
7399
5263
8174
8135
7733
8137
6290
7262
7282
5188
5833
7282
5189
5967
6295
8175
7157
7155
7731
7732
5424
8039
5196
7192
7309
6317
7138
5666
8094
6278
5353
6718
7621
6718
7847
5278
7871
6843
5207
6733
7140
5245
7039
8150
6130
8152
5935
6283
8168
5292
5315
6342
8441
7964
7965
5279
7065
7125
5229
5377
5224
6012
5263
7080
5239
5709
6306
6835
5564
5594
6038
5243
5430
5234
5423
5233
5239
5708
7629
8239
5326
8199
6357
7809
5268
5316
6097
5316
5377
6080
6735
8129
6842
6843
8129
5503
5364
5384
5283
5326
5395
6457
5261
5690
7312
7970
5315
5389
5396
5481
5256
5564
5598
5822
6399
5307
5311
6361
5377
5479
6776
5268
5287
5379
7311
8332
5388
7027
6234
6832
8110
8144
6521
6547
7457
5276
5458
7172
5859
6577
5280
5381
7864
7874
5402
5834
6718
6301
5400
5423
5290
5497
5975
5318
6419
5455
5296
5362
5482
7494
5301
5322
5389
5430
5321
5306
5670
5453
5304
6680
5953
6443
5307
5316
5384
6569
5313
5637
5474
6978
5467
7159
5314
5324
5334
5598
6845
5336
6174
5320
5323
5663
8032
8364
5406
5474
6392
5473
5637
6961
5453
7602
5330
5332
5401
5832
5335
5339
5385
5335
6559
7765
5393
5606
5343
5572
5370
6061
5351
6838
5577
5349
7475
5402
5406
8336
5627
6909
8333
7549
7563
5534
6661
6848
7500
6939
7598
5479
6413
8114
5381
7181
5373
5466
6506
8232
5482
5381
6942
7597
5376
5378
5383
6752
5387
7052
8183
5390
6851
7614
6946
6149
7055
5465
5455
6584
5402
5536
6296
5405
6485
7009
5405
8313
5621
5715
7216
8349
8044
6464
7123
8311
6497
6667
8123
5756
7214
7807
8411
6760
7388
7424
6208
7191
7439
6143
7087
7255
5456
8056
6182
5589
5643
8327
6992
7003
7567
8108
6480
7581
5766
7646
5857
8002
8341
6541
6637
5638
5440
5702
7234
7400
7404
7445
7932
7933
5786
6082
7463
5930
7200
7475
5961
6388
6501
5916
6261
7926
5452
5755
7463
8056
5466
6577
6571
7581
5466
6528
8442
7473
7728
6855
7477
8102
6453
7833
5485
7465
6074
6140
6476
6555
6478
6462
6286
6092
7223
7897
7898
8429
5495
7213
7832
5494
7670
7842
5492
5500
7612
8054
5527
6433
7996
5500
7996
7458
6124
6214
7446
8024
5510
8351
7316
7510
6549
6550
5999
5508
5597
7653
6783
7483
6783
6805
5776
5865
6173
6762
6668
8319
6716
5517
5610
5539
5904
5615
6705
7222
5525
5841
7193
8379
5705
6565
7454
8031
6173
8366
5558
7474
7483
6410
6782
7533
5626
6116
8273
6250
7571
5626
5901
7549
6597
7353
8390
5574
6604
7724
8221
6764
7881
6472
6771
6434
6516
6545
6687
6960
7482
5559
6901
6903
6905
6368
7767
5938
7482
7381
7652
7560
7579
6481
7516
5736
5837
5839
5869
6935
7353
8391
6518
7648
8397
6598
8386
6643
8383
8394
6933
7767
8394
5746
5746
6841
7273
7357
7358
6780
7650
5910
7721
7729
6856
5906
6945
7634
8015
5590
5628
6807
7707
8242
8111
8013
5591
7611
5933
6159
8151
6755
6658
7706
7979
6622
5623
7536
6180
6792
6490
7573
7569
6634
8268
6145
7268
7572
6644
5612
5639
6821
5617
6596
8376
8384
8365
6599
6529
8379
8380
7950
7500
7585
7557
7044
6622
6713
7594
8045
5908
7597
5645
6907
6926
7680
7905
8050
5986
5790
7633
8165
6805
6238
7999
8123
5788
6632
6683
7110
7283
7233
6681
7251
6270
6824
7979
8283
5945
6839
7786
7500
5661
7052
7015
7017
7939
7603
7953
7546
8409
7179
8201
8328
6123
6721
7817
8325
5855
7457
6175
7493
8073
6123
6719
7527
7587
5803
8256
6299
6703
6850
7695
5805
7005
7583
7967
6849
8373
5676
7952
7404
5705
7454
8033
8460
5763
7215
6931
6223
6278
7182
7821
7328
8191
5684
7170
8133
5685
7231
6075
8133
5691
7275
7825
7828
8217
6269
6428
6735
6287
7103
7826
6161
7130
7307
7111
7738
8270
6307
6403
6561
6578
5699
5852
6300
6840
7168
5835
6094
6376
6457
6462
6915
5959
6378
6429
6925
5712
7403
7404
5704
6575
7402
6498
6503
7403
5708
5709
6067
5731
6864
6257
6711
6571
5714
5819
6770
6675
7666
6204
5716
6171
6955
5718
6692
7667
5730
6081
6215
5829
6445
6742
6915
6187
8057
5832
6399
6746
6794
5723
6230
5723
7106
6260
8285
5727
5867
6493
6922
6249
7087
7104
5730
6846
7654
7411
7412
6240
8385
5737
6922
7516
5995
6762
8448
6785
6786
7361
5864
5982
6664
5759
6579
7174
6438
6973
6181
6587
8015
7618
5774
7372
6155
6158
5751
5989
6701
7804
5989
6778
5767
7419
7420
5751
6303
8233
5755
5763
5757
7464
7341
5763
7221
7377
7423
7187
7677
8010
7449
7451
7832
7428
5774
7676
8158
7373
7618
6153
7673
7675
5768
7419
6336
6391
6463
7669
5777
8222
5914
6450
6704
6795
7373
7494
5778
7099
6885
7443
6869
7746
7656
6777
6374
7748
6992
7258
8266
7535
7189
8121
6632
8405
8283
7415
6370
5795
6486
6623
6878
7540
7609
7542
7634
6824
6928
8260
5809
6825
6928
6949
5802
6417
5802
5963
5807
5962
6709
8260
8373
6686
7995
8256
6686
6174
6389
6568
6752
8250
5993
6335
6389
6955
6389
6390
6454
6955
7856
7859
7020
8241
8400
6081
6641
6701
5826
6221
8075
5983
5827
5829
6845
5920
5993
8076
6399
6746
7742
5973
6099
6377
6038
6746
8001
5966
7157
7262
5852
6373
5957
8160
7734
6297
6392
6804
7518
8398
8416
8398
7521
7651
7260
8092
6575
6756
5896
6303
6715
7586
7052
6309
6337
7098
6880
5868
6462
6742
6961
5893
6115
6821
6912
6296
6794
5870
6797
7437
7051
7580
7972
8277
8357
6543
6111
6936
5904
6250
6451
6462
6081
6487
7649
5869
6781
7635
7654
6256
6451
6929
7782
8398
8048
7973
7923
6011
8307
6963
5878
6265
5986
6459
7024
6393
5909
6025
6741
6984
6367
8209
5891
6112
6258
5886
7840
7031
7472
8100
6122
6702
6160
6578
6100
6307
6578
6921
7674
7754
5900
7555
8090
5902
6838
6605
7352
7724
7765
6899
6820
7594
8289
6907
8333
6284
6469
6680
7722
7743
5913
6478
7056
6404
6929
7747
7924
8157
6558
6425
6977
5919
8181
7722
7725
7281
7960
7767
5930
7915
5928
7855
5932
6120
7143
5930
5932
7626
5970
7298
7298
7288
7313
5937
7279
5950
6933
8463
5981
7362
7562
7561
6646
7584
8226
6964
7740
8261
6819
6839
6935
7725
7501
7530
5962
6417
6741
6511
6515
6723
6044
6269
6334
6450
5961
7238
8086
5964
5963
6743
6754
5965
6070
5969
5969
7153
5969
7958
8055
6227
8052
6099
6289
6743
6804
7171
7895
6050
6740
6328
7641
6518
7363
8403
6974
5983
6967
7654
7660
5989
5992
6081
7649
8249
6963
6748
6918
7637
7661
8348
7636
6215
6734
7207
7290
6980
7077
7078
6890
6086
6282
6385
6008
6042
6432
7774
6892
6282
6361
6385
6554
7034
7241
6008
7253
6983
6991
6235
6343
6650
7054
7875
8399
7067
6018
6022
7969
8389
6025
6377
6740
6345
6096
6408
7438
7626
6029
6161
6162
7954
6031
6281
6033
6036
6034
6036
6297
6443
6469
6328
6039
8445
6755
6915
6040
7858
7074
6044
6075
6310
6083
6994
7037
6063
6266
6501
7210
8005
6160
6292
8237
6062
6235
8437
7988
6094
6099
6292
6338
7049
7333
8172
8089
6061
8456
6293
7074
7081
8146
7862
8439
7120
7120
7121
6259
6832
7122
6829
7848
7858
6310
6321
8169
6387
6711
6353
6072
6113
6496
6388
6106
7209
6458
6923
7865
6083
8151
6088
6090
8068
8070
6088
7878
8145
8052
8160
8339
6257
6493
7029
8069
7812
6128
6583
8396
6339
6493
6922
6294
6840
7137
7942
8409
6459
6984
6174
6454
6109
6985
6437
6740
7959
7338
7386
7092
8128
8307
6266
7210
7856
6109
6863
6930
7502
7226
8107
8362
6339
6387
6660
6403
6463
8132
8139
8143
6247
7439
7855
7605
6302
6475
7069
7442
7122
8432
8455
7878
6510
8070
6131
6283
7230
8153
6305
8271
7184
8269
8330
6513
6510
8023
7919
8036
7886
6248
7287
8104
7188
6268
6271
8296
6150
8458
6149
6188
6535
7205
7853
6954
7377
6397
7674
7791
7376
8134
6738
6921
7369
7936
6678
7249
8014
6167
6631
6304
7507
6668
7194
6992
8077
8077
8078
6454
7414
8203
8425
6636
6569
7225
6628
7199
6631
6634
6179
6703
8243
8245
6609
6758
7489
7898
7219
7212
6191
7853
8003
8455
7163
8036
7167
7227
7427
6471
6531
6756
7884
6465
6468
6472
7172
7607
7461
6236
6246
6378
6503
7453
6499
7933
6499
7933
6467
7228
6673
7215
7445
7910
6846
6955
6920
6957
7944
8409
6236
6446
6461
6236
6448
6701
7804
8400
8206
7631
8427
7158
8130
6312
8053
7183
7207
7290
8095
6234
8110
7862
8393
6263
6707
7045
6429
7151
8117
8197
6241
8122
8157
7890
7925
6256
6442
6446
7354
8428
6802
7410
8264
6456
7685
8105
8135
7156
8177
8178
6490
6710
6440
6822
7367
8362
6803
7638
6272
7968
6393
7208
8370
8301
6716
6946
8139
8303
7154
7947
7285
6311
8190
7170
7323
7325
6329
7895
7814
7104
6423
6739
6287
6392
6978
6407
6411
6419
7810
6754
6978
6723
6724
6406
7080
6406
6421
6950
8163
6300
6416
7035
7732
6392
7107
7266
7974
6309
6323
8017
8270
8272
7821
6425
6977
7615
6312
7229
8134
6326
6325
7718
6842
7346
7545
7140
6331
6445
6514
6407
6337
6326
7311
7900
7896
6401
6732
6835
7795
6742
6822
6416
6449
6460
7745
7826
6413
6568
6946
6770
6925
6403
6420
7085
6711
6919
7047
8172
6385
6344
7773
7293
7387
8441
7790
6350
7894
8332
7811
8387
6365
8202
6359
6951
7725
7743
6390
6405
7146
7478
6379
6794
6840
6965
6408
6460
6557
7027
6546
6458
6969
6426
6486
6458
6766
6410
6782
6376
6755
6742
6845
6961
6539
6559
7280
6416
6421
6743
6440
6452
6950
6487
6496
8378
8316
6410
7533
6493
6396
7102
7349
7945
6923
7210
6635
6554
6737
6811
7567
7242
6418
7254
7945
8202
6957
8436
8438
6401
6411
7625
6407
6411
7814
6961
7748
6454
6738
6748
6427
6921
6417
6418
6984
6413
6568
6776
7336
6704
6450
6451
6716
6744
6739
7809
6561
8109
6449
6586
6461
6463
6821
6469
6451
6427
6649
7658
6459
6429
6770
7060
7387
6441
6471
7450
7450
7451
7670
6507
8087
8092
6495
6864
6958
7084
6929
6447
6822
6680
6804
6452
6455
6758
6514
6758
6823
6461
6920
7805
6557
6929
6746
7741
6514
6625
6950
6457
6587
6469
7056
7175
6801
7220
7851
6473
6580
7388
7474
7570
7330
7351
8123
6485
6760
8306
8352
8405
7658
6641
7524
7682
6964
8377
6684
7701
7233
7664
6766
6664
7636
7408
7663
7234
7400
8002
8086
7910
6572
8231
8044
8098
7260
7418
6717
7106
7870
8459
6917
6717
6903
7660
6798
7749
6524
6547
7727
6605
6547
7517
7429
7423
6530
6581
6647
8009
8008
6796
7450
8061
8065
6539
6540
6795
8030
7726
6565
7476
8344
6552
7773
6558
7097
6846
8338
8339
8340
6738
7048
8007
6816
8028
6618
6925
6946
6573
8442
8056
8450
8462
8029
8461
7818
8461
7705
6580
7679
6760
7292
7449
7187
6585
7899
6586
6587
8396
6625
6755
6625
6644
8294
6607
8372
7541
8293
7554
7760
7574
8275
6595
7575
8121
7575
7189
6607
6648
8384
8391
6763
8463
6602
7730
7333
7525
8391
6642
8367
8367
7985
8367
7528
7589
6652
6653
7427
7680
7681
8309
7190
7413
6656
7530
7043
6624
6777
6915
7271
7272
6638
7607
6630
8026
6676
6672
6737
6752
8073
8140
7761
6920
8293
7395
8345
7397
7761
6962
7616
6756
6911
7696
7004
7256
7426
7191
6658
8266
8194
6664
6922
7502
7735
6967
7986
7250
6671
8363
6675
7234
7668
6710
6692
6808
7611
6741
6683
7252
7252
6952
6690
7560
6709
6814
7600
6809
7668
6849
7537
8246
8256
8377
7565
7984
6700
7986
7606
6770
7486
7472
7771
7566
7582
7155
7938
7596
8137
7871
7182
7181
8191
7719
8182
8331
6931
6730
7318
7327
7795
7182
7344
8189
7369
6912
6984
6921
6743
6753
7245
7856
7770
6917
6950
6885
7640
6908
6776
6764
8449
6876
6789
6971
6887
7483
7756
6969
7359
6923
7495
7797
7679
8208
6773
8416
7352
7521
7392
7552
7368
7649
6786
7801
6801
7542
7651
8408
6789
6789
6971
7806
7336
7551
7917
8292
6877
7642
7641
7785
7541
8141
7639
6978
6927
7704
6952
6957
7684
7684
7610
7690
6977
7687
7540
6937
6876
6876
6917
8242
7009
8286
7121
7845
8005
6854
7834
8457
7845
8437
7242
7815
8093
6868
7495
6857
6848
7787
7544
7624
8200
7655
7692
7544
6852
6954
7418
7675
7791
6881
8454
8320
7042
6875
7083
7093
8454
8457
6883
6947
6881
7495
6879
7693
7543
7481
6877
7481
6912
7802
7562
7694
7058
8369
6949
8440
6985
7098
6887
6980
7077
6891
7077
7841
6896
6987
6896
7816
6989
7520
6944
7768
6906
7393
6902
6905
7391
7768
7558
7758
8320
7504
7550
6943
6982
6948
7740
7013
8001
8242
7881
7519
7648
6942
6941
8368
7704
8227
7600
7703
8291
7149
7265
6959
7600
7690
7683
7050
6979
7636
6969
7381
7363
7644
7526
7648
8397
7685
8062
7691
6982
6987
7816
7037
8235
7178
7079
6995
8306
8313
7019
7082
7116
7001
7006
7007
7019
7023
7004
7008
7014
7971
7972
7014
7050
7051
7116
7580
7258
7014
7051
8066
8071
7256
8174
7110
7112
7937
7026
7107
7858
7084
7070
7073
7060
7024
7035
7281
7043
7050
7278
7118
7036
7032
7816
8093
7399
7041
7071
7074
7101
7150
7946
7072
8089
7043
7089
7781
7090
7564
7694
8068
7068
7090
7966
8090
7695
8382
7278
7712
7755
7811
7124
7834
7846
8435
7084
7089
7079
7080
8089
7108
7709
7081
7939
8282
7781
8173
7941
7963
8117
7434
7151
8150
7667
8043
8349
7409
7114
8234
7929
7148
7892
7929
7436
7109
7112
7450
7670
7118
7939
7913
7975
7959
8338
7799
7116
7939
7713
7714
7713
7861
8082
7755
7212
7236
8410
8415
7411
8412
7130
7133
7306
7134
7135
7140
7628
7601
7347
7347
7623
7888
8042
7401
7879
7891
7957
8178
7957
8159
8176
7957
8177
7324
7820
7821
7345
8199
7432
7166
7167
8421
8131
7343
7315
7323
8450
7175
7317
7909
7177
7197
7354
8204
7256
7622
8184
8319
7186
7192
7192
7197
7194
7416
7512
7944
7532
8035
7202
7950
8021
7203
8120
7913
7951
7954
8041
8401
7793
7211
7221
7423
7514
7217
8075
7225
7532
7461
7491
8074
7440
8295
7315
8134
8137
8185
7403
8370
7854
8359
8444
7462
8056
7243
8392
7245
8099
7854
7961
8147
8097
7901
8275
8276
7928
8085
8117
8081
7410
8203
8104
7290
8290
8136
7284
7266
7973
7418
7980
7273
8148
8179
7745
7279
7417
8088
8432
7284
7938
7285
7733
7297
7968
7330
8225
7296
8156
8181
8085
7969
7302
7940
8104
8053
7686
7892
7307
7623
7936
7970
7820
8196
8196
8184
8422
8422
7319
7325
8353
7721
7722
7328
7326
7329
7327
7328
8130
7329
7329
7990
7775
7776
7780
8420
7337
7770
7889
8016
7550
7551
7337
7770
7340
7340
7386
7377
7423
8411
7360
7369
7935
7863
8224
7350
7879
7523
8422
7439
7753
8428
8402
8342
7379
7533
7538
7364
7659
8413
7367
7366
7375
7376
7618
7390
7646
7383
7381
7652
8403
7384
7396
7775
7413
7393
8390
7394
7397
7763
7400
7445
8031
7476
7477
8364
7663
8049
7408
7663
8401
8210
8112
8265
7464
8230
7849
8358
7752
8167
7429
7510
7667
8326
8334
8061
7988
8061
7910
7932
8435
7739
7632
7897
7665
7670
7665
8423
7455
7456
7457
7457
7476
8364
8009
8232
7931
7465
7898
7470
8400
8032
8034
8030
7498
7484
7756
7486
7488
8076
8020
7509
7497
7779
8051
8054
8022
8308
7509
7807
7638
7639
7520
8416
7549
8287
8386
8297
7802
7535
8026
8025
7697
7772
8352
7546
7548
7657
7772
7751
7555
7578
8335
7693
7578
7559
8336
7563
8368
7605
7581
8204
7576
7902
7578
7967
8229
8283
7972
8278
7999
7586
7608
7696
7595
8289
7612
7696
8247
7882
8297
7610
8352
7613
8233
7620
7942
7911
7738
7910
8167
8413
7750
7801
7642
7644
7659
8413
8287
8401
7917
7669
8343
8057
8193
7842
7832
7676
7675
7676
8281
8284
8417
8368
8260
8354
8388
8286
8093
8146
7715
7716
7720
7829
8395
7727
7730
7737
7736
7735
7736
7735
7737
7737
7864
8019
7797
8078
7812
8419
7762
7763
8394
8406
8209
7774
8420
7778
7780
7784
7783
7785
8418
7788
7788
8322
8290
8091
8098
8127
7814
7799
7798
7799
7827
8168
7810
7812
7816
8329
8462
7820
8190
8131
8164
7830
8232
8369
7837
7837
7839
7841
7841
7934
8010
7844
8457
8228
8212
8215
7919
7860
7914
8183
7868
7868
8430
7874
8312
7934
7883
8067
8069
8449
7961
7949
8279
7969
7946
7894
7896
7908
7900
7900
7900
8400
8063
8046
7906
7907
8025
8270
8025
7935
7951
7916
8154
7926
8316
8156
8181
8213
8082
7927
8279
8083
7968
7936
7951
7938
7977
7976
7943
8103
7946
8085
7958
8224
8120
8251
8041
8187
7955
7955
7959
8161
8375
7966
8046
7978
7995
7975
8305
7977
8302
8304
7979
7983
7986
7998
8180
8149
8381
8377
8267
7998
8004
8005
8009
8009
8111
8276
8441
8132
8331
8024
8154
8026
8262
8059
8033
8344
8364
8421
8193
8050
8049
8267
8175
8351
8062
8064
8064
8252
8258
8065
8069
8194
8081
8425
8081
8412
8140
8097
8099
8101
8360
8362
8410
8107
8107
8361
8104
8127
8187
8392
8393
8327
8114
8203
8150
8265
8145
8414
8200
8273
8134
8151
8136
8138
8148
8142
8143
8145
8147
8168
8169
8334
8163
8186
8167
8179
8441
8374
8328
8305
8185
8193
8253
8254
8268
8192
8329
8198
8350
8325
8210
8222
8263
8214
8314
8222
8234
8231
8232
8240
8332
8358
8245
8373
8251
8281
8258
8334
8329
8271
8273
8274
8278
8282
8284
8288
8313
8426
8301
8315
8302
8304
8310
8311
8318
8321
8322
8323
8323
8343
8331
8350
8341
8341
8451
8354
8360
8362
8371
8379
8380
8375
8381
8378
8380
8381
8391
8389
8404
8402
8403
8408
8415
8428
8427
8429
8429
8433
8434
8435
8447
8460
8454
8450
8463
8452
8456
8461
8462
)


// ************************************************************************* //
