/*--------------------------------*- C++ -*----------------------------------*\
| =========                 |                                                 |
| \\      /  F ield         | OpenFOAM: The Open Source CFD Toolbox           |
|  \\    /   O peration     | Version:  v1906                                 |
|   \\  /    A nd           | Web:      www.OpenFOAM.com                      |
|    \\/     M anipulation  |                                                 |
\*---------------------------------------------------------------------------*/
FoamFile
{
    version     2.0;
    format      ascii;
    class       labelList;
    location    "constant/polyMesh";
    object      pointProcAddressing;
}
// * * * * * * * * * * * * * * * * * * * * * * * * * * * * * * * * * * * * * //


1875
(
12
13
14
15
16
17
18
19
66
67
68
75
76
77
82
83
84
85
86
87
88
136
137
145
146
156
157
158
164
165
168
169
175
176
177
178
179
180
181
182
183
184
185
186
187
188
189
190
191
192
193
194
195
196
197
198
199
200
201
202
203
204
225
226
227
228
229
230
231
232
233
234
235
236
237
238
239
277
278
279
280
281
294
295
296
297
298
299
300
338
339
341
342
343
344
345
346
347
348
349
350
351
352
353
354
355
356
357
375
376
377
388
389
390
391
392
393
394
395
396
397
398
399
400
401
402
424
425
426
427
428
429
430
431
432
433
434
435
442
443
444
445
450
451
452
455
456
457
460
461
462
465
466
467
468
469
475
476
477
480
481
482
483
484
494
495
496
497
504
505
506
507
508
509
510
511
512
513
514
515
516
517
518
520
521
522
523
524
525
526
527
528
529
530
531
532
533
534
535
536
537
538
539
540
541
542
543
624
625
626
627
628
629
630
631
659
689
784
786
787
788
789
790
791
792
793
794
795
796
797
798
799
800
801
802
803
804
805
806
807
808
809
810
811
812
813
814
815
816
817
818
819
820
821
822
828
829
830
843
874
951
952
953
954
955
956
965
966
991
992
1045
1135
1136
1137
1138
1139
1140
1141
1142
1143
1144
1145
1146
1147
1148
1149
1150
1151
1152
1153
1154
1155
1156
1157
1158
1159
1160
1161
1162
1163
1164
1165
1166
1167
1168
1169
1170
1171
1172
1173
1174
1175
1176
1177
1178
1179
1180
1181
1182
1183
1184
1185
1199
1200
1201
1225
1226
1227
1228
1232
1233
1235
1236
1237
1240
1241
1242
1245
1246
1248
1249
1250
1251
1252
1253
1254
1255
1258
1259
1260
1261
1266
1267
1268
1269
1270
1272
1273
1275
1276
1278
1279
1293
1294
1295
1296
1297
1298
1301
1312
1316
1331
1332
1333
1336
1355
1358
1365
1388
1393
1396
1399
1411
1460
1569
1570
1571
1572
1573
1574
1575
1576
1577
1578
1579
1580
1581
1582
1583
1584
1585
1586
1587
1588
1589
1590
1591
1592
1593
1594
1595
1596
1601
1602
1603
1605
1606
1607
1608
1609
1612
1613
1615
1616
1617
1618
1634
1635
1641
1642
1643
1644
1645
1646
1647
1648
1649
1650
1651
1652
1653
1665
1671
1681
1682
1683
1684
1685
1686
1687
1688
1689
1703
1709
1722
1723
1724
1755
1756
1757
1758
1759
1760
1761
1762
1763
1764
1765
1766
1767
1768
1769
1770
1772
1773
1774
1775
1776
1777
1778
1779
1781
1783
1784
1785
1786
1787
1788
1789
1790
1791
1792
1793
1794
1795
1796
1798
1799
1800
1801
1802
1803
1804
1805
1806
1821
1822
1828
1829
1830
1831
1832
1833
1834
1835
1836
1837
1838
1839
1840
1853
1861
1870
1871
1872
1873
1874
1875
1876
1877
1878
1898
1910
1911
1912
1916
1942
1943
1944
1945
1946
1947
1948
1949
1950
1951
1952
1953
1955
1956
1957
1958
1959
1960
1961
1962
1965
1966
1967
1968
1969
1970
1971
1975
1976
1977
1978
1979
1980
1981
1982
1983
1985
1993
1994
1995
1996
1997
1998
1999
2000
2001
2002
2003
2004
2005
2006
2007
2008
2009
2010
2011
2012
2013
2014
2015
2016
2017
2018
2019
2020
2021
2022
2023
2024
2025
2026
2027
2028
2029
2030
2041
2042
2043
2046
2047
2048
2049
2050
2051
2052
2053
2054
2057
2058
2059
2060
2061
2062
2063
2064
2066
2070
2071
2072
2073
2074
2075
2076
2077
2080
2081
2082
2088
2098
2099
2102
2103
2104
2105
2106
2107
2109
2110
2111
2112
2133
2134
2135
2136
2139
2140
2141
2142
2143
2144
2147
2149
2164
2165
2167
2168
2169
2177
2181
2182
2183
2184
2185
2187
2188
2189
2190
2191
2192
2193
2194
2195
2196
2197
2198
2199
2200
2203
2204
2205
2206
2207
2208
2209
2210
2211
2212
2213
2214
2216
2217
2239
2259
2260
2268
2269
2270
2271
2272
2273
2275
2276
2277
2278
2279
2280
2281
2299
2300
2301
2302
2303
2305
2306
2309
2310
2311
2312
2313
2314
2315
2316
2317
2318
2319
2321
2322
2324
2341
2342
2343
2344
2345
2346
2347
2351
2352
2353
2355
2356
2357
2358
2359
2361
2362
2363
2366
2369
2371
2372
2373
2374
2375
2376
2377
2378
2379
2383
2384
2385
2387
2388
2389
2390
2391
2392
2393
2394
2395
2396
2397
2398
2399
2400
2401
2402
2403
2404
2405
2406
2407
2408
2409
2410
2411
2412
2413
2414
2415
2416
2417
2418
2419
2420
2421
2422
2423
2424
2425
2426
2427
2429
2430
2431
2432
2433
2434
2435
2436
2437
2438
2439
2440
2441
2442
2443
2444
2445
2446
2447
2448
2449
2450
2451
2452
2453
2454
2455
2456
2457
2458
2459
2460
2461
2462
2463
2464
2465
2466
2467
2468
2469
2470
2471
2472
2473
2474
2475
2476
2477
2478
2479
2480
2481
2482
2483
2484
2485
2486
2487
2488
2489
2490
2491
2492
2493
2494
2495
2496
2497
2498
2499
2500
2501
2502
2503
2504
2505
2506
2507
2508
2509
2510
2511
2512
2513
2514
2515
2517
2518
2519
2520
2521
2522
2523
2524
2526
2527
2529
2530
2531
2532
2533
2534
2535
2543
2544
2545
2546
2547
2548
2549
2550
2551
2552
2553
2554
2555
2556
2563
2564
2565
2566
2567
2568
2571
2575
2576
2577
2578
2579
2580
2581
2582
2584
2585
2586
2587
2588
2589
2590
2591
2592
2593
2602
2606
2607
2608
2619
2634
2648
2649
2667
2668
2675
2676
2677
2678
2679
2680
2681
2686
2687
2688
2689
2691
2692
2693
2694
2695
2696
2698
2699
2700
2701
2702
2703
2704
2705
2706
2707
2708
2709
2710
2711
2712
2713
2716
2717
2718
2719
2720
2721
2722
2723
2724
2725
2726
2727
2728
2729
2731
2732
2733
2734
2735
2736
2737
2738
2739
2740
2741
2742
2743
2744
2745
2748
2749
2750
2751
2753
2756
2757
2763
2764
2765
2766
2767
2768
2769
2770
2771
2773
2774
2775
2776
2777
2778
2779
2780
2781
2787
2788
2790
2791
2792
2793
2794
2796
2818
2819
2820
2821
2822
2823
2825
2826
2827
2828
2829
2830
2833
2834
2835
2836
2837
2838
2839
2840
2841
2842
2843
2844
2845
2846
2847
2848
2849
2850
2851
2852
2853
2854
2855
2857
2858
2859
2860
2862
2863
2864
2865
2866
2867
2868
2869
2870
2894
2896
2898
2899
2900
2901
2904
2905
2906
2907
2908
2909
2910
2911
2912
2914
2915
2916
2917
2919
2927
2932
2933
2934
2935
2936
2937
2938
2939
2940
2942
2943
2946
2947
2948
2949
2950
2951
2952
2953
2954
2955
2956
2957
2958
2959
2960
2961
2962
2967
2969
2970
2971
2973
2974
2975
2976
2977
2985
2986
2987
2989
2990
2991
2992
2993
2997
2998
3001
3002
3032
3033
3034
3036
3037
3038
3039
3040
3041
3044
3045
3047
3048
3049
3050
3051
3114
3115
3116
3117
3118
3119
3120
3122
3123
3124
3125
3126
3127
3128
3129
3130
3131
3137
3146
3151
3152
3153
3154
3155
3156
3158
3159
3160
3165
3168
3170
3171
3172
3173
3188
3190
3191
3193
3194
3195
3196
3267
3495
3496
3497
3498
3501
5024
5025
5026
5027
5028
5029
5030
5031
5032
5033
5034
5036
5041
5042
5043
5044
5045
5046
5047
5048
5049
5050
5051
5052
5053
5054
5055
5056
5057
5058
5059
5060
5061
5062
5063
5064
5065
5066
5067
5068
5069
5070
5071
5072
5073
5074
5075
5076
5077
5078
5079
5081
5085
5086
5087
5088
5089
5094
5095
5096
5097
5098
5099
5100
5101
5102
5103
5104
5105
5106
5107
5108
5109
5110
5111
5113
5114
5116
5119
5120
5121
5124
5125
5126
5127
5128
5130
5131
5132
5133
5134
5156
5157
5183
5185
5186
5187
5188
5189
5190
5191
5192
5193
5194
5195
5196
5197
5198
5199
5200
5201
5202
5203
5204
5205
5206
5207
5208
5209
5210
5211
5212
5213
5214
5215
5216
5217
5218
5219
5220
5221
5222
5223
5227
5228
5229
5230
5231
5232
5233
5234
5236
5237
5238
5239
5240
5242
5243
5244
5245
5246
5247
5248
5249
5250
5251
5252
5253
5254
5255
5256
5257
5258
5259
5260
5261
5266
5267
5268
5270
5271
5272
5273
5274
5275
5276
5277
5278
5279
5280
5281
5282
5283
5284
5285
5286
5287
5288
5289
5292
5294
5295
5296
5297
5298
5299
5300
5301
5302
5303
5304
5305
5307
5308
5309
5310
5311
5312
5313
5314
5315
5316
5317
5318
5319
5320
5321
5322
5323
5324
5325
5326
5327
5328
5329
5330
5331
5332
5333
5334
5335
5336
5337
5338
5339
5340
5341
5342
5343
5344
5345
5346
5347
5348
5349
5350
5351
5352
5353
5354
5355
5356
5357
5358
5359
5360
5361
5362
5363
5364
5365
5366
5367
5368
5369
5370
5371
5372
5373
5374
5375
5376
5377
5378
5379
5380
5381
5382
5383
5384
5385
5386
5387
5388
5389
5390
5391
5392
5393
5394
5395
5396
5397
5398
5399
5401
5402
5403
5404
5405
5406
5407
5408
5409
5410
5411
5412
5413
5414
5415
5416
5417
5418
5419
5420
5421
5422
5423
5424
5425
5426
5428
5429
5430
5431
5432
5433
5434
5435
5436
5437
5438
5439
5440
5441
5442
5443
5444
5445
5446
5447
5448
5449
5450
5452
5453
5454
5455
5456
5457
5458
5459
5460
5461
5462
5463
5464
5465
5466
5467
5468
5469
5470
5471
5472
5473
5474
5475
5476
5477
5478
5479
5480
5481
5482
5483
5484
5485
5486
5487
5488
5489
5490
5491
5492
5493
5494
5495
5496
5497
5498
5499
5500
5501
5502
5503
5504
5505
5506
5507
5508
5509
5510
5511
5512
5513
5514
5515
5516
5517
5518
5519
5520
5521
5522
5530
5531
5532
5533
5534
5535
5537
5538
5539
5540
5541
5542
5543
5544
5545
5547
5548
5549
5550
5551
5552
5553
5554
5555
5556
5557
5563
5565
5725
5755
5756
5757
5758
5759
5760
5761
5762
5763
5764
5765
5766
5767
5768
5769
5770
5771
5774
5775
5776
5778
5779
5780
5781
5782
5783
5784
5785
5786
5787
5788
5789
5790
5791
5792
5793
5794
5795
5796
5797
5798
5799
5800
5801
5802
5803
5804
5815
5816
5817
5818
5819
5820
5821
5822
5823
5824
5825
5826
5827
5828
5829
5830
5831
5832
5833
5834
5835
5836
5837
5839
5840
5842
5843
5845
5846
5847
5848
5849
5850
5851
5852
5853
5854
5855
5856
5857
5858
5859
5860
5861
5862
5863
5864
5865
5866
5867
5868
5869
5870
5871
5872
5873
5874
5875
5876
5877
5878
5879
5880
5881
5882
5883
5884
5885
5886
5887
5888
5889
5890
5891
5896
5897
5898
5899
5900
5901
5902
5903
5904
5905
5926
5927
5928
5931
5932
5933
5936
5938
5943
5944
5947
5948
5963
5964
5965
5966
5968
5973
5982
5983
5984
5985
5988
5989
5992
5993
5994
5995
5996
5997
5998
5999
6000
6001
6002
6004
6005
6012
6015
6017
6018
6020
6021
6022
6023
6024
6025
6026
6027
6030
6031
6032
6033
6034
)


// ************************************************************************* //
