/*--------------------------------*- C++ -*----------------------------------*\
| =========                 |                                                 |
| \\      /  F ield         | OpenFOAM: The Open Source CFD Toolbox           |
|  \\    /   O peration     | Version:  v1906                                 |
|   \\  /    A nd           | Web:      www.OpenFOAM.com                      |
|    \\/     M anipulation  |                                                 |
\*---------------------------------------------------------------------------*/
FoamFile
{
    version     2.0;
    format      ascii;
    class       labelList;
    location    "constant/polyMesh";
    object      pointProcAddressing;
}
// * * * * * * * * * * * * * * * * * * * * * * * * * * * * * * * * * * * * * //


4317
(
129
131
257
258
259
260
261
262
263
264
265
266
267
268
276
277
278
279
280
281
282
283
284
285
286
287
288
289
290
291
292
293
294
295
296
297
298
299
300
301
302
303
304
330
331
332
333
334
335
336
337
338
339
340
341
342
343
344
414
415
416
417
418
419
420
421
422
423
424
425
426
427
428
1191
1192
1193
1194
1195
1196
1197
1198
1199
1200
1201
1210
1211
1212
1213
1214
1215
1216
1217
1218
1219
1220
1221
1222
1223
1243
1244
1245
1246
1247
1248
1249
1250
1251
1252
1253
1254
1255
1259
1260
1261
1262
1263
1264
1265
1266
1267
1268
1269
1277
1278
1279
1280
1281
1282
1283
1284
1286
1287
1288
1289
1290
1294
1295
1296
1310
1311
1312
1313
1314
1315
1316
1317
1321
1322
1323
1324
1325
1326
1327
1328
1336
1337
1339
1340
1341
1342
1344
1345
1346
1347
1349
1350
1351
1352
1364
1365
1366
1367
1370
1371
1372
1373
1375
1377
1378
1379
1380
1381
1382
1383
1390
1391
1393
1394
1395
1396
1398
1399
1400
1401
1402
1403
1404
1405
1406
1415
1416
1417
1418
1419
1421
1423
1426
1427
1428
1429
1430
1431
1432
1439
1440
1441
1442
1443
1453
1454
1455
1456
1457
1459
1460
1461
1463
1464
1466
1467
1468
1470
1471
1472
1473
1474
1475
1480
1481
1482
1483
1484
1485
1486
1495
1496
1497
1498
1499
1502
1503
1504
1505
1506
1508
1509
1513
1514
1519
1521
1522
1524
1525
1526
1527
1528
1529
1530
1532
1533
1534
1535
1538
1539
1544
1546
1547
1548
1549
1550
1551
1552
1553
1555
1556
1557
1559
1560
1561
1566
1567
1568
1569
1570
1571
1572
1573
1574
1576
1577
1578
1579
1580
1581
1582
1583
1585
1586
1587
1588
1589
1590
1591
1592
1593
1594
1595
1596
1597
1598
1599
1600
1611
1618
1619
1620
1621
1622
1623
1624
1625
1626
1627
1628
1654
1655
1656
1657
1658
1659
1660
1661
1662
1663
1664
1665
1666
1672
1677
1679
1680
1682
1684
1685
1686
1689
1690
1691
1692
1693
1694
1695
1696
1697
1698
1699
1700
1707
1710
1711
1712
1713
1714
1715
1716
1717
1718
1719
1720
1721
1726
1729
1730
1731
1733
1735
1736
1737
1738
1739
1740
1741
1742
1743
1744
1751
1752
1755
1763
1764
1765
1766
1767
1768
1769
1770
1771
1775
1777
1778
1779
1781
1782
1783
1784
1785
1786
1787
1792
1793
1795
1796
1798
1799
1800
1805
1807
1808
1809
1810
1811
1812
1813
1817
1818
1819
1820
1823
1824
1825
1826
1827
1828
1829
1834
1837
1839
1841
1842
1843
1844
1845
1846
1847
1848
1849
1850
1851
1852
1853
1857
1858
1859
1860
1861
1862
1864
1866
1869
1871
1874
1875
1876
1877
1878
1879
1880
1881
1882
1883
1884
1885
1886
1887
1890
1891
1893
1894
1897
1901
1902
1903
1904
1906
1907
1908
1909
1910
1911
1913
1915
1916
1918
1920
1921
1922
1924
1925
1926
1927
1928
1929
1930
1931
1932
1933
1934
1935
1936
1937
1938
1939
1940
1941
1942
2259
2260
2261
2262
2263
2264
2265
2266
2267
2268
2269
2270
2271
2272
2273
2274
2275
2276
2277
2278
2279
2280
2281
2282
2283
2285
2286
2292
2293
2294
2295
2296
2297
2298
2299
2300
2301
2302
2303
2304
2305
2306
2307
2308
2309
2310
2311
2312
2313
2314
2315
2316
2317
2323
2324
2325
2326
2327
2328
2329
2330
2331
2332
2333
2334
2335
2336
2337
2338
2339
2340
2341
2342
2343
2344
2345
2346
2347
2348
2349
2350
2351
2352
2353
2354
2355
2356
2357
2358
2359
2360
2361
2362
2363
2364
2365
2366
2367
2368
2369
2370
2371
2372
2373
2374
2375
2376
2377
2378
2379
2380
2381
2382
2383
2384
2385
2386
2387
2388
2389
2390
2391
2392
2393
2394
2395
2396
2397
2398
2399
2400
2401
2402
2403
2404
2405
2406
2407
2408
2409
2410
2411
2412
2413
2414
2415
2416
2417
2418
2419
2420
2421
2422
2423
2424
2425
2426
2427
2428
2429
2430
2431
2432
2433
2434
2435
2436
2437
2438
2439
2440
2441
2442
2443
2444
2445
2446
2447
2448
2449
2450
2451
2452
2453
2454
2455
2456
2457
2458
2459
2460
2461
2462
2463
2464
2465
2466
2467
2468
2469
2470
2471
2472
2473
2474
2475
2476
2477
2478
2479
2480
2481
2482
2483
2484
2485
2486
2487
2488
2489
2490
2491
2492
2493
2494
2495
2496
2497
2498
2499
2500
2501
2502
2503
2504
2505
2506
2507
2508
2509
2510
2511
2512
2513
2514
2515
2516
2517
2518
2519
2520
2521
2522
2523
2524
2525
2526
2527
2528
2529
2530
2531
2532
2533
2534
2535
2536
2537
2538
2539
2540
2541
2542
2543
2544
2545
2546
2547
2548
2549
2550
2551
2552
2553
2554
2555
2556
2557
2558
2559
2560
2561
2562
2563
2564
2565
2566
2567
2568
2569
2570
2571
2572
2573
2574
2575
2576
2577
2578
2579
2580
2581
2582
2583
2584
2585
2586
2587
2588
2589
2590
2591
2592
2593
2594
2595
2611
2612
2613
2614
2615
2616
2617
2618
2619
2620
2621
2628
2629
2630
2631
2632
2633
2637
2638
2639
2640
2641
2642
2643
2645
2646
2647
2648
2649
2654
2655
2656
2657
2658
2659
2660
2661
2662
2677
2678
2679
2680
2681
2682
2683
2684
2685
2686
2687
2693
2694
2695
2696
2697
2701
2702
2703
2704
2705
2706
2707
2709
2710
2712
2715
2716
2717
2718
2719
2720
2732
2734
2735
2736
2737
2738
2739
2740
2741
2742
2743
2744
2750
2751
2752
2754
2755
2756
2758
2760
2761
2762
2763
2764
2765
2766
2767
2768
2778
2780
2781
2782
2783
2784
2785
2786
2787
2788
2792
2793
2795
2796
2797
2799
2800
2801
2803
2805
2806
2807
2810
2811
2819
2820
2821
2822
2823
2824
2825
2826
2830
2832
2833
2834
2835
2836
2837
2838
2839
2840
2841
2842
2843
2850
2851
2852
2853
2854
2855
2856
2858
2859
2860
2861
2862
2863
2864
2865
2867
2871
2872
2873
2874
2875
2876
2877
2878
2879
2881
2882
2883
2884
2885
2886
2887
2888
2891
2892
2893
2894
2895
2896
2897
2898
2899
2900
2901
2902
2903
2904
2905
2906
2907
2908
2909
3682
3686
3687
3690
3691
3695
3696
3697
3698
3699
3700
3718
3719
3720
3721
3742
3743
3744
3745
3746
3747
3748
3749
3750
3767
3768
3769
3770
3771
3772
3773
3774
3775
3785
3797
3798
3799
3800
3801
3802
3803
3804
3805
3806
3807
3808
3831
3832
3833
3834
3835
3836
3837
3838
3839
3840
3841
3842
3843
3844
3845
3846
3847
3848
3849
3850
3851
3852
3853
3857
3858
3859
3860
3861
3862
3863
3864
3865
3866
3867
3868
3869
3902
3914
3915
3916
3917
3922
3923
3924
3925
3926
3927
3928
3929
3930
3931
3934
3944
3945
3946
3947
3948
3949
3950
3951
3952
3953
3954
3955
3956
3958
3959
3960
3961
3962
3963
3964
3965
3966
3967
3968
3969
3970
3971
3972
3973
3974
3975
3976
3977
3982
3983
3984
3985
3986
3987
3989
3992
3994
3995
3997
3999
4000
4001
4019
4020
4021
4022
4023
4024
4025
4026
4027
4028
4029
4030
4031
4032
4041
4042
4044
4045
4046
4047
4048
4049
4050
4051
4052
4053
4054
4055
4056
4057
4058
4059
4060
4061
4062
4063
4064
4065
4067
4068
4069
4070
4071
4072
4073
4074
4075
4076
4077
4078
4079
4080
4081
4082
4083
4084
4085
4086
4087
4088
4090
4091
4095
4096
4098
4099
4100
4101
4102
4103
4104
4105
4106
4107
4108
4109
4110
4111
4112
4113
4114
4131
4132
4137
4138
4139
4141
4142
4143
4144
4145
4146
4147
4149
4150
4151
4152
4153
4154
4157
4168
4169
4181
4182
4183
4184
4186
4187
4188
4192
4193
4194
4195
4196
4197
4198
4202
4203
4204
4205
4206
4207
4208
4209
4210
4211
4212
4214
4215
4216
4217
4218
4219
4220
4221
4222
4223
4224
4225
4226
4227
4228
4229
4230
4231
4232
4233
4234
4235
4256
4259
4260
4262
4263
4264
4265
4266
4279
4280
4281
4282
4283
4284
4285
4286
4288
4289
4290
4291
4292
4293
4294
4304
4305
4335
4336
4337
4338
4339
4340
4341
4342
4343
4344
4345
4346
4347
4348
4349
4350
4351
4352
4353
4354
4355
4356
4357
4358
4359
4360
4361
4362
4363
4364
4365
4366
4367
4368
4369
4370
4371
4372
4373
4374
4375
4376
4377
4378
4379
4380
4381
4382
4383
4384
4386
4387
4388
4389
4390
4391
4392
4393
4394
4395
4396
4397
4398
4409
4410
4411
4412
4413
4414
4415
4416
4432
4433
4434
4435
4436
4437
4438
4440
4442
4444
4446
4447
4448
4449
4450
4451
4452
4453
4455
4456
4457
4458
4459
4465
4466
4467
4468
4469
4470
4471
4472
4473
4474
4475
4478
4479
4489
4490
4491
4492
4493
4494
4495
4496
4497
4498
4499
4525
4527
4528
4529
4530
4531
4532
4533
4536
4539
4545
4546
4558
4559
4560
4561
4562
4563
4564
4565
4566
4567
4568
4571
4572
4573
4586
4604
4621
4643
4644
4645
4646
4647
4648
4649
4650
4651
4652
4653
4654
4655
4656
4657
4658
4659
4660
4661
4662
4666
4667
4673
4674
4675
4676
4677
4678
4679
4680
4681
4689
4690
4691
4692
4693
4694
4695
4696
4718
4719
4720
4721
4722
4723
4729
4730
4732
4746
4747
4764
4765
4766
4767
4768
4769
4770
4771
4772
4773
4774
4776
4777
4885
4886
4888
4890
4891
4899
4909
4910
4911
4912
4924
4945
4946
4947
4948
4949
4965
4966
4967
4968
4969
4970
4971
4972
4973
4974
4992
4998
4999
5006
5064
5082
5083
5084
5086
5087
5088
5089
5092
5093
5098
5099
5172
5173
5174
5187
5188
5211
5212
5213
5227
5228
5229
5230
5232
5233
5274
5275
5276
5277
5502
5582
5619
5620
5621
5622
5623
5624
5626
5627
5628
5629
5634
5643
5644
5645
5646
5647
5648
5649
5650
5651
5686
5687
5688
5689
5690
5691
5692
5693
5694
5695
5696
5697
5698
5699
5700
5701
5702
5705
5706
5723
5724
5725
5726
5729
5775
5776
5777
5778
5779
5780
5781
5782
5783
5784
5785
5786
5788
6181
6182
6183
6191
6192
6655
8639
8790
8791
8932
9178
9179
9180
9181
9182
9183
9184
9185
9186
9187
9189
9190
9197
9198
9199
9200
9201
9202
9203
9204
9256
9270
9327
9328
9332
9461
9504
9505
9506
9604
9605
9606
9608
9609
9610
9611
9612
9613
9614
9615
9616
9619
9620
9621
9622
9623
9624
9625
9626
9627
9628
9629
9630
9631
9636
9637
9652
9653
9654
9655
9656
9657
9658
9659
9660
9662
9663
9664
9665
9666
9667
9669
9670
9672
9681
9682
9817
9818
9819
9820
9821
9823
9824
9825
9826
9827
9828
9829
9830
9831
9832
9833
9834
9836
9838
9839
9840
9843
9844
9845
9846
9847
9848
9849
9850
9851
9852
9853
9855
9860
9861
9867
9868
9869
9870
9871
9872
9873
9874
9875
9876
9881
9882
9883
9942
9962
9963
9969
9980
9981
10128
10136
10137
10138
10139
10140
10173
10174
10175
10179
10180
10187
10188
10189
10190
10191
10192
10202
10203
10204
10206
10210
10211
10212
10213
10214
10215
10216
10217
10218
10219
10220
10221
10222
10223
10224
10225
10226
10227
10228
10229
10230
10231
10232
10233
10234
10235
10236
10237
10238
10239
10240
10241
10242
10243
10244
10245
10246
10247
10248
10249
10250
10251
10252
10253
10254
10255
10259
10260
10261
10262
10263
10264
10265
10266
10267
10283
10284
10285
10286
10295
10296
10297
10298
10299
10300
10301
10302
10303
10323
10324
10325
10437
10438
10439
10440
10441
10442
10443
10444
10445
10446
10447
10448
10449
10450
10451
10452
10453
10454
10455
10456
10457
10458
10459
10460
10461
10463
10464
10465
10466
10467
10468
10469
10470
10471
10472
10473
10474
10475
10477
10478
10479
10480
10481
10482
10483
10484
10485
10486
10487
10488
10489
10490
10491
10495
10508
10509
10510
10511
10512
10513
10514
10515
10516
10530
10531
10532
10533
10549
10552
10613
10614
10615
10616
10617
10618
10619
10620
10621
10622
10623
10624
10625
10626
10627
10628
10629
10630
10631
10632
10633
10634
10635
10637
10638
10639
10640
10641
10642
10645
10646
10649
10650
10651
10652
10653
10654
10655
10656
10657
10658
10659
10660
10661
10662
10663
10664
10665
10666
10667
10668
10669
10670
10671
10672
10673
10675
10677
10678
10679
10680
10694
10695
10696
10697
10698
10699
10700
10701
10702
10703
10704
10705
10706
10707
10708
10710
10805
10806
10807
10818
10819
10821
10841
10842
10843
10844
10845
10846
10847
10848
10849
10850
10851
10852
10854
10856
10857
10858
10859
11064
11065
11066
11067
11068
11069
11070
11071
11072
11073
11074
11075
11076
11077
11078
11079
11080
11081
11082
11083
11084
11085
11086
11087
11088
11089
11090
11091
11092
11093
11094
11095
11096
11097
11098
11099
11100
11101
11102
11103
11104
11108
11109
11111
11112
11113
11114
11115
11116
11117
11118
11119
11120
11121
11122
11123
11546
11547
11548
11549
11550
11551
11552
11553
11554
11555
11556
11557
11558
11559
11560
11561
11562
11563
11564
11565
11566
11567
11568
11569
11570
11571
11572
11573
11574
11576
11577
11578
11579
11580
11581
11582
11583
11584
11585
11586
11587
11588
11589
11590
11591
11592
11593
11594
11595
11596
11597
11598
11599
11600
11601
11602
11605
11606
11607
11608
11609
11610
11612
11613
11614
11615
11617
11618
11619
11620
11623
11624
11625
11648
11660
11661
11757
11758
11759
11760
11761
11762
11763
11764
11765
11766
11767
11768
11769
11770
11771
11772
11773
11774
11775
11776
11777
11778
11779
11780
11781
11782
11783
11784
11785
11786
11787
11788
11789
11790
11791
11792
11793
11794
11795
11796
11797
11798
11799
11800
11801
11802
11803
11804
11805
11806
11807
11808
11809
11810
11811
11812
11813
11814
11815
11816
11817
11818
11819
11820
11821
11822
11823
11824
11825
11826
11827
11828
11829
11830
11831
11832
11833
11834
11835
11836
11837
11838
11839
11840
11841
11842
11843
11844
11845
11846
11847
11848
11849
11850
11851
11852
11853
11854
11855
11856
11857
11858
11859
11860
11861
11862
11863
11864
11865
11866
11867
11868
11869
11870
11871
11872
11873
11874
11875
11876
11877
11878
11879
11880
11881
11882
11883
11884
11885
11886
11887
11888
11889
11890
11891
11892
11893
11894
11895
11896
11897
11898
11899
11900
11901
11902
11903
11904
11905
11906
11907
11908
11909
11910
11911
11912
11915
11916
11917
11918
11919
11920
11921
11922
11923
11924
11925
11926
11927
11928
11929
11930
11931
11932
11933
11934
11935
11936
11947
11948
11949
11950
11951
11952
11953
11954
11955
11956
11957
11958
12032
12033
12034
12035
12036
12037
12038
12039
12040
12041
12042
12043
12044
12045
12046
12047
12048
12049
12050
12051
12052
12053
12054
12055
12056
12057
12058
12059
12060
12061
12062
12063
12064
12065
12066
12067
12068
12069
12070
12071
12072
12073
12074
12075
12076
12077
12078
12079
12080
12081
12082
12083
12084
12085
12086
12087
12088
12089
12090
12091
12092
12093
12094
12107
12108
12109
12110
12111
12112
12113
12115
12116
12117
12118
12119
12120
12121
12122
12123
12124
12125
12126
12127
12128
12129
12130
12132
12133
12134
12135
12136
12137
12138
12139
12140
12141
12142
12143
12144
12145
12146
12147
12266
12267
12268
12269
12271
12272
12273
12274
12277
12279
12286
12295
12297
12435
12436
12437
12438
12439
12440
12441
12442
12443
12444
12445
12446
12447
12448
12449
12450
12451
12452
12453
12454
12455
12456
12457
12458
12459
12460
12461
12462
12463
12464
12465
12484
12485
12486
12487
12488
12489
12490
12491
12492
12493
12494
12495
12496
12497
12498
12499
12500
12501
12502
12503
12504
12505
12506
12507
12508
12509
12510
12511
12512
12513
12514
12515
12516
12517
12518
12519
12520
12521
12522
12524
12525
12526
12527
12528
12529
12530
12531
12532
12533
12534
12535
12536
12537
12538
12539
12540
12541
12542
12543
12544
12545
12546
12547
12548
12549
12550
12551
12552
12572
12573
12574
12575
12576
12609
12612
12613
12614
12616
12645
12646
12647
12648
12649
12650
12651
12652
12653
12654
12655
12656
12657
12658
12659
12660
12661
12662
12663
12664
12665
12666
12667
12670
12671
12672
12673
12674
12675
12676
12677
12678
12679
12680
12681
12682
12683
12684
12685
12686
12687
12688
12689
12690
12691
12692
12693
12694
12695
12696
12697
12699
12700
12701
12707
12708
12709
12710
12711
12712
12713
12714
12715
12719
12720
12721
12722
12723
12724
12725
12726
12727
12728
12729
12730
12732
12734
12735
12736
12737
12738
12739
12740
12741
12742
12743
12744
12745
12746
12747
12748
12749
12750
12751
12752
12753
12754
12755
12756
12757
12758
12759
12760
12761
12762
12763
12764
12765
12766
12767
12768
12769
12770
12771
12772
12773
12774
12775
12776
12777
12791
12805
12820
12821
12822
12823
12824
12825
12826
12830
12831
12832
12833
12834
12835
12836
12837
12838
12839
12840
12841
12842
12843
12844
12845
12846
12847
12848
12849
12850
12851
12852
12853
12854
12856
12857
12864
12865
12866
12867
12868
12869
12870
12871
12872
12873
12874
12875
12877
12878
12879
12884
12886
12887
12888
12889
12890
12891
12892
12894
12895
12896
12897
12898
12899
12900
12901
12902
12903
12904
12911
12912
12913
12915
12916
12917
12918
12919
12920
12921
12922
12923
12924
12925
12926
12927
12928
12929
12931
12941
12943
12944
12945
12946
12947
12948
12949
12950
12951
12952
12953
12954
12955
12956
12957
12958
12959
12960
12963
12964
12965
12966
12967
12970
12971
12972
12973
12976
12977
12978
12979
12980
12981
12982
12983
12999
13000
13001
13002
13005
13006
13007
13009
13010
13011
13012
13013
13014
13015
13016
13017
13018
13019
13020
13021
13022
13023
13024
13025
13026
13027
13028
13029
13030
13031
13037
13038
13039
13040
13041
13042
13043
13048
13049
13050
13053
13054
13055
13059
13060
13069
13070
13071
13072
13073
13074
13075
13076
13077
13078
13079
13080
13081
13082
13083
13084
13096
13097
13098
13099
13101
13102
13103
13104
13105
13106
13107
13108
13109
13110
13111
13113
13119
13120
13121
13122
13123
13124
13130
13131
13132
13133
13134
13135
13136
13137
13138
13139
13140
13141
13142
13143
13144
13145
13146
13147
13148
13149
13150
13151
13152
13156
13157
13158
13159
13168
13169
13170
13171
13172
13173
13174
13175
13176
13177
13178
13179
13180
13181
13182
13183
13184
13185
13186
13187
13188
13189
13190
13191
13192
13193
13194
13195
13196
13197
13198
13199
13200
13201
13207
13208
13209
13210
13211
13215
13216
13217
13218
13219
13220
13224
13225
13226
13227
13228
13229
13230
13231
13232
13461
13462
13463
13464
13465
13467
13468
13469
13470
13471
13472
13473
13474
13475
13476
13477
13478
13479
13480
13481
13482
13483
13484
13485
13486
13487
13488
13489
13490
13491
13492
13493
13494
13495
13496
13497
13498
13499
13500
13501
13502
13503
13504
13505
13506
13507
13508
13509
13510
13511
13512
13513
13514
13515
13516
13517
13518
13519
13520
13521
13522
13523
13524
13525
13526
13527
13528
13529
13530
13531
13532
13533
13534
13535
13536
13537
13538
13539
13540
13541
13542
13543
13544
13545
13546
13547
13548
13549
13550
13551
13552
13553
13554
13555
13556
13557
13558
13559
13560
13561
13562
13563
13564
13565
13566
13567
13568
13569
13570
13571
13572
13573
13574
13575
13576
13577
13578
13579
13580
13581
13582
13583
13584
13585
13586
13587
13588
13589
13590
13591
13592
13593
13594
13595
13596
13597
13598
13599
13600
13601
13602
13603
13604
13605
13606
13607
13608
13609
13610
13611
13612
13613
13614
13615
13616
13617
13618
13619
13620
13621
13622
13623
13624
13625
13626
13627
13628
13629
13630
13631
13632
13633
13634
13635
13636
13637
13638
13639
13640
13641
13642
13643
13644
13646
13648
13649
13650
13651
13652
13653
13654
13655
13656
13663
13664
13665
13666
13667
13669
13670
13671
13672
13673
13674
13675
13676
13678
13679
13680
13681
13682
13683
13684
13691
13692
13693
13694
13695
13696
13697
13698
13699
13702
13708
13709
13710
13711
13712
13713
13714
13715
13716
13717
13718
13719
13720
13721
13722
13723
13724
13725
13726
13729
13730
13731
13732
13733
13734
13735
13736
13737
13738
13739
13740
13741
13742
13743
13744
13745
13746
13747
13748
13757
13758
13759
13760
13761
13762
13763
13764
13765
13766
13770
13772
13773
13774
13780
13781
13782
13783
13787
13788
13789
13791
13794
13795
13796
13797
13798
13799
13800
13801
13802
13803
13804
13805
13806
13807
13808
13809
13810
13811
13814
13815
13816
13817
13818
13819
13820
13822
13823
13824
13827
13828
13829
13830
13831
13832
13833
13834
13835
13836
13837
13838
13839
13840
13841
13842
13843
13844
13845
13846
13847
13848
13849
13850
13851
13852
13853
13854
13855
13856
13862
13863
13864
13865
13866
13867
13868
13869
13870
13871
13872
13873
13874
13875
13876
13877
13878
13879
13880
13881
13882
13883
13884
13885
13886
13887
13888
13889
13892
13893
13894
13895
13896
13898
13899
13900
13901
13902
13903
13904
13905
13906
13907
13908
13909
13910
13911
13912
13913
13914
13915
13917
13918
13919
13920
13921
13922
13923
13924
13925
13926
13927
13928
13929
13930
13931
13932
13933
13957
13959
13960
13961
13962
13963
13964
13965
13966
13967
13968
13969
13970
13971
13972
13973
13974
13975
13976
13977
13978
13979
13980
13981
13982
13983
13984
13985
13986
13987
13988
13989
13990
13991
13992
13993
13994
13995
13996
13997
13998
13999
14000
14023
14024
14025
14026
14027
14028
14029
14030
14031
14032
14033
14034
14035
14036
14037
14038
14039
14040
14042
14043
14044
14045
14046
14047
14048
14049
14050
14051
14052
14053
14054
14055
14056
14057
14058
14059
14060
14062
14063
14064
14065
14066
14067
14068
14069
14070
14071
14072
14073
14074
14075
14076
14077
14078
14079
14080
14081
14082
14083
14084
14085
14086
14087
14088
14089
14090
14091
14092
14093
14094
14095
14096
14097
14098
14099
14100
14101
14102
14103
14104
14105
14106
14107
14108
14109
14110
14111
14112
14113
14114
14115
14116
14117
14118
14119
14120
14121
14122
14123
14124
14125
14126
14127
14128
14129
14130
14131
14132
14133
14134
14135
14136
14140
14141
14142
14143
14144
14145
14146
14147
14148
14151
14152
14153
14154
14155
14174
14175
14176
14177
14178
14179
14180
14181
14182
14183
14184
14185
14186
14196
14197
14205
14206
14214
14222
14223
14224
14225
14226
14227
14228
14229
14230
14231
14232
14233
14234
14235
14236
14237
14240
14241
14246
14247
14248
14253
14254
14255
14256
14257
14258
14259
14260
14261
14262
14263
14264
14265
14266
14267
14268
14269
14270
14271
14272
14273
14274
14275
14276
14277
14278
14279
14280
14281
14283
14284
14285
14287
14288
14292
14293
14294
14295
14296
14297
14298
14299
14300
14301
14302
14303
14304
14305
14306
14307
14308
14309
14310
14311
14312
14313
14314
14315
14316
14317
14318
14319
14320
14321
14324
14325
14326
14327
14328
14329
14330
14331
14332
14333
14334
14335
14336
14337
14338
14339
14340
14341
14342
14343
14344
14345
14346
14347
14348
14349
14350
14351
14352
14353
14354
14355
14356
14357
14358
14359
14360
14361
14362
14363
14364
14365
14366
14367
14368
14369
14370
14371
14372
14373
14376
14377
14378
14379
14380
14381
14382
14383
14384
14385
14386
14387
14388
14389
14390
14391
14392
14393
14394
14395
14396
14397
14398
14399
14400
14401
14402
14403
14404
14405
14406
14407
14427
14428
14429
14430
14431
14458
14460
14461
14463
14464
14465
14508
14511
14512
14513
14514
14515
14516
14517
14518
14519
14520
14521
14522
14523
14524
14525
14526
14527
14528
14529
14530
14531
14532
14533
14534
14535
14536
14537
14538
14541
14543
14544
14545
14546
14547
14548
14549
14550
14551
14552
14553
14554
14555
14556
14557
14558
14559
14560
14562
14563
14564
14565
14566
14567
14570
14571
14573
14584
14585
14586
14609
14610
14611
14612
14613
14614
14615
14616
14617
14618
14619
14620
14621
14622
14623
14624
14625
14626
14627
14628
14629
14630
14631
14632
14633
14634
14635
14636
14637
14638
14639
14640
14641
14642
14643
14644
14645
14646
14647
14648
14649
14650
14651
14652
14653
14654
14655
14656
14657
14658
14659
14660
14665
14667
14669
14670
14682
14683
14684
14685
14686
14687
14688
14689
14690
14691
14692
14693
14694
14695
14696
14697
14698
14699
14700
14701
14702
14703
14704
14705
14706
14707
14708
14709
14710
14711
14712
14713
14714
14715
14716
14717
14718
14719
14720
14721
14722
14723
14724
14725
14726
14727
14728
14729
14730
14731
14732
14733
14734
14735
14736
14737
14738
14739
14740
14741
14748
14749
14750
14751
14752
14753
14754
14755
14756
14757
14758
14759
14760
14761
14762
14763
14764
14786
14787
14788
14789
14790
14792
14793
14794
14795
14796
14797
14798
14802
14803
14804
14805
14806
14807
14808
14809
14810
14816
14817
14818
14819
14820
14821
14822
14823
14824
14826
14827
14828
14829
14831
14832
14835
14836
14837
14839
14840
14843
14844
14845
14852
14853
14854
14855
14856
14857
14858
14859
14860
14861
14862
14863
14864
14865
14868
14869
14870
14871
14874
14875
14876
14877
14878
14881
14882
14883
14885
14886
14887
14888
14889
14890
14891
14892
14893
14894
14895
14896
14897
14899
14901
14902
14903
14904
14905
14906
14907
14909
14912
14913
14914
14916
14917
14959
14960
14961
14962
14963
14964
14965
14966
14967
14968
14969
14970
14971
14972
14973
14974
14975
14976
14977
14978
14979
14980
14981
14982
14983
14984
14985
14986
14987
14988
14989
14990
14991
14992
14993
14994
14995
14996
14997
14998
14999
15000
15001
15002
15003
15004
15005
15006
15007
15008
15009
15010
15011
15012
15013
15014
15015
15016
15017
15018
15019
15020
15021
15022
15023
15024
15025
15026
15027
15028
15029
15030
15031
15032
15033
15034
15035
15036
15037
15038
15039
15040
15041
15042
15043
15044
15045
15046
15047
15048
15049
15050
15051
15052
15053
15054
15055
15056
15058
15059
15060
15061
15062
15063
15064
15067
15069
15070
15071
15072
15073
15074
15075
15080
15081
15082
15083
15084
15085
15086
15087
15088
15090
15091
15092
15093
15094
15095
15096
15097
15098
15099
15100
15105
15106
15107
15108
15109
15110
15111
15112
15115
15116
15117
15118
15119
15120
15121
15122
15123
15124
15128
15129
15130
15131
15132
15133
15134
15135
15136
15137
15138
15139
15140
15141
15145
15146
15147
15148
15149
15150
15151
15152
15153
15154
15155
15156
15157
15158
15159
15160
15161
15162
15163
15164
15165
15166
15169
15170
15172
15178
15179
15180
15181
15182
15183
15184
15185
15186
15188
15191
15192
)


// ************************************************************************* //
