/*--------------------------------*- C++ -*----------------------------------*\
| =========                 |                                                 |
| \\      /  F ield         | OpenFOAM: The Open Source CFD Toolbox           |
|  \\    /   O peration     | Version:  v1906                                 |
|   \\  /    A nd           | Web:      www.OpenFOAM.com                      |
|    \\/     M anipulation  |                                                 |
\*---------------------------------------------------------------------------*/
FoamFile
{
    version     2.0;
    format      ascii;
    class       labelList;
    location    "constant/polyMesh";
    object      cellProcAddressing;
}
// * * * * * * * * * * * * * * * * * * * * * * * * * * * * * * * * * * * * * //


8464
(
19
21
22
26
27
33
34
37
42
45
47
50
63
65
73
81
84
87
90
98
99
100
101
105
109
111
114
119
128
138
148
151
153
154
164
181
185
187
188
191
192
193
194
196
205
208
211
212
215
216
221
229
233
239
240
251
253
255
258
260
270
274
282
284
291
300
303
306
323
328
340
354
355
359
364
370
372
379
383
391
392
393
400
409
410
415
418
424
459
461
466
474
475
476
478
479
481
486
489
490
492
493
494
495
498
499
500
502
503
504
509
511
520
521
531
536
539
540
542
546
548
549
550
551
554
556
560
562
571
583
591
603
611
614
618
631
635
640
644
647
650
651
658
661
663
664
667
672
689
693
694
700
715
717
719
723
726
736
737
740
743
747
753
755
756
759
764
770
772
780
781
788
793
809
822
826
829
837
838
839
840
841
842
843
853
854
857
859
865
883
889
894
897
904
909
929
937
942
944
950
952
976
977
984
987
989
993
999
1004
1011
1012
1015
1022
1029
1037
1039
1054
1055
1056
1057
1061
1065
1066
1067
1069
1070
1072
1075
1085
1096
1110
1111
1112
1139
1145
1149
1152
1160
1170
1178
1194
1199
1203
1215
1216
1217
1224
1226
1238
1244
1247
1251
1269
1270
1277
1283
1285
1365
1380
1381
1382
1402
1407
1412
1413
1418
1425
1427
1437
1438
1447
1456
1457
1462
1464
1465
1468
1471
1472
1474
1484
1486
1490
1492
1495
1498
1503
1509
1512
1515
1518
1519
1531
1533
1550
1578
1580
1587
1589
1594
1597
1599
1600
1610
1625
1627
1629
1631
1633
1643
1645
1646
1647
1652
1653
1656
1657
1658
1662
1663
1664
1666
1669
1670
1676
1687
1689
1690
1692
1693
1694
1707
1708
1724
1725
1726
1727
1731
1736
1737
1738
1739
1741
1743
1744
1748
1749
1752
1755
1756
1763
1767
1777
1780
1781
1782
1783
1784
1785
1786
1787
1788
1789
1792
1794
1799
1800
1803
1804
1811
1812
1817
1818
1819
1829
1831
1832
1842
1845
1847
1850
1852
1855
1856
1858
1860
1867
1868
1878
1879
1883
1884
1886
1902
1903
1904
1905
1907
1908
1909
1911
1913
1918
1932
1933
1934
1946
1947
1949
1950
1952
1954
1956
1957
1958
1959
1962
1965
1967
1973
1974
1975
1976
1981
1986
1991
1997
1998
2001
2003
2005
2006
2008
2009
2011
2026
2029
2030
2031
2034
2036
2037
2040
2046
2047
2050
2051
2052
2053
2061
2062
2074
2076
2082
2084
2087
2089
2107
2112
2114
2116
2125
2126
2130
2131
2136
2149
2157
2159
2171
2177
2188
2189
2190
2194
2204
2211
2216
2219
2220
2221
2223
2225
2227
2239
2240
2247
2251
2260
2262
2263
2272
2281
2290
2291
2298
2301
2306
2308
2309
2311
2319
2320
2322
2324
2325
2329
2330
2331
2340
2341
2352
2360
2361
2363
2368
2379
2381
2384
2385
2391
2392
2402
2416
2419
2420
2422
2429
2436
2438
2440
2447
2449
2450
2455
2459
2464
2468
2469
2470
2479
2480
2481
2482
2486
2489
2491
2492
2493
2494
2495
2501
2506
2508
2515
2522
2525
2541
2558
2563
2564
2566
2571
2575
2578
2580
2587
2589
2592
2594
2597
2598
2599
2600
2601
2604
2606
2610
2617
2619
2622
2623
2624
2627
2631
2632
2640
2643
2644
2647
2651
2655
2656
2657
2658
2661
2664
2667
2669
2670
2685
2686
2687
2688
2689
2690
2691
2693
2696
2699
2701
2704
2705
2706
2708
2713
2721
2726
2727
2731
2732
2735
2738
2744
2746
2747
2749
2751
2758
2764
2766
2768
2771
2772
2773
2774
2777
2778
2779
2780
2785
2786
2787
2791
2792
2793
2797
2799
2802
2803
2804
2806
2809
2811
2812
2813
2815
2816
2819
2820
2823
2825
2826
2830
2831
2832
2834
2837
2839
2843
2845
2849
2852
2853
2854
2855
2856
2857
2858
2861
2863
2864
2865
2868
2870
2875
2878
2880
2881
2883
2884
2885
2886
2888
2889
2890
2891
2894
2896
2898
2902
2903
2904
2905
2906
2909
2910
2911
2913
2914
2915
2916
2918
2919
2923
2924
2927
2928
2931
2934
2936
2938
2939
2940
2942
2943
2945
2947
2948
2950
2952
2953
2954
2955
2957
2960
2961
2962
2964
2965
2968
2971
2973
2975
2976
2979
2980
2982
2983
2984
2989
2991
2992
2995
2996
2997
2999
3001
3002
3003
3004
3005
3006
3007
3009
3011
3012
3013
3015
3016
3017
3018
3020
3021
3022
3023
3024
3025
3026
3027
3028
3030
3032
3039
3041
3042
3043
3045
3046
3047
3050
3051
3052
3054
3057
3058
3061
3062
3063
3065
3066
3067
3070
3071
3074
3075
3076
3077
3078
3080
3081
3082
3083
3084
3085
3086
3087
3088
3089
3090
3091
3092
3094
3096
3097
3099
3100
3102
3103
3104
3105
3106
3108
3110
3112
3115
3117
3119
3120
3121
3122
3123
3124
3125
3126
3128
3129
3130
3133
3135
3136
3137
3139
3142
3146
3147
3150
3152
3153
3156
3157
3158
3159
3161
3162
3164
3166
3167
3168
3172
3173
3175
3176
3177
3178
3179
3181
3182
3183
3184
3185
3186
3187
3188
3189
3191
3193
3194
3196
3197
3199
3201
3208
3209
3212
3213
3214
3215
3216
3217
3222
3226
3227
3228
3229
3231
3235
3236
3239
3241
3242
3244
3247
3248
3249
3250
3254
3255
3256
3257
3259
3260
3262
3264
3266
3267
3269
3270
3271
3273
3274
3276
3277
3278
3280
3284
3285
3287
3289
3290
3293
3294
3296
3298
3300
3301
3304
3311
3312
3313
3314
3317
3318
3323
3325
3326
3327
3329
3330
3332
3333
3334
3335
3341
3346
3350
3352
3354
3355
3357
3359
3360
3368
3374
3377
3386
3388
3389
3391
3393
3426
3427
3430
3435
3438
3441
3458
3466
3471
3484
3503
3516
3520
3523
3525
3529
3538
3543
3545
3589
3608
3611
3621
3629
3632
3639
3640
3645
3648
3649
3652
3655
3661
3690
3702
3703
3705
3712
3719
3731
3733
3749
3751
3757
3760
3765
3767
3772
3791
3796
3798
3801
3802
3803
3808
3815
3840
3860
3862
3871
3876
3883
3885
3887
3891
3895
3900
3904
3908
3912
3913
3914
3916
3917
3919
3920
3921
3924
3925
3927
3928
3930
3931
3932
3933
3937
3939
3943
3945
3947
3948
3962
3985
3995
3998
3999
4000
4008
4009
4012
4013
4015
4016
4018
4020
4021
4022
4024
4025
4026
4027
4031
4032
4036
4038
4040
4041
4042
4044
4046
4048
4053
4055
4058
4061
4063
4065
4066
4068
4070
4071
4072
4073
4074
4076
4077
4078
4079
4081
4088
4089
4091
4093
4095
4098
4099
4101
4108
4115
4116
4117
4124
4131
4139
4143
4144
4146
4181
4189
4218
4234
4241
4264
4265
4288
4299
4319
4329
4351
4352
4353
4354
4358
4360
4369
4381
4382
4383
4384
4385
4386
4387
4390
4391
4394
4404
4406
4417
4418
4419
4421
4422
4423
4425
4426
4429
4430
4455
4459
4462
4464
4465
4468
4471
4472
4475
4476
4477
4485
4491
4493
4494
4495
4497
4500
4501
4502
4503
4506
4507
4509
4531
4532
4533
4534
4536
4541
4543
4547
4555
4560
4574
4579
4589
4598
4600
4607
4613
4615
4629
4638
4639
4643
4644
4652
4656
4672
4673
4675
4677
4680
4681
4682
4687
4688
4690
4699
4703
4704
4706
4712
4715
4716
4717
4718
4719
4725
4726
4727
4728
4729
4730
4733
4735
4736
4737
4738
4739
4756
4757
4758
4764
4767
4772
4782
4784
4785
4786
4795
4801
4804
4811
4832
4834
4850
4858
4859
4865
4868
4869
4870
4871
4872
4873
4875
4876
4877
4878
4890
4893
4899
4900
4903
4917
4920
4921
4923
4924
4926
4927
4929
4930
4931
4932
4933
4934
4935
4936
4943
4945
4951
4952
4958
4961
4965
4967
4970
4971
4974
4975
4976
4979
4980
4981
4984
4985
4986
4987
4989
4990
4991
4992
4993
4994
4995
4996
4998
4999
5000
5003
5005
5006
5009
5010
5014
5017
5027
5047
5075
5079
5086
5103
5109
5126
5129
5132
5136
5147
5149
5154
5157
5159
5160
5166
5171
5173
5175
5181
5183
5190
5192
5193
5201
5207
5208
5212
5214
5215
5217
5237
5238
5240
5242
5246
5248
5249
5250
5251
5258
5279
5286
5289
5290
5291
5301
5322
5324
5325
5330
5336
5342
5371
5374
5389
5398
5402
5404
5405
5406
5408
5409
5410
5414
5416
5418
5423
5425
5430
5443
5453
5455
5460
5461
5486
5489
5493
5495
5501
5504
5506
5507
5512
5518
5519
5525
5529
5530
5531
5534
5541
5542
5545
5547
5548
5559
5560
5564
5582
5585
5594
5607
5609
5612
5615
5616
5632
5644
5649
5650
5652
5656
5666
5684
5691
5693
5696
5697
5700
5705
5707
5714
5715
5721
5723
5727
5735
5741
5750
5769
5772
5775
5776
5786
5814
5827
5830
5840
5842
5853
5854
5866
5876
5887
5898
5899
5902
5905
5907
5915
5920
5921
5922
5928
5935
5938
5940
5948
5951
5958
5963
5973
5981
5982
5983
5984
5987
5990
5994
5997
5998
5999
6004
6006
6010
6011
6015
6016
6021
6022
6024
6025
6029
6031
6039
6042
6044
6045
6047
6048
6049
6051
6053
6054
6055
6058
6059
6062
6063
6064
6066
6067
6068
6076
6077
6080
6081
6082
6086
6087
6088
6091
6094
6096
6101
6103
6104
6112
6116
6118
6120
6123
6133
6134
6137
6148
6150
6152
6154
6155
6166
6178
6182
6185
6194
6196
6198
6201
6206
6207
6209
6210
6212
6214
6215
6216
6217
6218
6219
6220
6221
6222
6230
6231
6233
6234
6235
6237
6248
6249
6250
6251
6253
6254
6255
6257
6258
6259
6260
6261
6263
6270
6277
6284
6285
6286
6290
6292
6293
6294
6295
6296
6297
6298
6300
6304
6305
6308
6309
6311
6312
6322
6324
6331
6332
6333
6334
6336
6339
6341
6343
6345
6348
6351
6352
6355
6356
6357
6358
6359
6360
6365
6366
6367
6370
6371
6375
6386
6387
6388
6390
6394
6397
6398
6401
6411
6414
6415
6424
6431
6432
6433
6434
6435
6436
6437
6438
6452
6465
6468
6473
6475
6485
6486
6487
6492
6493
6505
6515
6537
6541
6553
6573
6590
6600
6601
6602
6603
6606
6610
6618
6620
6621
6622
6624
6625
6626
6627
6635
6636
6637
6639
6645
6650
6652
6656
6660
6663
6676
6680
6686
6689
6703
6705
6710
6711
6721
6731
6739
6740
6741
6749
6752
6756
6758
6771
6776
6783
6788
6798
6799
6800
6801
6803
6805
6811
6813
6817
6821
6823
6846
6849
6853
6855
6858
6861
6863
6870
6871
6878
6879
6883
6884
6885
6886
6888
6897
6899
6902
6905
6907
6915
6916
6917
6918
6919
6920
6921
6922
6925
6929
6937
6939
6940
6943
6946
6951
6952
6956
6958
6960
6963
6968
6971
6972
6973
6982
6984
6986
6987
6988
6989
6991
6994
6995
6997
6998
7000
7001
7002
7003
7006
7008
7009
7011
7012
7016
7018
7021
7027
7034
7036
7043
7047
7049
7050
7053
7058
7068
7069
7085
7087
7096
7097
7107
7109
7112
7113
7115
7116
7118
7124
7125
7128
7129
7130
7131
7134
7135
7137
7138
7139
7147
7154
7158
7161
7163
7164
7165
7166
7167
7168
7169
7170
7171
7172
7173
7175
7176
7177
7180
7182
7183
7188
7191
7194
7195
7198
7199
7209
7211
7213
7214
7215
7216
7217
7218
7219
7220
7221
7222
7226
7228
7229
7231
7232
7233
7234
7235
7237
7238
7243
7244
7245
7246
7252
7254
7257
7258
7259
7265
7266
7267
7268
7274
7279
7281
7282
7284
7285
7286
7288
7289
7290
7291
7295
7297
7298
7299
7300
7302
7303
7304
7306
7308
7309
7310
7311
7312
7313
7314
7315
7317
7318
7320
7321
7322
7327
7329
7330
7333
7334
7335
7337
7338
7339
7341
7342
7343
7344
7345
7346
7347
7348
7350
7351
7352
7353
7354
7356
7357
7359
7360
7362
7363
7364
7366
7367
7368
7369
7372
7374
7375
7377
7378
7379
7380
7383
7384
7385
7386
7387
7388
7390
7391
7396
7397
7398
7400
7402
7403
7404
7407
7408
7409
7410
7412
7413
7416
7417
7418
7419
7420
7421
7422
7423
7424
7427
7428
7429
7430
7431
7432
7433
7434
7435
7436
7437
7438
7439
7440
7441
7442
7443
7444
7445
7446
7449
7450
7451
7452
7456
7457
7458
7459
7461
7462
7463
7464
7465
7466
7467
7468
7469
7470
7471
7472
7474
7475
7477
7478
7480
7481
7482
7483
7484
7485
7486
7487
7488
7489
7490
7491
7492
7493
7494
7495
7496
7497
7498
7499
7501
7502
7503
7505
7506
7508
7509
7510
7512
7513
7514
7515
7516
7517
7518
7519
7520
7521
7522
7523
7525
7526
7527
7530
7531
7532
7533
7534
7535
7536
7537
7538
7539
7540
7541
7543
7544
7545
7547
7548
7549
7550
7552
7553
7554
7556
7558
7559
7561
7562
7564
7567
7568
7569
7570
7571
7572
7574
7576
7577
7578
7579
7580
7581
7582
7583
7585
7586
7588
7590
7591
7592
7593
7594
7596
7597
7598
7599
7600
7601
7602
7603
7604
7605
7607
7608
7609
7611
7612
7613
7614
7615
7616
7618
7620
7623
7624
7626
7627
7628
7629
7632
7633
7634
7636
7637
7638
7639
7640
7641
7642
7643
7644
7645
7646
7647
7648
7649
7650
7651
7652
7653
7655
7657
7658
7660
7661
7663
7664
7667
7668
7669
7670
7671
7672
7673
7674
7676
7677
7679
7680
7683
7684
7685
7686
7687
7688
7689
7690
7695
7696
7698
7699
7700
7702
7703
7704
7705
7706
7707
7708
7709
7710
7711
7712
7713
7714
7715
7716
7718
7719
7722
7723
7724
7725
7726
7727
7728
7729
7731
7736
7737
7738
7739
7744
7745
7746
7747
7748
7749
7750
7751
7752
7753
7754
7755
7756
7759
7760
7761
7762
7765
7770
7772
7776
7779
7782
7783
7787
7794
7795
7803
7805
7814
7823
7824
7831
7832
7837
7857
7861
7866
7875
7901
7906
7907
7908
7909
7919
7921
7925
7932
7940
7952
7953
7955
7959
7963
7964
7976
7977
7978
7990
8004
8006
8013
8016
8021
8039
8041
8044
8058
8060
8068
8071
8078
8083
8088
8090
8094
8101
8104
8111
8118
8129
8130
8133
8142
8146
8148
8156
8165
8172
8212
8213
8215
8223
8231
8247
8265
8267
8272
8276
8277
8279
8280
8292
8314
8322
8325
8330
8331
8335
8343
8346
8347
8348
8353
8355
8356
8358
8359
8362
8363
8364
8370
8371
8372
8373
8385
8390
8397
8399
8408
8415
8416
8417
8418
8428
8429
8431
8432
8433
8434
8435
8436
8437
8438
8440
8441
8442
8446
8447
8448
8450
8452
8453
8454
8455
8456
8457
8458
8459
8460
8463
8464
8466
8468
8473
8475
8477
8479
8480
8481
8482
8483
8484
8486
8493
8494
8523
8524
8535
8542
8548
8554
8567
8582
8592
8605
8611
8618
8632
8638
8640
8642
8664
8670
8677
8679
8681
8711
8726
8744
8751
8754
8762
8763
8765
8767
8770
8773
8774
8777
8783
8791
8793
8794
8796
8803
8804
8805
8807
8809
8811
8832
8836
8852
8854
8872
8878
8889
8893
8894
8895
8897
8898
8901
8905
8910
8923
8932
8933
8938
8956
8967
8969
9003
9005
9010
9012
9013
9014
9015
9026
9028
9044
9051
9053
9054
9057
9058
9059
9060
9061
9062
9064
9065
9066
9067
9079
9080
9081
9083
9084
9085
9086
9094
9096
9097
9098
9099
9100
9102
9104
9106
9107
9108
9109
9115
9116
9118
9119
9120
9121
9122
9123
9124
9125
9128
9129
9140
9141
9147
9152
9153
9155
9156
9163
9164
9167
9168
9169
9172
9173
9175
9176
9177
9179
9180
9189
9195
9203
9206
9207
9209
9248
9250
9254
9255
9256
9271
9273
9279
9283
9285
9287
9288
9289
9290
9292
9296
9297
9298
9301
9304
9305
9308
9309
9310
9312
9314
9315
9316
9317
9318
9319
9320
9321
9322
9324
9339
9340
9341
9343
9344
9346
9347
9348
9349
9350
9351
9352
9353
9354
9355
9357
9358
9359
9360
9365
9366
9368
9369
9370
9380
9381
9384
9385
9387
9388
9389
9391
9402
9408
9446
9468
9492
9494
9497
9510
9544
9555
9556
9558
9559
9560
9564
9592
9593
9594
9596
9597
9599
9600
9601
9603
9605
9606
9608
9609
9610
9611
9612
9613
9614
9615
9616
9619
9620
9621
9623
9624
9625
9627
9628
9629
9631
9638
9640
9641
9644
9645
9646
9649
9652
9656
9659
9669
9670
9687
9702
9703
9704
9715
9723
9731
9737
9742
9765
9766
9799
9816
9820
9822
9825
9833
9834
9838
9841
9843
9849
9852
9853
9854
9857
9881
9894
9901
9904
9908
9919
9920
9940
9947
9951
9954
9957
9958
9971
9984
9989
10001
10008
10015
10019
10036
10044
10046
10047
10048
10055
10070
10079
10096
10108
10136
10143
10165
10171
10182
10194
10202
10211
10214
10218
10236
10248
10254
10261
10268
10270
10273
10275
10276
10288
10289
10301
10303
10313
10327
10329
10334
10356
10360
10361
10362
10379
10392
10396
10412
10413
10415
10417
10419
10420
10423
10437
10443
10450
10451
10463
10465
10467
10474
10477
10478
10482
10483
10486
10488
10489
10495
10496
10504
10506
10508
10511
10517
10524
10525
10528
10538
10539
10544
10549
10577
10578
10586
10592
10593
10598
10600
10606
10608
10610
10614
10616
10617
10618
10620
10621
10622
10623
10624
10625
10631
10636
10637
10638
10639
10640
10641
10642
10643
10644
10645
10648
10649
10652
10654
10658
10660
10662
10664
10665
10668
10671
10673
10675
10678
10679
10688
10699
10700
10701
10712
10716
10719
10722
10725
10726
10727
10728
10729
10754
10755
10757
10758
10759
10762
10763
10766
10767
10769
10774
10775
10776
10777
10778
10781
10794
10796
10814
10825
10834
10837
10858
10859
10860
10861
10862
10866
10867
10868
10869
10872
10874
10875
10891
10897
10901
10910
10912
10927
10950
10953
10958
10959
10961
10964
10974
10980
10983
10984
11038
11041
11043
11044
11054
11056
11057
11058
11066
11067
11068
11069
11070
11077
11095
11097
11101
11103
11104
11145
11159
11178
11179
11193
11212
11216
11220
11233
11243
11286
11292
11295
11315
11320
11355
11381
11428
11440
11441
11443
11444
11454
11470
11498
11513
11521
11525
11536
11537
11539
11555
11556
11560
11561
11563
11565
11569
11570
11578
11580
11581
11582
11583
11585
11588
11589
11600
11612
11615
11617
11618
11633
11634
11635
11637
11659
11671
11675
11676
11679
11682
11684
11686
11691
11692
11697
11698
11700
11703
11704
11710
11712
11713
11714
11718
11719
11720
11722
11723
11724
11726
11729
11730
11731
11733
11734
11735
11736
11743
11745
11748
11757
11759
11762
11763
11764
11766
11767
11768
11771
11772
11773
11774
11775
11777
11778
11779
11780
11784
11786
11787
11790
11791
11794
11795
11796
11797
11798
11799
11800
11801
11802
11803
11804
11805
11807
11808
11809
11810
11811
11812
11813
11815
11816
11817
11819
11820
11821
11824
11826
11827
11828
11831
11832
11833
11835
11836
11837
11838
11840
11843
11844
11846
11857
11858
11859
11860
11865
11868
11869
11871
11872
11874
11875
11877
11878
11880
11883
11884
11885
11887
11888
11889
11890
11891
11892
11893
11896
11897
11898
11899
11900
11901
11903
11904
11905
11906
11907
11909
11910
11911
11912
11913
11916
11917
11918
11919
11920
11921
11922
11923
11924
11925
11926
11927
11929
11932
11933
11934
11935
11936
11937
11941
11942
11943
11944
11945
11946
11948
11949
11951
11954
11955
11956
11957
11960
11961
11962
11963
11965
11966
11967
11968
11969
11970
11971
11973
11974
11975
11976
11977
11979
11980
11982
11983
11984
11985
11986
11987
11990
11993
11994
11995
11996
11997
11998
11999
12000
12001
12004
12005
12008
12009
12010
12011
12013
12015
12018
12019
12020
12022
12023
12025
12027
12028
12029
12030
12032
12034
12035
12036
12038
12039
12040
12041
12042
12044
12048
12050
12051
12052
12055
12056
12058
12060
12061
12065
12066
12068
12069
12070
12071
12072
12073
12074
12076
12077
12083
12084
12088
12089
12091
12094
12095
12097
12099
12102
12106
12107
12113
12114
12115
12116
12117
12118
12124
12125
12126
12127
12131
12133
12134
12135
12136
12137
12138
12139
12140
12141
12143
12144
12145
12148
12149
12150
12151
12155
12156
12157
12158
12159
12161
12163
12165
12167
12168
12169
12172
12182
12183
12186
12188
12190
12194
12195
12205
12206
12207
12209
12210
12211
12214
12217
12218
12219
12226
12229
12230
12233
12236
12244
12260
12266
12271
12282
12285
12290
12302
12327
12328
12339
12361
12367
12368
12381
12384
12393
12397
12409
12412
12532
12560
12634
12638
12639
12665
12676
12711
12713
12729
12738
12740
12743
12769
12773
12783
12787
12788
12789
12790
12791
12793
12796
12797
12798
12800
12804
12833
12847
12858
12859
12860
12862
12865
12867
12873
12877
12879
12881
12883
12884
12885
12886
12888
12889
12890
12891
12892
12893
12894
12896
12897
12898
12900
12902
12903
12904
12905
12906
12907
12909
12910
12911
12912
12913
12915
12917
12918
12921
12923
12928
12930
12931
12932
12934
12935
12937
12938
12939
12940
12941
12944
12945
12947
12948
12950
12952
12953
12962
12987
13037
13039
13052
13060
13132
13177
13204
13255
13274
13275
13277
13278
13279
13287
13288
13289
13291
13295
13297
13301
13302
13305
13308
13309
13334
13335
13337
13338
13339
13341
13357
13358
13396
13404
13405
13406
13418
13419
13422
13445
13446
13447
13448
13470
13471
13524
13556
13557
13572
13573
13574
13575
13576
13577
13578
13585
13587
13589
13592
13593
13594
13595
13610
13612
13614
13616
13634
13635
13636
13639
13640
13647
13648
13649
13650
13655
13657
13658
13661
13665
13666
13670
13675
13680
13683
13684
13687
13689
13690
13691
13692
13693
13694
13695
13698
13702
13703
13705
13707
13708
13709
13710
13711
13712
13713
13715
13717
13718
13719
13720
13721
13724
13726
13734
13736
13739
13741
13757
13777
13780
13783
13784
13787
13788
13789
13790
13791
13792
13793
13794
13795
13796
13797
13798
13799
13803
13813
13814
13815
13816
13817
13818
13830
13837
13838
13839
13841
13843
13844
13846
13847
13848
13857
13873
13875
13880
13881
13883
13884
13885
13890
13892
13894
13895
13899
13900
13901
13906
13912
13913
13918
13942
13943
13955
13963
14014
14018
14024
14025
14027
14029
14033
14039
14048
14051
14052
14053
14054
14055
14056
14058
14061
14075
14080
14082
14087
14090
14099
14100
14101
14102
14103
14104
14122
14141
14142
14143
14145
14146
14147
14148
14149
14150
14151
14152
14153
14185
14186
14217
14223
14233
14263
14297
14302
14304
14345
14355
14387
14394
14410
14420
14454
14482
14487
14500
14525
14540
14549
14593
14694
14704
14712
14715
14723
14730
14734
14743
14749
14755
14762
14768
14787
14788
14790
14792
14793
14795
14797
14803
14804
14805
14811
14836
14838
14841
14845
14853
14858
14865
14869
14870
14871
14872
14874
14875
14878
14879
14889
14897
14899
14901
14902
14907
14909
14914
14916
14925
14931
14933
14935
14938
14941
14942
14947
14952
14957
14959
14961
14965
14966
14968
14971
14973
14974
14975
14976
14978
14986
14988
14992
14994
14995
15000
15001
15004
15005
15007
15011
15017
15021
15026
15029
15030
15031
15033
15034
15037
15042
15043
15046
15051
15059
15065
15070
15071
15075
15084
15088
15092
15096
15099
15103
15105
15106
15107
15113
15115
15116
15117
15119
15120
15122
15123
15124
15127
15130
15131
15134
15137
15138
15139
15140
15141
15143
15144
15147
15148
15152
15153
15154
15155
15156
15159
15160
15161
15162
15172
15177
15182
15183
15186
15187
15191
15192
15193
15194
15196
15204
15205
15206
15211
15219
15224
15225
15226
15229
15244
15246
15251
15252
15254
15257
15259
15260
15261
15264
15265
15268
15269
15270
15271
15280
15281
15285
15287
15296
15298
15299
15305
15306
15307
15308
15309
15314
15319
15321
15322
15324
15326
15329
15331
15333
15340
15355
15358
15370
15371
15387
15413
15414
15419
15445
15448
15476
15483
15510
15511
15512
15514
15516
15517
15518
15519
15520
15525
15528
15536
15542
15545
15548
15551
15564
15566
15567
15569
15570
15578
15583
15585
15598
15603
15648
15652
15659
15667
15668
15670
15673
15674
15682
15685
15686
15688
15693
15695
15696
15704
15713
15736
15772
15773
15774
15775
15784
15788
15816
15851
15855
15868
15874
15890
15903
15905
15935
15941
15950
15961
15965
15968
15979
15981
15990
15997
16006
16010
16019
16022
16024
16031
16042
16044
16045
16047
16050
16054
16055
16056
16057
16058
16059
16060
16061
16071
16073
16091
16092
16094
16095
16096
16098
16099
16104
16105
16106
16111
16115
16118
16119
16124
16125
16126
16127
16128
16131
16133
16137
16139
16140
16141
16142
16143
16144
16145
16146
16147
16155
16157
16159
16161
16162
16163
16164
16165
16166
16167
16168
16169
16170
16171
16174
16176
16177
16178
16179
16180
16181
16184
16185
16186
16188
16190
16193
16198
16199
16203
16204
16205
16206
16207
16208
16209
16210
16212
16213
16214
16216
16217
16219
16222
16223
16224
16225
16226
16227
16228
16229
16230
16232
16235
16236
16238
16239
16240
16242
16243
16244
16245
16247
16249
16250
16252
16253
16254
16256
16258
16261
16262
16263
16264
16265
16266
16267
16268
16269
16270
16271
16272
16276
16279
16280
16281
16285
16286
16287
16288
16290
16291
16293
16295
16296
16298
16299
16302
16303
16305
16306
16307
16308
16309
16310
16311
16312
16313
16314
16315
16317
16318
16320
16321
16323
16324
16325
16326
16327
16328
16329
16330
16331
16332
16333
16334
16335
16336
16338
16339
16340
16341
16342
16343
16344
16345
16346
16347
16348
16349
16350
16352
16353
16354
16355
16356
16359
16360
16361
16362
16364
16365
16366
16367
16369
16370
16371
16372
16374
16376
16377
16378
16380
16381
16382
16383
16384
16385
16386
16387
16388
16389
16390
16392
16393
16394
16395
16396
16397
16398
16399
16400
16402
16405
16406
16408
16411
16412
16414
16415
16416
16417
16418
16422
16423
16424
16426
16427
16429
16433
16435
16436
16437
16439
16441
16442
16444
16445
16449
16450
16451
16452
16453
16454
16455
16456
16457
16458
16459
16460
16461
16464
16465
16468
16473
16474
16477
16478
16480
16482
16483
16484
16485
16486
16487
16488
16489
16491
16492
16495
16496
16497
16499
16500
16503
16504
16505
16506
16507
16508
16510
16511
16512
16514
16515
16520
16522
16524
16525
16526
16529
16532
16533
16534
16536
16537
16538
16539
16540
16541
16542
16543
16544
16545
16546
16547
16548
16549
16550
16551
16552
16554
16555
16556
16561
16562
16563
16564
16566
16567
16568
16569
16570
16573
16574
16575
16576
16577
16578
16579
16580
16582
16583
16584
16585
16586
16587
16591
16592
16593
16594
16595
16597
16599
16600
16601
16602
16603
16605
16609
16610
16611
16612
16613
16614
16615
16619
16621
16622
16625
16627
16628
16629
16634
16637
16639
16640
16641
16642
16643
16646
16648
16650
16669
16677
16679
16691
16696
16697
16706
16714
16744
16746
16812
16816
16822
16838
16848
16856
16857
16862
16867
16869
16870
16876
16897
16940
17017
17018
17021
17028
17032
17037
17057
17067
17071
17099
17108
17139
17149
17161
17171
17200
17216
17218
17219
17220
17221
17222
17224
17226
17227
17230
17232
17236
17237
17239
17242
17251
17252
17254
17255
17260
17261
17278
17295
17296
17304
17306
17308
17309
17310
17311
17312
17313
17317
17318
17319
17321
17322
17323
17324
17325
17326
17327
17329
17330
17331
17332
17333
17334
17335
17336
17337
17338
17340
17341
17342
17343
17344
17345
17350
17352
17353
17354
17355
17356
17357
17358
17360
17361
17362
17365
17366
17367
17371
17372
17374
17376
17382
17383
17395
17396
17435
17440
17446
17451
17458
17469
17471
17482
17513
17538
17571
17591
17609
17611
17612
17613
17616
17617
17644
17646
17655
17658
17659
17661
17665
17672
17682
17683
17684
17685
17686
17690
17693
17694
17695
17696
17706
17708
17712
17717
17718
17719
17720
17721
17722
17723
17724
17725
17726
17727
17728
17730
17731
17736
17741
17742
17743
17745
17748
17751
17752
17771
17778
17779
17785
17791
17792
17793
17795
17796
17797
17798
17799
17801
17807
17808
17809
17810
17813
17814
17826
17828
17829
17830
17831
17832
17834
17835
17836
17855
17868
17887
17900
17941
17952
17953
17957
17959
17960
17962
17965
17968
17969
17971
18009
18011
18012
18013
18014
18015
18016
18018
18019
18031
18034
18035
18036
18039
18051
18052
18056
18059
18067
18073
18076
18079
18080
18081
18084
18085
18086
18089
18090
18093
18110
18112
18113
18157
18158
18162
18164
18168
18169
18171
18172
18173
18174
18177
18180
18188
18193
18194
18195
18198
18200
18204
18212
18213
18215
18218
18219
18222
18227
18228
18230
18232
18233
18236
18237
18238
18241
18242
18244
18245
18246
18249
18252
18253
18256
18257
18258
18259
18262
18264
18265
18273
18275
18276
18277
18278
18279
18281
18284
18285
18286
18287
18288
18289
18290
18291
18298
18308
18312
18355
18395
18399
18404
18407
18410
18411
18412
18467
18468
18469
18470
18475
18480
18492
18494
18496
18503
18506
18508
18510
18516
18517
18520
18521
18522
18523
18525
18526
18527
18528
18529
18530
18532
18533
18534
18539
18543
18555
18565
18581
18592
18605
18616
18622
18632
18641
18643
18645
18676
18678
18681
18682
18684
18685
18686
18687
18688
18689
18693
18695
18696
18698
18700
18703
18717
18718
18723
18731
18733
18742
18746
18749
18777
18779
18780
18782
18784
18787
18788
18789
18795
18796
18799
18802
18813
18825
18828
18831
18834
18836
18837
18843
18845
18847
18865
18870
18871
18881
18882
18901
18903
18920
18924
18927
18940
18972
18996
19030
19045
19063
19065
19082
19084
19091
19099
19107
19141
19147
19154
19156
19161
19163
19165
19167
19173
19175
19176
19180
19184
19192
19195
19198
19203
19208
19211
19212
19221
19228
19229
19230
19232
19234
19254
19256
19261
19263
19276
19284
19292
19293
19295
19296
19310
19311
19313
19315
19316
19317
19321
19322
19324
19340
19341
19355
19359
19360
19361
19364
19365
19367
19368
19369
19371
19372
19373
19374
19377
19378
19379
19385
19392
19393
19394
19395
19396
19397
19402
19403
19406
19407
19410
19421
19422
19423
19424
19425
19426
19428
19429
19433
19436
19437
19438
19440
19441
19442
19443
19444
19448
19452
19462
19463
19472
19473
19474
19475
19476
19477
19480
19483
19484
19485
19487
19488
19489
19490
19491
19492
19497
19502
19504
19505
19507
19508
19514
19516
19517
19522
19523
19527
19529
19536
19537
19539
19542
19543
19544
19545
19546
19547
19550
19551
19558
19566
19570
19572
19576
19579
19582
19585
19586
19595
19597
19598
19601
19603
19604
19606
19609
19610
19613
19616
19617
19621
19646
19647
19649
19651
19652
19654
19655
19656
19663
19670
19671
19672
19674
19675
19676
19684
19686
19687
19688
19696
19697
19700
19701
19702
19703
19704
19705
19706
19707
19709
19714
19716
19717
19718
19719
19724
19731
19733
19734
19735
19737
19740
19747
19758
19762
19765
19767
19768
19769
19785
19787
19790
19795
19799
19805
19810
19811
19812
19813
19814
19815
19816
19837
19843
19852
19856
19859
19862
19863
19864
19866
19876
19883
19885
19887
19903
19904
19907
19925
19926
19927
19930
19931
19963
19967
19973
19974
19975
19977
19984
19988
19992
19993
19998
20004
20005
20006
20019
20036
20045
20059
20072
20076
20077
20078
20082
20098
20102
20120
20122
20124
20126
20140
20161
20162
20167
20173
20178
20187
20189
20212
20218
20221
20222
20223
20224
20226
20227
20228
20235
20243
20262
20265
20266
20272
20274
20275
20279
20286
20290
20292
20294
20295
20296
20297
20298
20300
20303
20308
20313
20317
20328
20341
20345
20358
20373
20377
20378
20385
20392
20395
20396
20412
20414
20416
20418
20423
20425
20426
20430
20431
20442
20443
20444
20446
20447
20451
20452
20453
20454
20455
20460
20461
20462
20464
20465
20466
20467
20468
20469
20478
20483
20484
20485
20489
20491
20492
20497
20498
20499
20501
20503
20504
20505
20506
20507
20508
20509
20522
20525
20526
20527
20529
20530
20532
20533
20535
20536
20537
20538
20539
20540
20541
20544
20546
20548
20549
20550
20551
20552
20554
20556
20558
20559
20562
20564
20565
20566
20569
20570
20571
20576
20578
20580
20581
20582
20583
20584
20585
20587
20592
20594
20595
20596
20597
20598
20599
20602
20603
20606
20609
20610
20612
20613
20614
20615
20616
20617
20618
20619
20620
20622
20623
20625
20626
20627
20630
20631
20632
20634
20635
20636
20637
20638
20643
20645
20648
20649
20650
20651
20653
20656
20658
20659
20661
20662
20663
20664
20665
20666
20667
20668
20669
20670
20673
20674
20675
20676
20678
20680
20682
20683
20684
20686
20687
20688
20690
20691
20694
20695
20696
20698
20699
20700
20701
20702
20703
20704
20705
20706
20707
20709
20711
20712
20713
20715
20717
20718
20719
20721
20722
20723
20726
20727
20728
20729
20731
20732
20734
20735
20738
20739
20741
20744
20746
20747
20749
20750
20751
20752
20753
20754
20756
20758
20760
20762
20763
20764
20769
20770
20771
20772
20773
20775
20776
20778
20780
20781
20782
20783
20785
20786
20787
20788
20789
20791
20793
20795
20796
20799
20801
20802
20803
20804
20805
20806
20807
20808
20810
20811
20814
20815
20816
20817
20818
20819
20820
20821
20823
20824
20825
20826
20827
20828
20829
20830
20831
20832
20833
20835
20836
20837
20839
20840
20841
20843
20845
20846
20847
20848
20849
20850
20853
20854
20855
20856
20857
20858
20859
20860
20862
20863
20865
20869
20870
20871
20874
20875
20881
20882
20884
20885
20887
20888
20889
20890
20891
20892
20893
20894
20895
20896
20898
20899
20901
20902
20903
20904
20905
20906
20907
20909
20910
20911
20912
20913
20914
20917
20920
20921
20923
20924
20925
20926
20928
20929
20930
20933
20935
20936
20937
20938
20939
20942
20945
20946
20947
20948
20949
20950
20951
20953
20954
20955
20957
20958
20959
20961
20962
20963
20964
20965
20966
20967
20968
20969
20972
20973
20975
20976
20977
20980
20982
20983
20986
20988
20990
20995
20996
20998
20999
21000
21003
21005
21006
21007
21008
21009
21011
21012
21014
21015
21016
21017
21018
21019
21025
21027
21028
21029
21032
21033
21034
21037
21038
21040
21041
21042
21043
21044
21046
21050
21051
21052
21053
21054
21055
21080
21082
21084
21086
21089
21100
21113
21123
21132
21134
21187
21201
21231
21252
21268
21288
21296
21318
21349
21354
21364
21368
21391
21418
21433
21454
21458
21487
21513
21517
21548
21574
21578
21597
21635
21653
21661
21662
21665
21669
21675
21676
21677
21680
21681
21682
21684
21685
21686
21687
21692
21694
21696
21697
21699
21700
21701
21704
21709
21711
21723
21726
21737
21745
21749
21753
21754
21755
21756
21757
21758
21759
21760
21762
21763
21764
21765
21766
21767
21768
21769
21770
21771
21773
21776
21777
21778
21779
21780
21782
21783
21784
21785
21786
21788
21789
21790
21792
21794
21795
21796
21797
21799
21800
21801
21802
21803
21804
21805
21807
21811
21812
21815
21817
21818
21819
21822
21824
21828
21829
21832
21833
21843
21844
21846
21893
21900
21925
21930
21945
21952
21962
21980
22052
22055
22061
22062
22063
22065
22067
22068
22086
22091
22098
22105
22110
22111
22112
22135
22137
22138
22140
22141
22145
22152
22153
22154
22160
22162
22163
22165
22166
22167
22189
22236
22238
22239
22242
22243
22244
22247
22249
22250
22251
22253
22254
22270
22271
22276
22282
22283
22284
22286
22287
22293
22349
22385
22396
22397
22398
22400
22404
22405
22407
22422
22427
22428
22429
22430
22431
22432
22444
22447
22448
22450
22457
22458
22459
22460
22470
22481
22488
22489
22495
22502
22504
22505
22506
22508
22509
22510
22515
22516
22517
22518
22527
22539
22547
22549
22550
22554
22557
22565
22567
22569
22573
22576
22579
22580
22582
22583
22584
22586
22587
22590
22591
22596
22597
22598
22599
22602
22603
22604
22605
22606
22607
22613
22616
22617
22618
22619
22620
22628
22632
22634
22636
22637
22639
22640
22641
22642
22643
22644
22645
22646
22658
22659
22660
22661
22662
22663
22664
22665
22666
22667
22669
22677
22684
22685
22686
22693
22694
22695
22698
22700
22702
22704
22705
22706
22707
22708
22718
22728
22739
22741
22752
22765
22768
22793
22798
22799
22801
22802
22808
22813
22822
22857
22858
22861
22863
22865
22867
22868
22879
22911
22927
22929
22932
22933
22941
22943
22946
22994
22997
23010
23014
23021
23051
23061
23076
23080
23087
23094
23096
23099
23100
23119
23148
23156
23188
23194
23196
23197
23201
23214
23215
23235
23237
23240
23242
23243
23245
23247
23248
23249
23252
23258
23260
23261
23281
23291
23298
23312
23337
23391
23393
23426
23427
23439
23444
23476
23484
23486
23488
23495
23500
23522
23526
23545
23552
23556
23557
23575
23585
23587
23591
23594
23595
23597
23598
23599
23600
23602
23606
23631
23634
23641
23643
23676
23703
23704
23706
23707
23727
23728
23729
23730
23731
23732
23733
23741
23746
23747
23748
23754
23765
23767
23770
23771
23778
23780
23786
23788
23789
23790
23791
23792
23795
23796
23797
23798
23811
23812
23814
23815
23817
23822
23827
23828
23829
23831
23832
23833
23836
23839
23841
23843
23850
23854
23857
23876
23887
23888
23889
23890
23891
23892
23897
23898
23899
23900
23902
23904
23905
23906
23908
23909
23917
23918
23919
23920
23921
23923
23924
23928
23936
23938
23939
23940
23942
23943
23946
23948
23950
23955
23957
23975
23979
23980
23983
23988
23994
23996
23997
23998
23999
24000
24002
24005
24008
24009
24013
24028
24033
24040
24051
24052
24054
24056
24057
24059
24060
24070
24078
24080
24084
24085
24086
24087
24088
24089
24102
24116
24125
24143
24144
24146
24147
24149
24171
24182
24188
24191
24200
24207
24209
24210
24216
24231
24241
24249
24252
24284
24304
24305
24308
24310
24313
24314
24317
24318
24319
24320
24321
24322
24323
24324
24333
24336
24337
24338
24339
24352
24354
24363
24372
24373
24374
24391
24406
24408
24437
24445
24449
24452
24459
24460
24469
24476
24481
24500
24510
24513
24526
24543
24547
24555
24562
24563
24566
24567
24575
24584
24587
24594
24608
24610
24616
24618
24622
24645
24649
24661
24675
24685
24692
24705
24709
24710
24712
24713
24714
24715
24717
24736
24746
24766
24775
24784
24785
24790
24794
24801
24826
24832
24833
24834
24835
24836
24838
24841
24854
24855
24856
24861
24868
24869
24877
24878
24879
24881
24882
24883
24884
24885
24886
24890
24902
24903
24905
24929
24930
24931
24933
24934
24937
24938
24939
24940
24941
24942
24945
24949
24950
24955
24956
24958
24960
24961
24963
24964
24967
24973
24974
24975
24976
24978
24979
24980
24981
24982
24986
24987
24988
24989
24990
24992
24995
24997
25000
25003
25005
25008
25009
25010
25011
25012
25014
25015
25016
25017
25018
25020
25022
25024
25026
25028
25029
25030
25031
25032
25033
25034
25036
25037
25038
25039
25040
25041
25044
25045
25046
25047
25048
25049
25050
25051
25052
25054
25055
25056
25057
25058
25059
25060
25064
25065
25066
25070
25072
25074
25075
25076
25077
25078
25079
25081
25082
25085
25087
25088
25089
25091
25093
25094
25096
25097
25098
25102
25104
25105
25106
25108
25109
25110
25113
25114
25115
25116
25117
25118
25119
25120
25121
25122
25124
25127
25128
25129
25131
25132
25133
25134
25135
25136
25137
25138
25139
25140
25141
25142
25145
25146
25147
25148
25149
25150
25151
25152
25153
25154
25156
25157
25158
25160
25161
25163
25166
25167
25168
25169
25171
25173
25175
25176
25177
25179
25180
25182
25183
25184
25185
25186
25187
25188
25190
25191
25192
25193
25194
25195
25196
25197
25199
25201
25202
25203
25204
25206
25209
25210
25211
25213
25214
25215
25216
25218
25220
25222
25224
25225
25227
25228
25229
25230
25232
25233
25234
25236
25237
25238
25239
25240
25241
25242
25243
25244
25245
25246
25247
25251
25252
25254
25255
25257
25259
25260
25261
25262
25263
25264
25265
25266
25268
25269
25271
25276
25277
25278
25281
25282
25283
25284
25285
25286
25287
25288
25291
25293
25294
25295
25296
25301
25302
25303
25304
25309
25310
25311
25312
25313
25314
25315
25316
25318
25319
25321
25322
25323
25324
25325
25326
25327
25328
25331
25333
25334
25336
25337
25340
25341
25342
25343
25345
25347
25348
25351
25353
25355
25356
25357
25358
25359
25360
25361
25362
25363
25364
25365
25366
25367
25368
25369
25372
25373
25375
25376
25379
25380
25386
25392
25393
25394
25395
25396
25397
25398
25399
25400
25401
25402
25405
25406
25409
25410
25411
25431
25436
25437
25444
25446
25460
25463
25465
25473
25477
25502
25507
25516
25540
25541
25591
25592
25626
25629
25631
25675
25683
25703
25705
25723
25732
25736
25752
25777
25783
25790
25793
25837
25856
25882
25885
25952
25992
25994
25995
25999
26002
26014
26018
26019
26020
26025
26027
26029
26030
26032
26033
26034
26035
26036
26037
26038
26039
26041
26042
26046
26048
26055
26066
26068
26070
26071
26072
26073
26091
26101
26108
26110
26114
26115
26117
26118
26121
26122
26128
26129
26133
26134
26135
26139
26144
26145
26146
26147
26148
26149
26151
26152
26153
26154
26157
26158
26159
26160
26162
26163
26164
26165
26166
26167
26169
26170
26171
26172
26173
26174
26175
26176
26178
26179
26182
26183
26184
26185
26186
26187
26188
26190
26192
26193
26195
26199
26200
26201
26202
26203
26204
26207
26210
26212
26213
26245
26305
26335
26337
26346
26349
26361
26368
26394
26418
26419
26421
26422
26429
26430
26431
26433
26434
26435
26438
26439
26441
26442
26444
26449
26453
26454
26457
26458
26459
26461
26464
26465
26466
26467
26471
26473
26475
26476
26477
26478
26494
26495
26496
26497
26502
26507
26508
26509
26510
26513
26514
26516
26517
26519
26520
26521
26522
26523
26524
26525
26549
26550
26552
26553
26554
26555
26558
26561
26562
26564
26566
26575
26576
26583
26611
26617
26618
26619
26620
26621
26622
26623
26625
26626
26632
26642
26645
26647
26649
26651
26658
26659
26660
26661
26664
26672
26673
26688
26690
26691
26695
26696
26720
26735
26748
26749
26751
26760
26763
26770
26774
26779
26780
26781
26782
26783
26784
26785
26786
26787
26789
26791
26810
26813
26814
26815
26823
26827
26829
26830
26831
26832
26833
26835
26836
26838
26839
26841
26845
26849
26850
26851
26854
26856
26857
26879
26881
26885
26901
26907
26913
26914
26915
26916
26917
26918
26919
26936
26939
26940
26943
26949
26983
26986
26988
26991
26992
26993
26994
26995
26996
27001
27005
27018
27023
27024
27026
27027
27041
27051
27054
27055
27056
27057
27059
27060
27061
27081
27082
27084
27085
27086
27087
27088
27089
27090
27092
27093
27095
27097
27099
27109
27112
27114
27121
27122
27229
27231
27236
27248
27261
27272
27284
27289
27295
27296
27313
27314
27315
27316
27319
27323
27329
27331
27332
27334
27336
27337
27338
27339
27340
27341
27342
27344
27345
27346
27347
27350
27351
27352
27353
27354
27356
27357
27358
27359
27362
27363
27387
27394
27418
27431
27434
27446
27449
27450
27451
27452
27454
27456
27457
27466
27483
27495
27499
27503
27504
27505
27506
27509
27515
27517
27519
27523
27530
27558
27559
27562
27577
27579
27587
27588
27590
27591
27592
27593
27594
27595
27596
27597
27599
27603
27606
27614
27617
27620
27621
27624
27625
27629
27643
27644
27646
27651
27652
27655
27658
27663
27666
27668
27669
27678
27682
27691
27705
27708
27714
27718
27722
27724
27725
27727
27731
27732
27733
27737
27746
27751
27754
27755
27761
27763
27774
27777
27781
27785
27786
27787
27794
27796
27797
27798
27799
27801
27802
27803
27805
27806
27808
27810
27812
27813
27816
27818
27820
27821
27822
27825
27826
27835
27841
27842
27846
27848
27849
27862
27867
27868
27869
27872
27878
27880
27882
27884
27888
27890
27892
27895
27897
27907
27920
27921
27922
27928
27932
27933
27939
27944
27950
27951
27952
27961
27962
27970
27971
27972
27974
27976
27984
27987
27990
27993
27999
28000
28001
28003
28004
28008
28010
28013
28029
28030
28033
28034
28038
28040
28041
28051
28057
28058
28072
28082
28083
28086
28091
28098
28101
28103
28104
28105
28107
28109
28111
28113
28114
28119
28122
28127
28131
28133
28135
28143
28159
28165
28166
28169
28177
28178
28179
28186
28187
28189
28190
28191
28192
28194
28195
28196
28197
28198
28199
28200
28201
28206
28207
28210
28212
28217
28219
28220
28224
28228
28238
28240
28241
28242
28245
28262
28264
28267
28268
28269
28270
28271
28274
28275
28276
28278
28282
28287
28297
28298
28310
28311
28317
28318
28324
28325
28326
28327
28331
28333
28335
28336
28337
28338
28341
28345
28348
28351
28355
28356
28357
28358
28359
28361
28363
28364
28365
28367
28373
28374
28381
28390
28394
28395
28403
28406
28408
28413
28424
28425
28426
28427
28429
28430
28433
28434
28437
28438
28442
28448
28449
28450
28451
28452
28453
28462
28463
28465
28466
28467
28468
28469
28471
28472
28479
28480
28481
28483
28484
28485
28486
28487
28492
28493
28494
28496
28497
28500
28505
28506
28514
28521
28522
28523
28524
28525
28526
28527
28528
28529
28531
28546
28547
28551
28555
28558
28559
28561
28570
28572
28575
28579
28596
28597
28600
28607
28608
28609
28612
28615
28619
28638
28653
28660
28687
28688
28737
28747
28748
28749
28762
28766
28805
28872
28873
28875
28899
28908
28910
28911
28914
28916
28926
28927
28928
28930
28947
28963
28969
29007
29008
29022
29032
29033
29043
29047
29054
29061
29071
29075
29119
29135
29141
29145
29146
29147
29169
29175
29177
29181
29212
29216
29217
29246
29247
29258
29291
29294
29295
29297
29298
29320
29337
29339
29352
29361
29365
29366
29367
29368
29369
29370
29371
29373
29374
29375
29376
29378
29379
29380
29383
29385
29387
29388
29389
29391
29392
29393
29396
29397
29398
29403
29409
29410
29411
29413
29414
29417
29425
29426
29427
29429
29430
29431
29432
29434
29435
29436
29437
29441
29442
29443
29445
29446
29447
29449
29451
29453
29454
29459
29461
29462
29463
29464
29465
29466
29468
29469
29470
29471
29472
29473
29474
29475
29476
29477
29478
29479
29480
29482
29486
29487
29488
29489
29492
29493
29494
29497
29498
29502
29504
29506
29507
29509
29510
29511
29512
29513
29514
29515
29516
29517
29518
29519
29520
29521
29522
29524
29525
29526
29527
29529
29531
29532
29533
29535
29536
29537
29540
29541
29542
29543
29544
29545
29546
29548
29550
29551
29552
29553
29554
29555
29556
29557
29558
29559
29561
29562
29563
29566
29567
29568
29569
29570
29572
29573
29575
29576
29577
29578
29579
29582
29584
29585
29586
29588
29591
29592
29593
29595
29596
29597
29598
29600
29601
29602
29603
29604
29606
29607
29608
29609
29611
29612
29613
29618
29619
29620
29623
29625
29626
29627
29628
29629
29630
29631
29633
29634
29635
29636
29637
29638
29640
29643
29644
29645
29646
29648
29649
29650
29651
29653
29655
29656
29657
29658
29659
29661
29662
29665
29666
29668
29669
29670
29671
29673
29674
29675
29678
29679
29680
29681
29682
29684
29685
29686
29687
29689
29690
29691
29692
29693
29694
29695
29696
29698
29700
29701
29702
29704
29705
29707
29708
29709
29710
29712
29713
29714
29715
29716
29717
29719
29720
29721
29724
29728
29729
29730
29733
29734
29736
29737
29738
29739
29741
29744
29745
29746
29748
29750
29752
29754
29755
29756
29758
29759
29760
29762
29763
29764
29765
29767
29769
29771
29773
29774
29778
29779
29782
29783
29784
29785
29787
29788
29789
29791
29792
29793
29794
29795
29796
29797
29798
29799
29801
29802
29803
29804
29805
29806
29807
29808
29809
29810
29811
29813
29814
29815
29816
29817
29818
29820
29821
29822
29823
29824
29825
29826
29831
29832
29833
29834
29835
29836
29837
29840
29841
29842
29843
29845
29846
29847
29849
29850
29851
29852
29853
29854
29855
29856
29857
29859
29862
29863
29864
29865
29866
29869
29870
29872
29873
29874
29876
29877
29878
29879
29880
29881
29882
29885
29894
29895
29897
29898
29899
29900
29902
29903
29905
29906
29908
29926
29928
29929
29941
29942
29949
29951
29953
29955
29988
30011
30018
30019
30030
30049
30058
30070
30077
30082
30092
30098
30103
30110
30119
30140
30144
30146
30157
30163
30165
30167
30177
30193
30200
30206
30208
30209
30210
30212
30219
30253
30254
30260
30261
30262
30263
30264
30268
30269
30277
30281
30282
30283
30285
30292
30302
30308
30324
30327
30345
30346
30355
30356
30389
30446
30472
30475
30484
30487
30488
30489
30491
30492
30494
30495
30497
30498
30501
30503
30504
30505
30506
30508
30509
30510
30511
30512
30513
30518
30522
30526
30528
30530
30532
30582
30584
30585
30586
30587
30588
30589
30591
30592
30593
30595
30596
30597
30598
30599
30601
30603
30604
30605
30606
30607
30608
30609
30610
30612
30613
30614
30616
30620
30621
30623
30624
30625
30626
30628
30629
30631
30632
30633
30636
30637
30638
30639
30642
30643
30644
30645
30653
30655
30656
30658
30659
30660
30662
30665
30666
30680
30699
30706
30708
30713
30716
30718
30752
30754
30760
30766
30778
30783
30784
30785
30786
30789
30791
30793
30796
30801
30802
30809
30816
30817
30823
30824
30825
30829
30836
30853
30856
30867
30872
30876
30880
30888
30892
30893
30896
30902
30903
30904
30908
30909
30911
30913
30914
30919
30926
30948
30950
30951
30952
30959
30960
30961
30962
30963
30964
30965
30967
30971
30972
30974
30977
30984
31015
31016
31018
31019
31020
31025
31026
31041
31046
31053
31055
31057
31060
31067
31077
31081
31082
31083
31084
31087
31088
31089
31103
31105
31107
31108
31109
31110
31112
31113
31136
31148
31157
31162
31175
31176
31177
31180
31187
31188
31189
31192
31195
31197
31213
31224
31227
31228
31229
31230
31231
31232
31233
31234
31235
31237
31238
31239
31242
31243
31251
31253
31254
31255
31256
31257
31258
31260
31268
31275
31276
31277
31278
31279
31281
31286
31287
31288
31289
31290
31292
31293
31297
31311
31313
31327
31339
31341
31342
31343
31346
31356
31364
31365
31370
31371
31377
31378
31401
31403
31405
31407
31409
31412
31414
31415
31416
31417
31419
31421
31435
31444
31448
31449
31452
31453
31455
31456
31457
31471
31472
31473
31474
31476
31480
31483
31487
31488
31489
31490
31491
31492
31493
31495
31499
31504
31508
31509
31510
31511
31514
31520
31521
31522
31523
31525
31552
31556
31589
31591
31597
31601
31604
31607
31608
31609
31611
31622
31628
31629
31630
31631
31633
31635
31643
31645
31646
31654
31656
31657
31659
31660
31661
31671
31681
31684
31686
31701
31707
31708
31709
31715
31726
31727
31728
31741
31743
31744
31746
31750
31752
31753
31756
31757
31764
31770
31790
31792
31834
31843
31855
31858
31861
31862
31863
31891
31916
31928
31937
31942
31965
31968
31985
32003
32017
32056
32061
32071
32079
32081
32090
32096
32097
32110
32111
32124
32151
32152
32153
32157
32158
32169
32172
32327
32330
32346
32373
32375
32376
32396
32407
32434
32436
32437
32453
32456
32463
32477
32483
32515
32516
32520
32528
32536
32537
32538
32539
32543
32545
32549
32550
32551
32552
32553
32554
32555
32556
32557
32561
32568
32569
32572
32575
32576
32577
32578
32579
32601
32624
32629
32630
32631
32632
32637
32638
32642
32643
32646
32647
32652
32653
32657
32658
32662
32664
32665
32666
32667
32668
32669
32672
32673
32674
32675
32676
32681
32682
32687
32688
32692
32693
32695
32696
32697
32698
32701
32702
32705
32706
32707
32708
32709
32710
32711
32725
32726
32727
32731
32733
32734
32735
32736
32740
32742
32743
32744
32746
32747
32748
32750
32754
32755
32758
32759
32760
32761
32764
32767
32769
32774
32782
32797
32799
32802
32810
32822
32826
32827
32828
32862
32866
32871
32872
32873
32874
32875
32876
32877
32878
32879
32881
32882
32883
32884
32885
32886
32890
32892
32893
32902
32904
32911
32915
32984
33022
33037
33063
33066
33067
33068
33070
33071
33072
33073
33093
33095
33096
33102
33126
33128
33145
33150
33159
33160
33163
33166
33167
33168
33170
33172
33210
33243
33260
33265
33275
33280
33281
33282
33284
33286
33313
33317
33322
33336
33337
33341
33356
33367
33373
33390
33392
33396
33398
33430
33441
33463
33475
33477
33478
33484
33499
33554
33555
33556
33557
33558
33559
33572
33579
33581
33596
33612
33615
33634
33636
33645
33646
33647
33660
33661
33666
33668
33686
33691
33695
33697
33698
33702
33709
33714
33716
33719
33720
33721
33723
33726
33729
33731
33734
33735
33736
33737
33738
33744
33745
33757
33758
33759
33760
33763
33766
33767
33768
33773
33774
33776
33777
33779
33780
33781
33782
33783
33786
33788
33789
33791
33800
33802
33803
33804
33808
33809
33811
33813
33814
33817
33818
33819
33820
33821
33822
33824
33826
33827
33828
33831
33832
33834
33836
33837
33838
33839
33840
33841
33844
33846
33847
33848
33849
33852
33853
33854
33856
)


// ************************************************************************* //
