/*--------------------------------*- C++ -*----------------------------------*\
| =========                 |                                                 |
| \\      /  F ield         | OpenFOAM: The Open Source CFD Toolbox           |
|  \\    /   O peration     | Version:  v1906                                 |
|   \\  /    A nd           | Web:      www.OpenFOAM.com                      |
|    \\/     M anipulation  |                                                 |
\*---------------------------------------------------------------------------*/
FoamFile
{
    version     2.0;
    format      ascii;
    class       labelList;
    note        "nPoints:1794  nCells:8464  nFaces:17565  nInternalFaces:16291";
    location    "constant/polyMesh";
    object      neighbour;
}
// * * * * * * * * * * * * * * * * * * * * * * * * * * * * * * * * * * * * * //


16291
(
246
259
5860
8174
1231
3650
3672
5333
3
4217
5356
6775
4133
4884
6939
153
2196
4937
5421
6
3242
7514
7556
4496
4500
5430
4798
5439
6408
6753
9
628
6858
8129
1864
5805
7762
1419
7971
8285
8430
689
796
1858
7924
7955
8207
14
15
1638
5336
2083
2136
6856
17
763
2407
3032
5251
6311
7424
830
2136
3637
21
23
5625
8256
178
2329
4690
4710
25
802
5376
7543
6593
7542
7544
2835
2956
2957
4242
1576
3234
7543
4419
5952
6550
8222
3436
5372
6075
3709
4790
28
5408
6809
7560
54
334
7510
2195
2831
3819
4857
2337
7849
1668
1671
1713
4999
1433
1959
6252
8372
1143
3243
4500
5553
2665
1657
2342
2836
8158
152
2223
3049
4710
2824
6356
6357
6746
2600
4474
5630
7400
43
230
6633
7510
42
43
2857
6357
4501
5747
6755
2142
6631
48
2223
3672
4315
743
4000
5030
6200
59
498
6230
7994
2202
3190
6448
7563
63
4034
4382
400
887
4278
4832
772
2704
4397
3367
4129
4215
7768
6003
7708
2162
4164
4168
6535
5408
5549
6633
2200
4458
7139
7604
1359
3260
5203
5239
2189
5712
6101
6610
1050
2208
6721
7822
3419
4879
7727
693
845
2192
4733
3050
4797
7356
8394
1989
2613
3135
7403
152
1384
2998
2097
2191
6889
7605
2168
2225
6461
6715
352
2277
3939
4688
3116
3129
4101
4550
4595
4891
4893
7722
164
1765
5217
6206
73
869
4309
5483
2129
3215
5638
6302
2399
4448
75
3291
7601
1542
5041
6646
7584
2266
3440
5103
3154
4960
5010
6411
2049
2205
5010
6400
3747
3827
4967
7728
3509
3541
6582
7229
4426
8283
8298
1359
2115
4277
4741
302
1385
3219
4299
270
972
4692
6528
222
5067
86
1408
6418
7468
4477
4580
747
2698
3444
6449
1011
2580
7583
8419
148
3250
6954
7854
2698
6479
6646
7583
791
2143
5376
5381
890
2045
2069
5780
2420
2961
3504
4622
1128
3399
3519
3783
2988
3883
4369
4718
3779
4420
8067
8208
121
122
3614
4592
747
988
5571
8419
2734
3352
1133
2514
2888
4333
2820
3560
3739
5905
485
4589
6526
7690
2698
5410
6449
6989
1082
2959
3801
3986
3034
3181
6622
8163
2912
3833
4964
7777
171
2291
3001
4823
3084
5873
6870
7391
1058
6776
6951
7921
5275
5564
7444
7488
2844
3921
6592
118
2047
2115
7127
4042
5014
5234
6266
370
3561
5127
7176
333
4653
5725
7689
1366
2984
189
716
3050
4059
2116
2955
415
597
4425
8245
1307
1817
4778
7087
124
933
8010
123
1265
3269
2163
3614
5938
128
4160
4592
128
849
2518
7998
576
6381
6775
7558
1195
2089
4178
6616
4190
8041
857
4304
5646
7641
1591
5825
6029
8170
224
5680
6072
6405
4706
5875
7120
8123
6598
6599
7912
7913
137
1277
2700
6662
215
4608
5039
7000
1205
3103
5445
5798
564
2244
4708
2983
3650
5996
6277
141
143
2169
5782
406
879
5774
6067
253
7624
7663
1343
1641
7052
7515
252
6184
7624
2169
4562
5464
6163
3218
3819
4532
6011
147
2195
2831
7191
3303
6330
6331
155
886
6458
150
155
5403
5640
3438
4281
6458
225
2833
3629
5878
166
6816
680
3703
4130
814
2533
7183
2210
7854
3938
6462
7623
7657
3591
4310
7657
7997
3591
4146
7603
7787
2683
4022
6086
8366
635
1890
8097
8225
5158
6225
7740
1250
3191
4202
5562
915
2062
6320
7752
675
6567
8362
172
4513
4726
7654
2822
4710
5803
2387
3755
4363
6961
404
6056
7204
7987
2245
3483
6884
7787
3661
5659
6486
6802
1662
3738
8261
1241
6837
7787
174
179
4694
8244
183
4690
8152
1959
2276
3297
1083
2936
3184
4435
380
1400
2822
4800
6386
182
1104
3928
1831
1993
5029
6238
182
862
1339
3539
183
5451
3318
7656
623
2039
5051
5205
5602
2968
5058
8339
8388
2083
5336
6779
7001
1647
4642
4794
7859
2946
4079
4985
2215
5639
5657
7833
4203
4234
4521
6705
193
5933
6693
2866
4849
418
5876
5878
8351
329
4597
6367
7486
1040
2849
7086
7231
202
340
2705
3847
249
340
3806
5534
1059
1513
4951
3902
4750
5521
7709
203
3686
4200
4330
332
3849
4324
204
4428
5505
208
211
6482
5735
7280
7988
8236
1935
4068
5020
7393
1399
3957
5966
7316
4428
4806
4911
729
2034
3057
3935
1414
4380
4425
8246
4180
4309
5487
2660
2917
4676
7861
2499
3553
5835
6766
229
5932
6472
6513
2560
5806
6864
3623
4917
5582
7303
1129
3357
6649
7970
225
4229
6472
7956
303
4915
7103
7211
444
2277
4691
7684
3502
3758
4605
6684
5043
8127
8131
4617
8204
8208
8209
5145
5266
8087
4766
5932
229
4351
7179
7595
1245
4275
6464
6903
3819
4505
5333
5996
5647
6473
4259
5634
6631
3361
5496
6716
7294
488
4385
4966
8246
3326
4298
5861
2190
3301
5439
6411
239
251
5676
7666
2223
2329
2856
4714
2264
4323
6489
7268
2195
2559
4370
8147
250
938
5703
1136
3611
3714
6798
3686
4428
5782
7268
3677
4544
6131
7857
245
3372
7257
7663
1202
2446
4286
4683
6129
6843
7665
2538
2565
2957
249
340
6524
1635
4956
6544
6698
2829
251
3594
7268
3368
3368
4045
5677
836
1525
3666
3464
3592
3925
7671
1211
4369
6128
6844
2272
3464
3679
7635
866
2618
4020
5518
2409
3790
4784
6182
1685
5887
7892
1245
2031
3002
6893
270
1176
1772
7683
270
2623
4691
7684
1380
2261
4372
5507
1299
1662
4823
6026
1263
8140
8141
8262
479
2112
4705
7340
2897
3837
4535
7032
1539
2891
5971
7966
1563
7129
7928
8269
4504
1298
2495
2878
4912
3746
5980
280
2309
4527
7636
3249
4217
4257
5433
2337
3462
6661
7838
886
3022
5620
7422
1153
2331
6659
7838
1964
6606
7351
7380
2224
6842
7667
7679
2310
2379
4543
2219
4408
4725
8037
1442
3905
6078
7958
889
2078
4721
5470
2023
2180
2183
5798
1693
4455
5019
6589
348
1021
1949
2082
2626
5240
950
3675
3878
4754
2831
3676
5475
6422
588
4006
5854
8201
5293
5353
7100
7432
2896
5316
5341
5395
2190
2247
2300
4218
3827
4836
7756
8117
2823
8224
4103
5570
6007
6446
1056
2877
6576
7176
3794
7212
7216
7296
4507
5859
6877
2600
7527
7576
7768
3204
4164
5624
7429
1710
4741
7350
3730
3744
4900
3853
5367
7446
7492
1049
1847
5380
5740
788
3099
5555
6855
313
3315
7696
7697
361
380
1400
7770
2383
2816
527
3012
6179
6264
2149
2648
6849
8040
709
860
2260
5635
323
2284
7969
2010
6654
7680
7697
1335
3594
4478
6655
2658
3342
3562
4051
3580
4327
8019
8020
418
2510
3744
6660
3998
5880
3314
3674
7662
7697
4661
5364
7401
8460
324
5526
6516
6941
324
6516
6943
1191
3461
910
3860
4972
2790
2887
6745
8269
3751
5728
6875
6935
2141
2619
6346
6350
2135
4522
5740
4075
4740
6175
7691
1147
2382
6690
8224
340
3722
4359
1625
4284
7177
2874
2881
5550
844
1191
3461
7672
341
1231
2566
3323
1300
3584
3617
6818
5955
6024
8031
8032
1719
3425
5092
5107
2634
2983
3650
345
3822
5773
1390
2810
5979
1982
3233
3431
5799
1228
7703
3475
4613
4912
7773
1497
1608
8240
8243
4854
1260
3465
4010
4354
756
4600
5368
8180
1644
1680
5127
6578
1621
5827
6497
2941
4963
5788
6784
355
964
2229
5531
2133
2282
2633
1680
5287
5413
7778
1679
6770
7225
7227
1145
2769
3920
5005
1612
1624
6029
7902
1606
3753
8248
6823
7238
7792
4614
5063
6569
6680
5991
7653
7785
8263
1508
1618
2485
4333
3726
3837
4670
7135
3538
3807
4815
6032
736
3834
5269
7452
479
2715
7996
8397
3804
7180
7181
4805
4876
6581
2282
2331
6507
7530
3516
5134
4829
4867
7900
7902
2095
3316
1892
7344
676
5608
5609
6188
1917
3404
6511
8437
2391
2918
6059
7204
2614
3012
6179
6781
1290
3826
5977
8206
2720
6573
8115
8116
1536
3939
6023
6815
2388
3760
5973
7904
1603
2383
3606
5972
2332
3862
8264
2917
3828
4868
8171
1857
2929
4555
7487
2226
4349
4406
6489
1957
1964
4004
7415
2905
3175
5754
7851
3829
3919
8349
1020
2795
2969
3891
5791
6016
6549
401
1605
2495
2775
1558
3663
6049
451
490
1681
2736
1347
4897
6286
6312
881
3264
4697
6848
1243
2247
5432
1367
1374
2878
702
1033
2319
2430
913
1198
6765
6768
4424
6057
7203
2478
6063
8297
412
420
2401
2587
3426
6260
6587
2108
2933
4756
6308
4343
4713
4720
6481
439
6097
2289
2696
2903
7675
413
421
1422
414
1026
5813
1022
1238
5692
1602
4567
4571
2860
5763
5799
6590
1018
1464
1538
1849
7086
7105
1894
2295
2318
4616
421
1029
1798
1597
1640
2112
5490
7140
8085
459
475
1271
5259
589
591
1681
5819
430
1353
2375
2397
862
4570
4685
6551
514
2378
2749
5734
1098
1461
1585
5516
991
1271
1364
7992
1055
1320
4629
498
965
1941
2461
528
6073
8112
1397
1410
2375
6920
1452
1510
2528
5700
732
3425
4232
6624
1010
1409
1412
2472
538
1009
2455
5699
582
2303
2773
4709
8241
1009
1210
1274
6840
880
1405
2541
2664
3167
4117
4457
7067
1361
1561
2468
7682
569
1363
1947
651
3263
3754
6384
1156
1562
1761
8346
3829
4573
8173
566
1064
1770
8006
2954
3647
7314
7763
1566
5850
8170
8191
608
1530
1961
4995
5954
7316
7317
1592
5348
6100
6370
2940
3707
5882
498
1396
2172
2593
6503
6541
7394
7563
2067
2246
2302
2581
1167
2442
5255
6975
596
2461
4659
1402
1773
2018
4173
1755
2751
6895
6917
641
985
2429
4686
2520
2996
5152
8371
2198
4244
7080
7861
474
1808
2362
5499
1272
4778
6484
7851
559
1441
3548
2301
3309
3322
7630
1752
4031
6197
7030
1678
4423
8277
8280
2676
3164
5595
6446
5547
5731
6388
6985
3065
5094
5247
5301
477
1218
4337
947
2755
3126
1218
1225
2495
4912
550
1471
2514
3059
5315
6270
8400
4123
7999
5617
7443
7488
8139
1930
1934
3522
3945
1824
3962
7751
8002
2243
2257
3447
4808
583
1139
1468
6536
984
1035
2360
973
1097
2244
4104
3533
6199
7293
8345
1124
1414
2764
1913
2012
3549
608
621
1602
727
3135
7079
7736
1404
1856
2570
3175
502
541
1955
3950
1434
1859
2749
2750
677
2549
6147
8386
1038
1279
2368
2744
596
758
2448
6211
947
1630
1683
5430
7575
3917
5800
7045
7802
2729
4719
6434
2481
4612
8218
504
761
1048
7582
975
1060
2315
507
2459
2678
4017
4451
5560
7460
7990
508
1002
1131
2369
4233
5305
2351
2360
3299
1535
1548
2562
2786
1881
4703
514
916
2328
7159
612
1222
1800
2448
2346
2750
2866
6693
6926
617
4060
6663
7573
518
594
1045
2457
715
2521
6815
1441
5176
8391
1411
1485
1744
1820
918
1138
2608
7953
1992
6210
8405
8417
524
525
531
6387
529
760
2419
1134
1722
3637
1086
5572
7081
7173
2607
6210
7170
1501
4587
5954
1344
1717
4443
2999
3111
1909
2259
2419
1409
2472
2611
3279
534
765
1214
8019
538
2479
2546
1763
2717
7859
1977
3041
3523
4446
1859
2265
2749
8070
893
2471
1142
1414
1614
1886
687
2059
2085
3896
2428
1079
5233
7262
7372
549
574
2307
2736
3409
6996
7375
6611
7015
7809
8069
941
1346
1846
2788
1920
3899
6119
7251
4322
5325
6988
7425
550
1808
5823
554
3477
616
3025
3036
4114
987
998
1853
2762
1363
1736
1777
8343
1007
2307
2514
1456
3464
7628
7970
976
1431
1461
3560
1852
2053
2082
5284
561
1469
1761
6807
664
6592
4105
4307
5250
7419
568
1467
2745
1635
6581
7982
8229
899
1645
2462
6864
1099
4735
5948
1970
6223
7043
7085
2118
2164
6509
574
1299
1808
2318
569
1389
4476
586
1469
3000
4082
5605
6681
1796
5036
7123
632
958
5042
7027
738
2996
1696
4946
981
1167
1694
7467
1347
2737
4793
2684
3245
5076
5147
1208
1768
2364
2503
1369
2345
2531
5555
3139
5282
6106
7442
583
1137
1840
2679
584
1292
2761
2725
2779
2123
3600
587
612
1697
3965
1363
1708
3571
595
992
1695
2818
5985
6872
590
592
1961
591
1425
3768
2610
2677
597
1065
4644
750
1900
2991
5212
1458
1736
3568
969
2761
2986
753
991
1810
1918
599
1455
2765
6886
603
1538
4484
602
611
622
6913
1996
3052
6168
6868
619
1025
3365
606
2524
2784
679
3968
1074
4123
6567
7340
851
2500
7598
1993
2684
3003
5114
1809
1810
1601
2374
2488
4836
1427
1875
2688
6781
1058
4467
7922
1875
6179
2971
4882
6433
7317
2963
3682
4621
6863
1194
2014
4001
4095
4159
7387
656
5112
8422
2443
2639
8033
8046
1058
1557
2465
622
995
1188
6922
1007
2307
2890
1025
1921
5765
6115
7057
1091
2004
3789
748
1140
1326
6784
2030
3954
4038
8457
2019
2552
7726
8311
3200
3926
7763
663
673
1383
1787
634
2314
2571
4240
2907
3971
4773
2091
5223
5986
1163
2898
8273
651
1354
2248
1147
1646
7114
7300
7591
8015
8359
3413
5087
6191
8392
6220
7166
3024
3086
4012
8437
646
1006
2450
6620
4566
5411
6960
672
3116
4102
8322
648
1006
2782
6826
2968
7332
1235
1957
4082
8386
648
1041
2638
3384
4068
8193
1751
3166
4158
4996
6328
6450
2964
6588
6623
7991
1460
1887
876
1626
2561
4294
2619
6857
6864
7001
3092
5324
6987
8139
3017
6383
7380
7801
6237
1915
3937
3966
7456
987
1483
2403
6346
4896
5047
6406
7558
978
983
984
1070
743
3999
7072
7091
1329
4429
4880
5765
1111
1731
2452
1753
5136
6591
3798
4047
7414
7935
2043
3203
8136
8142
4795
6182
6197
8439
2558
2594
3168
673
685
1723
2537
1212
1883
2787
4673
851
1212
2168
3570
2570
2588
2929
1567
3932
736
2063
5694
7319
5183
5511
5713
1804
1837
1946
1193
3916
725
2625
5101
6104
6116
6156
2051
5303
5400
1902
2867
5090
8424
845
2192
5962
6433
3043
5157
5608
7323
1415
4678
5814
6792
1405
2724
3583
909
1461
1585
3536
1135
1137
8180
1927
2721
3391
4533
2961
4603
6556
5443
6632
7826
7939
1095
2302
6293
8064
4197
4669
6338
7324
4141
4192
7447
5187
6199
7205
1588
2365
2509
6577
4822
7169
7170
8460
740
6405
7446
7492
1463
1496
2709
6887
1397
1792
2353
6909
1295
3818
7730
8176
1893
3631
5573
5600
1065
1124
5757
1285
1974
3657
6614
899
997
1316
6857
1831
3004
7205
7335
1072
2536
2547
7060
784
5108
7915
7977
787
2937
2954
6044
2176
4318
6929
2585
5385
5459
7858
2019
3145
5274
5559
3936
4707
5193
8425
8324
5169
5171
5242
8418
1045
1617
2766
5611
6171
6997
1693
2652
3165
4427
728
2606
6230
7993
3921
4448
5781
6591
2344
2599
3637
3639
1155
1196
2041
4070
4120
5898
8146
8254
4195
5343
5721
6614
5316
5343
7315
7410
1854
3078
4366
1965
4135
4172
5319
2613
4192
4733
3041
6130
7110
1965
4144
7318
798
3121
5885
6177
1925
3021
5172
7069
2119
2131
4037
1016
1767
1779
4607
5907
6125
6227
6236
3209
4602
5304
6343
8401
8427
785
2099
2432
5385
1958
2989
5059
890
4170
6317
7761
2075
2935
3096
1931
5226
7058
7143
2062
6321
7013
7644
3985
7365
1083
2626
4140
5240
4445
4640
6278
7945
1126
1429
1670
2430
827
4229
2764
4966
8166
2026
2027
4638
5558
1269
6084
8300
3405
4000
6178
7185
829
5120
5568
7525
1800
2461
4636
2342
2795
2836
4017
6399
7537
8024
1485
5806
5913
1568
3521
5122
6928
991
1711
2368
2642
3242
4591
5421
1344
1622
4235
1051
1284
1728
2158
2555
2858
7719
1125
2052
5044
4464
4916
6361
7521
1561
2724
4327
3109
6214
6216
7101
2627
2927
4232
6259
6620
7509
7721
7817
2472
3279
3289
3972
3395
6686
8095
8135
4379
4547
4957
5868
925
973
4365
1856
1857
2222
6007
4131
5252
7165
8350
1087
4044
6191
8410
1053
1758
2774
5798
1197
5995
6068
6765
2490
5696
5869
6711
5295
5614
5899
6232
1237
1309
1999
4681
2208
6083
7819
7820
2088
3093
5100
8350
3208
4119
7017
7018
1187
1673
2339
6258
7542
7819
1967
3223
6355
7118
792
2075
5201
2100
4918
6778
1379
1914
3040
6979
2923
4455
7141
7144
853
2859
4468
1716
2935
2937
2315
2555
3493
6091
840
1716
4260
5179
3033
3136
6175
7691
2585
3635
7504
1149
6341
6388
6825
3991
4759
5312
1700
5234
7283
8393
4686
5447
6480
7590
2592
3524
7023
7994
2965
3160
7923
1351
5236
5542
6809
1100
2460
4236
6744
4768
5535
5775
6763
907
2423
4430
6101
1233
2132
3355
6593
5139
7331
7332
2207
3225
6139
7545
3375
4328
5481
5947
1266
4296
7566
7567
3219
3222
5429
7540
5610
6158
7356
8385
5764
6033
7861
1604
5220
7140
905
2214
6002
6701
4591
5044
8023
8024
3653
5267
5897
7140
2931
4979
5701
5874
826
969
1292
1415
1577
3393
4239
5762
2165
3191
4256
7577
858
2134
3535
6559
4308
6472
6662
7784
3193
5381
6393
6901
945
1697
8376
1307
6954
7549
2125
2480
8306
6258
7524
7952
2599
5047
5048
1376
3095
3183
7149
1758
4590
4971
5798
1215
1636
5963
8078
844
1725
2164
4630
3096
4992
5143
7492
3604
4345
4391
3174
6981
7948
7950
4181
4400
4556
5990
2099
4466
4916
5385
3222
3854
5391
1333
2580
6878
7956
5964
6088
7134
7919
4268
4313
4517
6876
1109
5801
1829
8448
1256
3614
4803
5454
1361
2468
2772
4326
5984
7137
7287
1355
5937
6854
2585
4461
4466
8303
2784
4722
935
1509
1533
2697
2858
7719
3898
7883
8014
8077
2566
2658
2834
7681
2043
2175
4018
6336
866
3328
7678
2427
3635
5833
860
4272
4493
5635
2240
2992
865
870
1484
3426
1304
2377
1011
2911
5760
5762
3688
7252
8302
8451
1478
2059
2671
4010
5646
3542
6576
7303
8252
4838
4849
7088
7225
1241
2266
7613
1503
1757
2059
901
1303
1629
1760
1714
1860
2695
6744
2500
3313
7598
7599
4328
4484
5943
7598
2209
4290
6883
1625
1848
2777
4283
6493
7594
7599
1029
1798
1805
2484
1029
4904
4987
1361
1569
8052
4800
5471
6851
2905
2906
3302
3816
3270
3450
6812
6816
4789
4976
5303
5935
3640
7961
6009
7551
2111
4833
6444
1673
2436
6436
7916
3565
3676
5508
5260
5339
3944
6300
6395
8255
1721
4741
4996
5263
3289
5961
8019
2367
2511
5937
7998
2228
4286
4649
6651
1266
2426
4730
7566
2521
3560
3771
5758
1342
5787
7117
7927
1216
2728
2654
3861
7790
1223
1622
1847
3703
5421
6312
7557
3474
5930
6488
7614
1645
1744
2056
2462
1481
2373
8237
5470
5508
6386
8038
3197
4232
6259
2033
2686
3150
6234
1736
2604
8159
3397
6289
2888
2890
3842
7929
951
2095
3546
6498
2796
6767
6769
4237
4269
4303
7637
5262
5288
7443
1585
2371
8107
1112
3273
3633
4399
2320
2321
2348
2278
3680
7857
7969
3806
3812
4356
5523
2289
2621
5648
7651
1334
2278
3895
7857
2523
3287
3515
7838
2374
2591
2780
8226
2327
2704
4364
1607
2230
5515
6650
1389
1947
2361
4674
1104
3263
4647
6079
3974
4409
4491
8049
3546
3675
3741
5521
2563
2702
4138
7832
2228
2473
3963
4649
4458
4534
4651
935
2667
6589
2658
3696
4751
7684
974
2632
4561
7687
1335
2440
5526
2088
3220
6336
6548
1220
3281
6962
7167
999
6022
2166
4799
6422
8148
1594
3975
5717
7623
2279
2489
4340
8006
965
2461
4078
3741
4508
948
2182
2592
2755
7994
2523
3287
3345
4588
1621
3546
4671
1621
2623
6497
1229
5863
6668
3695
4924
6688
979
2593
4033
4401
5480
5657
7829
959
1354
2317
4590
1353
1807
2105
2615
1700
5156
5989
1758
1793
2367
3484
4274
6720
7640
1280
1355
1445
2339
3767
6068
7145
7853
1481
2374
3843
6004
1229
5863
7703
1028
1396
1732
2636
3352
3453
2096
2378
2749
5038
2636
4324
4341
4361
1697
3481
1387
2236
7668
7837
4377
5944
6117
6502
1081
1472
2525
1201
1174
3312
7660
1365
2369
7556
1098
1374
2820
1335
2440
2988
7570
1042
1769
1770
1028
1396
1552
1873
2503
2508
1085
1152
1759
1218
1225
1609
2488
1069
1421
4360
1042
6526
4254
4810
6833
1004
1149
1369
4187
997
6350
1307
2694
4103
993
1165
2459
7555
2212
2801
7215
7288
3125
1345
1905
2773
998
1164
2762
1839
2032
2530
2581
1182
1921
3597
1014
1128
2064
2494
998
2728
3217
1846
2799
1001
1968
2526
4684
1209
2499
2792
2678
2858
7562
2993
3956
8100
8438
1148
1370
6557
1134
1909
2345
5359
1370
2763
1809
2456
1480
1518
1627
2291
1572
2473
1210
1510
5664
7552
7584
1802
2611
3497
5698
1464
1465
1849
4724
1162
2703
5834
1029
1597
1799
7246
2499
2526
2703
1350
1374
1663
2880
1177
1747
5652
1777
2342
2604
2799
1472
2360
8341
2767
4859
4940
1337
2332
2372
3680
5524
6490
7661
1343
1840
1943
2727
1125
3239
1031
1039
1422
1225
1350
1605
3721
1415
6792
1274
1391
2451
3159
1885
2372
3868
1505
2265
2390
2726
1491
1783
3552
1409
2611
2785
3457
1081
1472
4589
1417
6561
6671
7155
1038
1844
2752
7171
1841
2448
1227
1885
8297
1437
2510
6665
1043
1759
2629
2370
5519
1897
2783
6861
1297
4859
7175
7303
1531
5584
2268
2758
2782
4194
1048
1053
1284
4497
1060
1853
4205
4891
6860
1101
4231
5415
1187
1445
7974
1691
1872
2182
3929
1483
1853
3536
5847
7160
8159
1168
1179
1353
2381
3561
6682
1065
1124
1142
7987
6777
2334
3873
2762
7514
2854
3898
4251
6797
1184
1345
2273
5846
1239
2321
2394
1688
1786
1812
1425
1515
4941
5887
7893
4952
6697
8134
1528
2656
2677
5115
1070
1689
3347
1827
2743
1913
6791
2986
6254
7359
6155
7151
8130
1699
6054
7456
1973
4085
6337
6923
1861
2492
4680
8447
7573
1891
1996
3056
7352
6256
6373
7259
2406
4440
5228
6868
1708
1772
3079
7014
7016
1171
2482
2030
3127
5273
6284
2630
3616
7467
3987
5600
6212
1246
2406
4887
2519
4700
6252
7307
3896
5368
6354
8180
1251
2005
2904
3341
1726
7330
5218
8358
8359
2862
5378
5553
6133
1907
5842
6609
6707
1581
2936
8459
1813
1866
3708
8423
4735
5644
1663
2371
4402
6410
7831
1164
3493
3507
1819
2208
6431
1113
3280
3441
7834
3738
3777
7217
7223
1304
3762
1582
2476
5115
8228
1296
3449
3575
6814
1391
3159
5746
6803
2728
3217
3598
4620
1111
1731
7672
1244
2449
5705
1725
4579
3288
5500
5501
2312
4919
7631
1121
1534
2341
7005
3269
4796
6347
6852
2676
3233
4431
5594
4542
2431
2697
3500
6085
2702
3451
5503
7833
4311
5655
7550
7632
1843
5285
6150
1884
4250
7755
8081
1708
4480
4589
5953
1206
1188
2407
1140
1332
6819
4282
4432
4491
8034
2408
2413
3459
6491
7628
3308
4211
4586
2315
2369
2555
1224
2617
5320
5686
3473
4337
4666
1557
2344
1139
1485
2359
2559
4370
5860
1139
2073
1442
1444
6542
1206
2430
2214
2760
4572
6048
1918
6056
1365
1728
2458
2428
6749
2919
3892
6469
1326
1332
2706
6685
6689
1369
1909
2259
1927
2757
2103
2696
2903
3331
2431
5377
6632
6956
1167
2268
2758
2379
3515
3763
3045
3953
7232
8381
3108
5066
5928
1631
2118
2121
5275
5564
5712
7286
2042
2104
3248
6107
1315
2285
2288
4338
3347
4360
8213
8214
4099
6880
7526
1754
2020
2408
1248
3701
7104
2315
2459
1316
1860
5046
2657
3396
5748
8265
6977
1178
7588
7917
3072
3896
6354
6866
2987
4438
6238
7319
1988
2150
2936
1908
5068
5157
7097
1309
1357
6194
8459
2634
7677
8333
2254
5525
6512
7633
1769
4753
8212
1538
1554
5745
1179
1673
2339
1355
3278
1183
1184
1971
2376
1459
1465
1792
2352
2147
2460
2678
1418
2741
3407
1475
1766
1475
2273
5196
7914
1474
1555
2733
7732
1789
7977
1714
1860
3265
4687
5050
5835
1204
1256
3300
5727
7535
7969
5496
5512
7587
7602
6147
7908
5812
6101
7816
4441
5839
8029
3553
7246
8265
1276
2804
2902
1655
1677
5995
6765
1432
2568
4125
7793
2244
3451
5503
1436
5991
6058
2300
4218
6162
6418
3261
4410
4725
1853
6344
7582
1301
2764
1238
1337
1340
1895
1356
2496
5106
1729
1968
6782
2471
5668
1828
2794
6117
1579
2500
1284
1423
1445
5937
1730
1828
1845
3943
3950
5979
1407
2695
3598
1395
1606
7181
1471
1832
2522
8352
1450
2480
2574
1841
1875
6295
1760
2779
5040
1273
1310
2150
2393
1332
1435
1439
2706
1435
6063
5773
7701
3460
5529
2707
6990
7699
8124
2956
4315
2444
2637
3694
6651
4035
5459
7715
3657
4574
7004
7470
3000
5165
6157
2954
5258
5752
7314
1275
1279
2306
1597
5592
4139
1865
3044
6157
6188
3483
5482
4454
4472
6883
6897
2111
5431
7608
2447
6563
8406
1257
4610
5602
6868
6870
2989
3055
7753
8375
2218
2905
8273
3031
3519
3754
6849
4256
4259
6530
1646
2130
4922
2207
3225
3438
6431
3228
3256
4291
6952
1265
2181
2511
5449
2675
3434
3435
5406
2204
5471
1293
4606
6465
1668
2394
4780
7863
4542
7047
7706
7841
2294
6802
7676
1262
1581
2067
2150
1310
1364
3946
2912
4942
7925
1501
2947
7343
2985
3027
5071
6888
1685
3318
4316
5753
2230
4615
5515
6012
1774
1994
5197
3057
3060
3134
4144
1357
2755
2905
5349
8097
1275
1323
1948
1572
2253
1988
6306
1333
4663
8263
3304
4401
7829
3678
4376
4390
4485
2752
6714
1358
1424
7825
2161
4651
5462
6920
3731
4273
6464
7566
6294
6590
7142
7808
4593
1709
4444
7469
1318
1634
2561
2571
6262
7049
7051
7093
2414
3120
3942
5329
2925
3906
7224
7874
2975
3645
8238
2387
4363
4414
6050
2123
3961
4276
5489
6643
5498
5824
5955
8004
3394
5515
7208
1518
4336
5822
6045
7775
8252
4421
4613
5824
2250
4946
1425
3768
6566
6057
6819
7987
1690
3199
3589
3619
3534
5740
7493
4684
6079
1516
2228
3449
3454
1894
2476
3398
5498
6009
2536
2735
3481
6597
1711
6211
1323
7412
3713
3919
5771
8077
1546
4919
5503
7834
1599
3922
4761
6568
1433
2753
5540
6657
2633
6521
7668
2695
5025
1546
2439
6513
7674
2204
4240
8054
2644
4667
4856
6020
2343
2596
7917
2928
7758
7759
7795
4451
4596
6789
7990
2306
5919
1354
1793
2413
5797
1683
1739
2057
4496
2602
1574
3767
6770
7847
1347
7558
8023
8024
1641
4893
7057
4833
4842
6634
6699
2262
5072
5159
5554
7845
5493
7783
2738
6111
6131
3595
4936
4957
5930
6488
1432
7764
1651
3871
4932
3886
5451
7927
1862
2335
4989
4162
5433
5601
7877
3778
5451
6799
1373
2733
1629
2347
1443
5213
1585
2328
4843
6209
1821
2871
7309
7312
3175
3179
3302
4764
1675
2096
2106
3275
6635
1446
1462
1463
1548
4287
1987
2105
1768
1943
2733
1364
1581
2105
2313
5034
1385
3303
1777
2281
2342
2525
2664
1469
1562
1708
1772
2525
1711
2402
3243
6764
1431
2527
8031
1788
1818
2314
2571
4903
2757
7817
2396
2851
2930
6590
3401
4006
7215
8096
1836
1840
2073
1605
1922
2000
2044
2492
5460
6419
7454
1398
1935
3025
4068
1759
1897
2508
4594
2038
4322
7812
3316
4504
6498
1416
4362
4518
2830
3705
3927
4545
4579
4382
5506
7625
5204
7193
3296
4473
4517
6874
2272
3518
5706
5674
5881
2745
2772
2363
2756
2469
2786
2519
2945
3949
5191
3640
4554
7109
1516
1531
1617
2154
3808
7180
3620
1403
2576
3996
5207
8435
4995
5883
8089
3901
8295
1491
1745
2610
3992
1454
2364
5709
1410
2751
6836
2569
6585
7161
1787
7685
3183
3706
6419
1645
1654
4623
2199
4218
7194
2787
2397
6882
1750
1754
5913
1510
1883
8102
1707
2270
3646
4950
1734
3262
6788
2543
2545
4771
2358
2550
5541
6656
7658
2522
5218
6144
2351
2360
4524
1438
8293
1424
1758
2367
1445
4982
2319
1427
1443
3010
5843
1430
5839
1460
1968
2113
2709
1439
2227
2714
1695
1875
7383
1458
2521
1718
2335
2486
5038
8220
1438
6066
1477
2901
7209
2849
5840
6983
1439
2401
5792
2583
3339
4611
5539
3982
1507
1763
1695
2273
1763
2340
4794
1573
1983
5072
1455
1459
1755
6910
4380
4571
4935
4965
3836
7871
8287
8290
6657
6962
1666
1916
2085
2491
1554
2355
2517
1474
1826
2311
7025
1559
1709
2356
1464
1795
3592
4311
7570
1673
1789
2436
6723
1461
2385
1464
3442
2064
2494
1526
1535
7785
2354
7653
1626
3300
1778
1894
2055
2509
1761
2541
8051
1760
2731
7519
7683
1476
2302
2755
6248
1601
3475
2281
1535
1627
2324
3270
1836
1864
2741
7358
2152
2581
2592
1610
3872
6814
1533
2125
6043
1482
4761
1526
2295
5822
1601
6702
2388
4771
6561
2774
6345
2125
2594
3168
2731
1796
1832
6916
3656
1827
3347
3353
4361
1563
2808
3833
6669
1806
1809
2214
8115
1521
2319
1573
1742
1778
8011
1924
2679
3865
7411
2644
5914
7902
8171
1496
1848
2571
5725
1887
2179
1520
2886
4871
1505
2591
7906
8205
4758
5741
5993
5870
6076
7149
8162
5142
8112
2882
3582
7981
2073
2311
6587
2800
2803
3773
6025
2481
5738
5864
7947
6078
1601
2373
2514
2125
5017
2253
2790
2900
6745
3334
3562
3628
3939
1614
7983
7986
1518
1617
1627
2771
4665
4667
4944
2473
2771
2380
2543
6671
6673
2766
1752
3417
4895
5990
3808
3844
7220
1687
1745
2400
3236
5390
8259
8260
1644
3476
7208
7771
2033
2805
4067
8440
4723
7618
7663
1573
6800
2812
4855
5576
6680
1532
3586
3768
1532
1570
1660
5790
1532
1551
8005
2361
3454
3857
2454
8301
1559
1709
2349
2451
1617
3334
6812
3554
6696
7154
8208
2524
1612
4872
6747
3846
1560
4949
5837
7533
4239
5645
6642
2170
2193
4278
5432
4739
4833
5436
5448
2049
3222
5440
7445
2244
2700
3542
3779
5063
7153
2354
5159
4944
6730
6731
8231
1551
1809
3477
3508
1570
4844
1694
2234
2442
3845
6046
7780
8111
2287
2469
1768
1864
2032
4030
4502
5261
6299
1722
6366
3899
2234
2852
3563
5784
6070
1569
2546
2370
4480
2855
7898
4019
6314
6424
8302
2198
5783
5894
7182
6032
1731
2738
4350
2765
2784
5720
2724
4207
4805
5580
5551
6285
7417
7439
2324
5658
1785
5589
6767
7853
3527
5287
6578
7174
2859
5376
7826
4653
5725
6887
2294
4354
5689
5693
2785
2787
4824
3711
6788
2302
4805
4876
5790
3538
4508
8121
1780
2332
2372
4363
5540
6657
1639
3749
4870
2055
2610
2677
2303
1603
3844
5972
6727
1624
6748
8191
5620
5643
6008
2288
4341
4361
7534
3295
4088
5469
2620
6808
7686
8047
1718
1780
4039
1895
2483
3875
5758
6023
3780
4420
6673
4418
5585
8164
2890
4668
5974
7220
3966
5267
7393
5816
7964
8232
2274
5755
5955
3759
8117
8217
3721
4337
5733
2230
3575
8066
1613
7274
8071
8072
2418
6835
8307
4950
4961
3541
3802
5579
8251
2485
3603
4333
4666
2373
2926
7728
1670
2227
6067
7233
6331
6332
7194
7606
3983
1741
3685
2803
4969
6047
5914
8073
1626
1628
2352
6812
1632
1747
1849
1654
3534
6532
6752
6754
1725
2601
2603
1746
2777
6081
2409
4817
1788
1850
4161
3527
5237
5979
6683
8070
6001
8111
8114
8227
2347
2384
2695
3712
5975
2919
7782
8293
5777
8062
1665
1686
2656
2677
3795
6936
7272
2441
3745
2560
3764
6686
1671
3776
6560
1762
3199
3862
3268
3310
4842
6924
2478
6066
6067
8298
3901
6793
1656
2325
5530
7534
2540
4745
5767
5789
2347
2560
7852
8267
8277
2133
3354
5707
2604
5848
8159
4334
6470
7927
8288
4570
5003
6021
6469
2913
6059
6758
4963
5002
7882
7931
2635
7217
2378
4415
4434
6639
7580
7976
1681
1696
2736
3776
3896
8221
2924
7764
7767
7770
2340
4794
4934
7818
7985
8298
3617
4934
5018
8221
7896
8353
1675
2096
2265
2390
2393
3577
4251
5741
4904
6772
8267
2918
7196
7985
5591
4675
7789
8319
1941
6597
6792
8409
6347
6385
2415
5862
6279
8398
2856
5960
1696
1894
2055
2516
2714
6549
2489
2672
4338
1732
1912
2325
3396
4989
8265
1757
1826
2293
1703
4083
5099
5286
6113
8307
1719
2508
6254
8315
1800
3665
4158
6074
6327
1915
7277
7341
3659
8092
4013
4699
5511
6049
1806
1810
1918
7200
2101
4178
7733
1741
2419
2450
2763
2057
2511
3030
5838
6108
6371
7439
7546
3691
4736
7327
2341
2205
2826
7468
2306
3988
6170
6409
8378
3920
4664
7869
2384
5422
4600
4890
5361
6349
4931
8181
1722
2384
4906
2332
2670
4083
7467
5829
8306
4065
4158
8080
2407
2738
2794
6111
3840
4065
5998
2118
2004
6217
7326
2977
3838
6055
8331
1789
4499
1785
2463
6772
2171
2537
2794
4312
2734
5530
2992
4319
4493
4768
2123
4678
4022
5221
5998
6196
2457
1741
1847
1879
2450
2803
7129
7928
6385
6724
6854
1877
1916
2716
2845
4601
1743
1785
2509
2365
2463
4645
2731
7517
2365
8253
1747
1990
2778
4284
2906
4773
1838
2417
3089
6612
1779
1814
2703
1759
2758
6340
5987
7357
3548
5080
5271
2462
8172
1795
2353
5172
6093
7919
2311
4819
2173
2601
2320
2670
2716
2873
5181
5511
8396
3023
5109
7894
2376
2773
6189
1877
2669
4999
5805
2121
2370
1812
2121
1773
1842
2341
4436
2370
1775
2246
5130
5200
5242
1842
2067
4596
1784
3786
5152
2583
2295
3738
1916
3769
6181
1796
6090
7960
1919
3649
7300
8352
2430
2714
5788
1833
8370
3551
2164
2285
3314
2452
2541
1790
1851
2316
1807
2216
2576
1805
2400
2516
7233
1850
5727
2774
5796
3706
5965
6914
2765
4479
8178
1816
2835
7649
2516
7791
1972
2769
2792
2735
2234
2349
2442
2832
1803
1828
5944
1845
2611
3446
1888
5113
6186
2463
4904
2720
2760
1851
2375
2290
1961
1997
3009
4126
7804
1827
2622
2520
3042
5111
1820
1916
5050
4985
6256
7066
7357
2776
4375
5522
3341
6008
6484
2216
3393
5725
6103
6172
7547
2359
4626
3067
5232
5909
2016
2404
3107
3945
1954
2025
5268
7236
5713
6204
7278
3045
3129
3953
4558
1872
7024
2672
6844
4660
5212
7253
5022
5138
5148
5231
5230
7334
2838
5036
5152
7798
8371
5229
7305
8093
8360
3004
7184
7573
2311
7762
5128
6188
7749
5151
5899
6281
1864
2152
8129
7411
1844
6708
1843
2007
2617
7462
2688
7046
2479
2958
2604
5848
2497
2179
2561
4297
2352
2576
2518
4190
1949
3147
7465
4111
6108
6987
4057
6994
6995
6996
2693
6375
2693
6374
2586
4603
5833
2691
2756
2460
1926
6263
7093
2357
2608
3396
6600
7323
3000
3087
6382
2870
3118
8395
3786
5021
6154
6249
2043
3732
4536
4743
3359
3363
3370
7399
5292
6713
7050
8447
2578
3106
6310
7734
2152
2592
4170
5708
7290
3750
4305
5844
7414
2040
4084
4731
8400
2340
2357
2001
8357
2497
2638
2963
5084
7894
7197
7634
8426
5294
5858
7320
7386
2528
4088
4948
6074
8304
1918
2760
4425
2709
3263
4000
5609
6937
1922
1936
7449
8461
3764
3766
5349
6605
6606
7351
1971
3081
3407
3081
5578
7166
2769
2919
1898
2406
4865
8454
2496
2498
1907
3108
5606
1906
5031
5573
7069
5200
5307
7253
1911
6154
6249
7331
4120
7995
8145
5089
5090
5897
8085
1929
1976
5836
7380
2614
3965
8026
2651
3062
5053
2605
4865
3043
4003
5228
4230
1921
2678
3213
7537
5056
5155
7283
2351
7047
7122
2101
3151
4453
3993
7934
5110
5112
6725
5216
6206
3962
5886
7754
3193
4092
8462
3021
5161
2037
3200
7314
5171
5573
8416
2492
4822
7169
4187
5731
2552
3559
5256
7727
6123
7438
7801
1950
5291
5567
4084
6208
7452
2024
3140
4578
6150
2062
4576
7254
7443
5291
7037
8412
4063
5077
2000
2948
7408
1962
5808
6713
7737
2493
2612
3051
3135
3042
5112
8423
8437
3064
7043
7045
7802
4636
6230
3037
4060
5895
6187
2498
5724
3137
5186
5232
7309
3385
5229
8195
8420
6186
7323
2277
2457
2424
6278
6306
4127
7466
4109
4179
7016
5607
5608
7351
7369
2011
4124
5903
6612
1970
4071
5841
7802
1991
3086
5858
2428
2691
2756
3009
4894
6127
6609
2549
3073
3055
5112
6237
2639
4398
2801
5348
6062
7033
3857
4071
6711
8012
1999
2607
6263
7169
2015
3044
7007
7448
4640
7009
7886
8030
4921
5807
6403
1983
5094
5096
6268
8098
5160
6711
5695
5915
2499
2669
3553
4115
6879
6914
2341
4436
4574
4091
6141
6244
6858
5614
7989
8415
3132
5666
8407
2475
3115
5210
7258
5836
6607
6609
7385
2870
5082
5895
8423
4598
5626
6146
6951
3428
6627
7516
2709
6079
4659
6194
6210
6211
3010
5170
5843
7049
3117
3798
5662
5830
2180
2413
2494
4145
4681
1995
2948
5097
2469
2786
8279
7237
7438
7801
2978
3082
4657
3037
5230
3063
6093
3135
4821
7476
3013
5228
1998
5841
6121
3064
7802
7804
6710
7402
3967
5097
7287
5348
5619
7033
2778
4284
5497
6803
2006
3764
4767
6195
3953
6217
7030
2150
2482
2617
3765
3782
4198
5144
2404
5281
6371
7256
2705
5510
6841
3913
5900
6251
2013
2098
3549
4448
5256
3006
7349
7912
6382
7380
8414
3144
5273
8412
3119
5073
5182
5186
2032
2364
2530
2039
5051
2197
2462
5622
3170
4597
6619
7721
5262
5710
5922
7735
2403
2413
2774
3178
5809
5811
3024
5114
5147
4086
5313
6207
4176
7465
7944
3003
7236
7361
7392
2625
3381
4452
4462
3077
7067
2209
6903
5810
3420
5209
4669
5329
7324
4711
6042
6212
3126
4136
5259
6475
4826
5752
6354
3157
5325
7815
2927
7726
4704
4729
7056
3016
5808
7744
2863
6104
7521
7429
4092
4680
5313
2934
4152
6318
2605
3028
4048
4441
4477
5418
2548
3110
4032
5383
3852
5398
6355
6403
6412
7538
2648
5419
5453
3239
5048
8024
5283
6269
8403
3254
3692
3765
7496
3777
4623
6098
7481
4593
5937
2120
2240
4563
5637
6866
2146
3226
3381
4062
2933
3139
4536
4740
5208
2987
3090
7457
2526
3783
3543
3941
4538
7398
3604
3666
4757
7587
6789
3422
3424
4461
7506
4539
5260
7135
3596
7480
7718
8021
3109
4032
4447
6522
2436
2616
4219
4293
7515
2934
4091
5691
5759
5366
7039
4943
5002
6790
7242
2084
4037
4178
7723
4343
4512
7627
3079
3799
5730
6253
4194
5064
5338
6825
2099
4465
4469
6083
4149
4637
6112
6351
3616
5280
7733
2359
2671
3123
3197
5249
5355
2313
2314
2518
7998
5093
7235
2101
3026
7507
4182
5902
6608
8394
4067
5233
7372
5387
5544
6393
6901
3690
3765
4165
6426
3567
4255
5420
6754
8110
4874
3325
4456
7139
4624
7819
2107
4163
5428
3040
4489
4537
5716
7472
2217
2445
7693
3068
5104
5627
2518
5408
5414
6630
4133
5356
7536
4169
4197
6338
3271
4584
4720
7600
3980
4222
5180
5393
4739
6420
5220
7278
4955
5761
6887
3263
4647
6384
6848
3303
4477
2582
4277
6450
3904
5366
5679
7304
7972
6257
7275
7722
3276
4265
6833
4321
3207
5265
6437
6734
2165
4842
5437
6439
3192
4460
6075
6083
2184
2421
5535
6809
3227
7483
7541
7827
3005
7592
2748
6676
6970
2630
3425
4595
3416
5568
6258
6508
6521
2135
4110
4205
5833
7486
3636
5389
3507
3598
6744
8021
2938
5241
5394
7669
6672
6774
6944
8270
4107
6352
6780
7536
2196
2642
5838
3608
5601
6380
2697
6393
6735
2652
2671
3566
4427
2157
2159
2692
4403
2625
5252
6322
2858
4236
4468
2992
4265
4293
4769
4204
5463
8042
4301
4689
6480
7590
8132
2397
4287
6836
7574
2361
2466
3670
6558
6859
7395
8099
2615
4287
4482
5405
5265
5390
6955
3493
4236
7973
3215
5265
5637
4223
4319
5437
5535
2375
4190
4292
3715
5409
7564
3269
3667
4243
5528
2433
7578
2655
4802
5465
3311
3373
3641
4027
4722
5939
4911
6492
4584
5473
6416
2958
4374
5655
2182
2574
5786
2560
2731
5806
4291
4686
4810
7590
5222
5543
6337
4288
5441
6907
4536
6173
7427
7518
3282
4410
4650
8037
2781
6848
4590
5762
2248
3031
5797
3914
3103
4620
7520
2433
5236
6166
3296
5441
6873
6888
4112
5373
5444
7711
2895
4567
8245
8336
3432
6374
7162
7489
4041
4430
7247
3154
5684
3282
4313
4559
4156
8450
3348
4553
6423
3268
4319
5437
6897
4862
4130
5463
2403
2728
4620
2323
3374
2826
3154
6332
3272
3667
3835
2646
4288
6911
6924
6721
6773
7235
2415
5189
7089
7451
4161
4592
6015
6019
2251
2551
4494
5950
3255
5412
3255
2426
7569
3253
5403
6989
4288
4300
4318
4319
2798
2904
2266
3774
4271
5482
2456
2710
4485
6905
2235
2615
3232
6865
8001
5754
5884
6533
3970
4652
5720
3835
4650
4802
4803
4376
4393
6491
6501
3175
3863
3933
8153
5523
5532
5533
4174
5930
5939
3448
4148
4717
2401
2516
4433
3354
7703
6024
4718
6129
7257
7268
5648
5942
6647
7693
2358
2741
3054
7908
4577
5405
5749
7689
2272
3461
3925
4379
4396
4406
4957
6172
6174
6431
7952
2835
3668
2251
4265
3215
4272
4475
5637
3305
3872
6811
8266
3485
4270
6838
4343
4511
7796
2530
8064
4841
5431
4240
6384
4343
4720
4721
6415
3473
3876
5499
2260
6435
3325
4495
4886
6459
2355
8056
2563
3280
7581
2563
2702
3455
4526
3442
5491
5652
6647
3304
3443
5641
4401
4708
5501
5639
2763
3209
5478
6645
4750
5532
7681
3298
6149
8261
3459
4352
4376
6905
3594
4348
6906
3389
5086
2290
2318
2770
8004
2721
4533
2387
3344
3755
8175
2818
6523
7214
2392
2464
5541
7844
6941
2535
3561
4421
8177
2640
3309
3330
6990
3339
4589
8043
4674
3343
7535
2464
4395
6010
3453
3849
5773
6529
2795
3339
2336
5531
2708
3315
6841
7667
3315
3514
3680
5528
6943
2308
3313
5923
5943
5745
5746
5923
6514
6654
2292
5942
2362
5824
2295
2326
3376
5653
7698
2558
2574
2594
4491
7020
3443
3633
4401
5501
4481
4648
6932
7710
3536
3560
5826
5905
2835
2949
3716
7077
3259
3301
2759
6012
8066
2376
5915
2309
4525
5706
7635
2621
5486
5689
7652
2368
2888
2621
4804
7698
3958
4543
5660
6804
7836
2577
7581
7836
2317
2367
2317
2458
4633
7937
4471
2326
3617
7951
2707
4364
4367
7674
3611
4758
5766
2451
2771
2743
7841
2770
4823
2577
3455
5503
2346
2788
4799
8152
2336
3518
5706
6658
2336
3763
2334
2900
3873
4380
4950
2348
2670
4378
2338
3287
7849
5108
2608
2397
5950
6929
2345
2465
6368
2350
4605
6856
2394
2608
7338
7469
2363
3758
5750
2751
6919
2778
2781
2469
7585
2364
2503
4444
2669
5748
7910
3566
2772
2495
2775
2750
2400
7835
7849
7888
2718
2378
6031
2924
2456
7920
2474
3539
4945
6149
3877
4851
4846
5583
5588
5582
6569
8177
2849
3693
8433
8238
8241
2407
3344
8031
8175
3749
8210
6525
3820
5958
3826
3889
7157
8206
2395
5007
5756
7196
7203
4395
8118
8430
2780
4910
4125
2591
2780
2885
3429
4208
6375
3679
4339
4530
7635
3202
5061
7794
6067
2458
2718
5566
2408
5563
6284
5866
7089
7237
7392
8453
3399
2999
3913
4776
7355
7356
3070
5165
7265
7753
2609
3482
5872
6267
5306
7297
7980
5095
6275
5877
6250
6995
8360
5293
6281
7413
2922
6738
4603
6367
6743
4259
5562
7510
5277
6944
7150
8271
7275
7724
7991
4127
5320
7945
5375
5628
7545
7939
3440
4273
3356
4035
6627
4254
5435
6480
4036
6396
2965
7543
7873
4472
5437
4269
4303
4808
5650
3277
4290
4470
6883
7528
2438
3375
3379
7641
3380
5480
5481
4104
4367
5932
3343
7535
2909
6650
7208
7291
3330
3513
5956
4672
7630
8066
4683
5648
7651
2575
2901
6651
3281
4490
6510
6264
3332
4397
5380
6978
2601
2713
3906
7124
7224
2491
2667
2671
2466
2467
2473
3823
4688
4266
2460
2484
3345
3517
3492
6776
2468
7856
2468
2546
3963
2489
4340
6508
6521
2472
2479
4001
4081
6430
8455
2656
4749
4423
7196
8134
8278
4426
5774
4040
2594
2726
8219
3153
4436
3771
4823
6026
2792
6551
3827
4836
2750
3951
4873
2893
3952
5057
5825
2780
4835
6517
3532
5160
7089
2717
8199
3014
5169
7079
7081
5761
2508
5107
2725
2779
2783
7760
2528
3511
4342
4432
4476
3134
5340
6243
7717
5708
2638
2963
3166
7765
3204
3732
5310
7429
2827
4541
5064
6828
3705
4375
6527
7709
3558
3730
6926
5796
3240
6133
6555
7557
2716
2845
3905
5019
2523
6507
6945
7530
2524
2528
3295
7306
7308
3994
5059
2527
2838
5983
3517
5718
4692
3772
2572
2661
4545
5659
5804
8048
5776
4185
6368
6855
3224
5116
5403
6139
7076
8161
3036
5261
5965
6311
3977
4070
7914
2742
7065
2724
4209
5739
5860
7076
6189
6601
7359
7389
4719
5334
7048
8050
3477
4613
4844
5823
4420
4858
4761
6674
3737
4845
7905
4404
3028
6295
7383
5663
7014
8407
3052
7390
3407
6722
3162
6827
7574
4881
7021
2955
3625
4505
7127
4471
4483
4971
5034
4106
3498
3500
4238
7975
3227
5041
7711
7713
2587
4624
2883
5794
8054
3270
5159
8058
4339
4672
5890
6525
7967
3538
4242
7892
4051
4561
3345
4398
7839
7844
4039
4139
7792
2570
4850
7230
3179
2766
2770
8032
2663
3317
3696
7646
2593
5744
7595
7652
5749
4364
4919
4179
5351
7816
2959
3132
3946
7412
2804
5571
8065
2953
5767
5859
6050
8343
3280
3441
4352
5525
7924
4609
7480
7860
5350
7024
7142
7354
7806
3598
3632
4623
5049
2595
4332
4581
4631
6000
4879
2603
2663
5802
4293
4318
4783
4481
5947
6912
7638
3146
3494
3544
4538
3492
4918
3275
7395
5802
4962
5793
4321
4630
7803
8035
3125
4636
5845
6211
6264
4853
4887
8408
5818
4828
5169
7133
4026
4731
3987
5213
5000
4769
5775
7528
4578
3380
3678
6468
5463
8042
2632
3342
5673
5494
3314
3353
4321
2658
6498
3290
3972
5512
6417
6369
3153
7470
5360
6847
7055
4126
5295
6121
6229
2630
4595
6620
7509
2704
4528
7850
3312
4051
3460
3518
4561
6842
3266
6729
7895
3347
8213
4342
4433
4672
2783
2753
8043
7020
7595
8125
3711
4356
4372
4750
7514
7559
3456
4541
6391
7347
3828
7901
4960
5303
5440
7445
4300
5462
6442
4547
4552
5868
7614
3027
4130
4077
5196
6254
7359
6114
8326
4831
7050
8025
5019
5715
2921
2928
3626
7267
6584
4243
5938
8151
8005
4687
8272
8299
4449
4634
6783
7925
6077
7084
7183
2770
2775
3771
2888
3473
4449
4946
7688
8212
2745
7686
2666
8357
5982
7109
2717
5019
3683
6455
8320
2769
3862
2743
7534
3322
4615
4618
6012
4980
5272
6531
8413
4307
6102
6879
3429
5570
6736
8180
3149
4140
4151
5341
2897
3880
3893
5258
4703
5202
8425
2995
4979
6205
3119
6241
3840
6335
6419
2993
5209
7800
2872
3032
6234
7419
8443
8444
3076
3839
4064
6234
3744
4619
5876
7178
2726
6749
3236
4281
5638
2929
4208
6446
7054
7551
4304
7651
7562
8419
3679
4353
4531
6941
3328
6513
3297
3345
4588
7706
5835
4715
3336
4074
5714
4506
6483
3336
4358
6900
3327
4386
5500
4249
4746
6764
4377
4717
4718
6489
4027
4332
5802
5791
4705
7292
7995
2717
3238
3498
3530
3858
2757
6966
2940
4247
5882
8083
2727
6860
8128
2783
8062
5675
7077
3687
4863
6033
7052
2742
4636
8005
2740
4501
6209
7629
5882
5967
6327
8079
4162
6356
6381
4055
5845
6295
6517
2746
6261
7888
8047
5844
6708
6712
3623
3850
4614
6569
2869
3660
6930
6135
6710
5539
7967
2995
4628
5883
8364
5979
2782
6829
4351
6575
7179
7983
2773
6601
7559
5304
7984
6928
4336
3757
5575
3808
5975
8233
3449
3511
5817
2807
5509
8105
2781
6853
2786
4621
3264
6825
3970
5931
7599
4560
3610
4969
6027
7899
4953
8230
3775
8332
4685
3777
7217
7222
8315
6824
3745
4663
6485
3756
4419
7167
2848
3401
6034
6035
7864
2904
4767
5588
7775
7979
8251
2879
7786
3187
4043
5233
3394
3818
4618
7178
2830
3612
4375
4655
4967
8242
8170
8189
3758
6683
3353
6496
8212
8214
6679
7074
7774
3740
3807
7890
8108
3198
3612
5523
7679
3230
4452
6810
6964
5974
3766
4924
8094
3048
3529
4645
7219
7223
5816
5970
2875
8234
3770
8038
6685
3247
5379
5438
4204
5821
6349
8059
4299
5010
3146
3466
7497
3221
5001
5934
7475
2830
3198
7269
4515
3218
3151
6979
7338
4907
5876
6575
3317
4561
5532
3908
3728
3756
5864
5865
3362
7799
8075
8138
8432
2997
7333
8380
3897
6595
8432
4008
7213
7152
8130
8207
5176
5597
4687
5050
3811
4529
4564
6992
2945
6203
6215
8432
3172
3395
4922
6690
3730
5840
6695
3233
5799
7244
3411
4577
6143
2886
3747
3804
8232
3630
5787
7117
3501
6020
7903
4331
8174
2862
5302
6402
6136
6637
3165
5785
6294
4903
5552
5555
6315
2874
3247
4464
5382
6107
5569
5620
6429
7551
2874
2884
5420
5553
4838
2994
3976
7334
3940
3957
5946
8365
5857
4439
5075
3655
5192
7333
3150
5251
7423
4013
5085
5302
7962
4413
5733
6747
8072
3509
3542
6682
2880
6014
2902
5593
5760
3577
5587
2884
4503
7560
4840
3260
3714
5203
4266
5775
4834
5007
8235
7964
8217
4935
4965
7777
2926
4387
7728
7777
3823
2975
3720
4837
6732
4413
5970
6748
6047
7080
7182
7882
8141
8262
4682
5315
6247
2935
4973
2967
3737
3831
7155
8210
4381
6703
7179
8066
4955
6766
2973
4792
3338
3860
5349
4972
3465
6718
7596
7632
3872
4663
6580
4778
5878
6927
7087
3430
7520
7522
6783
7879
3857
7200
7204
2939
2970
7116
8184
4248
4641
5185
7276
4646
6074
6086
7750
6064
7080
3584
6818
7764
3866
3901
6796
6831
7946
3921
5597
6294
2942
7757
7759
3868
3885
3869
7238
3823
3842
5360
7057
3803
7145
5616
4850
7161
7244
3936
4005
5174
5020
7284
8016
8193
4169
6175
5332
5722
5179
3133
5258
8182
3662
4132
6313
2952
5009
8182
4712
4932
4962
7931
3618
6584
7144
3811
6992
7031
7289
3702
5908
6604
7308
8138
3187
4069
8393
5992
6089
5225
5681
2957
4505
5739
4152
4196
4539
4992
5264
5964
6092
5013
5060
8314
2955
3709
7131
2979
4790
3323
3675
5333
3973
4738
4451
8407
3143
3947
6218
6292
6625
7479
4462
5278
7286
7507
4601
4914
6621
7505
4469
5425
3391
5280
6810
6966
7231
8094
5231
5613
3648
8341
3919
5011
7266
4995
8382
8451
2974
3259
6162
6358
4212
5942
7693
3237
6167
7578
4872
5043
6221
7070
7210
7311
4786
6451
7028
3607
4188
5195
3907
4993
8326
4776
4784
7355
8429
3933
4549
4764
8348
3364
3968
3959
8103
5925
7119
3031
4801
6849
3481
6601
3533
7210
4377
6117
6159
8339
3786
8088
5978
6088
7134
4318
4095
7386
5182
5186
8196
3138
4094
7279
5153
7932
8353
3334
5633
6816
6145
7753
3450
6023
6812
3005
6454
3058
6241
3137
4050
4475
7245
5164
6598
7353
3121
6233
7008
7944
5030
6186
6224
5836
7989
5213
6781
3405
3985
6226
7091
6262
7173
3043
4056
6168
4821
5097
5292
5167
6214
6626
8408
3074
4009
5066
5607
5904
5907
3408
3999
7099
7368
4024
5126
5917
5170
7049
7050
7172
6213
6008
6009
5084
6567
7277
4439
5895
3076
3839
3106
5275
7816
3030
3269
3479
8035
3051
4822
7051
8446
4130
6347
6384
4115
5965
3433
7040
7498
4184
5321
5328
4733
5130
7082
8450
6105
6299
5114
7243
4054
6546
5028
5307
7457
7919
3378
3615
4116
4210
3071
5059
6600
3073
4056
4101
4568
3112
3522
7013
7809
4157
5177
8436
8440
3795
6287
7216
3450
3710
8153
8385
8442
4821
4828
4004
6870
3169
4448
5256
6260
4055
7096
7370
5110
7748
5606
5842
6605
3923
7495
5188
5896
6238
5150
6274
7407
3923
4154
5332
4762
4984
5293
5926
5190
7068
7364
5171
5172
5242
5096
6709
5830
6231
6268
4075
4760
5261
6325
3655
5073
5910
6103
6172
7418
5058
6158
7753
8339
4817
5058
4012
4080
5111
3776
8292
8313
6157
7390
5027
5154
7369
3933
4549
4555
6370
4095
5207
4117
5272
5273
4373
6322
6987
3986
7463
3620
4078
6409
7325
4025
5065
5672
6170
6475
3085
3145
3418
6522
5926
6151
6251
3144
3526
6534
6383
7320
5110
6188
6511
4018
4129
5222
5502
6232
7413
8455
5028
5694
7068
4640
5556
6276
6278
3981
6108
7423
4373
4450
8136
6305
7004
7007
7318
4502
6303
8402
4535
5366
3715
4164
6881
6974
4018
4129
4164
4168
3210
5386
5388
4176
5885
6275
7944
3791
5209
7379
8438
5406
5415
5631
6942
3564
6344
4877
5352
8308
8310
5190
5696
7132
8025
4453
5688
3144
4041
7256
4077
4441
4116
8458
3421
4575
8039
3787
6145
6218
6321
6615
7015
3142
5352
7487
7720
3180
3432
5124
7720
3981
4576
7255
3417
4556
3796
5300
8069
5111
8421
8435
3723
5076
3888
6972
7497
7382
7752
4756
4759
5276
6308
3427
5920
6143
7057
7275
7722
7724
3495
7992
3911
8133
7255
7430
8455
3794
7029
7031
7289
4546
5988
4081
5294
5357
7800
5409
6304
6629
6953
3496
3525
4681
7401
8459
4154
7495
3689
3742
4169
4060
5230
4005
4979
8428
7425
8142
6282
7466
7745
3853
4973
5362
7032
4457
5538
6285
3548
3787
5088
4117
3414
5206
6985
7950
5276
6272
7745
4140
4172
4635
7470
4149
5240
7449
6297
7258
4177
5099
3166
6339
6340
7766
4574
7466
4096
3262
4362
5906
4660
5323
7056
8448
5276
7006
7745
4734
4926
5436
7571
4286
6840
5381
6474
6737
3186
4112
4752
5404
4289
4494
7593
3164
3227
7054
7552
7483
7522
5799
8307
6826
6285
7256
7417
3202
3426
5781
5785
8311
4110
6628
7486
4534
4734
6442
7604
5857
3367
3572
4346
5634
5306
6976
7980
3206
5601
6746
6953
3216
4791
5399
5427
4453
5262
7812
4102
4225
3867
5382
6107
3506
4185
6363
3235
5401
5434
6315
4502
7477
4140
4195
5341
3866
6021
6469
6832
5423
6091
6638
4079
8440
4007
5598
8348
8389
3301
3359
4371
6400
4463
4465
6503
4742
6726
5372
7561
7820
3213
6913
4520
5425
7873
7876
4163
4203
4598
6365
3237
6167
6883
5812
6624
3806
4358
7951
4819
7762
4110
6588
6623
7722
4878
5017
4450
8126
8281
4214
7513
3250
6120
6410
7245
3251
6404
6629
4076
5390
5407
3995
7381
7426
4599
4903
3467
6778
7347
3785
4224
5417
5502
3365
3369
6377
8022
3257
6739
4521
6742
7150
7563
5442
4789
5362
6390
3507
6344
4383
4582
5045
6425
3434
6333
6466
3824
4246
5723
4260
4791
6390
7059
5632
5640
6644
5403
7164
5321
6622
6670
3423
4482
5645
6642
5628
6094
6438
7938
6369
6652
7187
4262
4807
6435
6477
4653
6071
8055
3429
3490
5625
6136
3638
5358
5389
5129
6334
4472
7400
3500
5566
6085
3366
7537
5747
6209
6312
5985
5450
7557
5378
7556
5145
5370
6313
6405
4114
4118
4159
4816
5372
5443
7939
5378
5550
3867
7439
7546
3715
4847
6881
7188
7592
3257
6739
6746
3439
5501
5949
7831
3423
7164
7551
4198
5702
7409
7531
7820
4228
4482
7593
6393
7562
3363
3700
5439
6530
6296
7577
4098
5794
5719
6921
7605
3360
5083
6851
4431
5593
5594
3710
5753
5960
5506
5961
6417
7725
4288
5636
3717
3676
4721
6416
3614
4458
4803
4186
4606
5081
3484
5081
7610
7638
5236
6401
4509
4769
5265
3296
3310
5636
4629
6724
6854
4560
5698
7832
6563
4511
7788
3513
4459
5492
8046
4495
5456
5484
6407
3293
4722
6720
7597
3429
5595
6627
7489
7839
3439
4586
4606
6417
6716
3975
4344
5506
4562
4632
6407
3452
4348
4406
6494
4302
5488
7594
3927
4021
7671
7673
5717
5718
4271
7690
3710
7656
8268
7047
7690
4294
4724
3363
3397
4862
3447
6662
3398
5498
5755
3349
3848
8176
8335
3313
4280
4804
6460
3451
4708
5639
4351
6510
4473
4486
3371
7660
7687
7725
8020
5700
4630
5524
3335
6788
7687
7688
4331
6799
4074
6514
6516
6654
3672
4382
7586
7619
3400
4280
4354
4487
6961
6962
5521
5522
4087
4330
7615
7616
3491
4559
4514
7649
8105
4396
4399
4485
5518
7829
3955
5527
7631
7836
3694
7630
6473
6865
7784
4422
4715
6653
3340
3351
3360
4359
3670
4504
4518
6528
3806
6841
5863
3341
6006
4324
5537
8213
6676
3628
4751
3883
5703
5513
5516
6496
6899
7662
7664
4218
5432
7194
4913
5957
7106
3959
4298
5683
8105
4356
4372
5537
5906
7662
7701
4035
5595
7483
3358
3632
5049
4812
6494
6655
4035
5424
7491
4224
7539
5906
4345
6118
7618
3510
7961
6296
3366
3492
3369
5048
3550
7576
5782
4193
6381
3700
4848
6974
3373
3677
4581
3698
7618
7665
4332
6131
5766
5887
7861
3376
7698
4270
7675
3485
4303
7643
7710
3381
6109
7507
3380
4804
5646
4283
7508
3383
3384
3410
3385
6203
8093
3385
3996
8431
6665
6983
8122
4915
5933
7175
7211
3622
3755
3848
8337
3569
5828
8070
4850
7230
7250
7946
6359
6670
3527
3802
6045
6544
4471
4483
4619
6012
3401
7953
3860
4007
3558
8228
7221
7532
3465
3973
4738
5854
8305
5904
6187
6725
7239
8369
4055
5098
6169
7909
5098
5053
7364
7739
6995
8090
8373
4066
6867
5285
5920
6152
6223
7043
7046
7384
5140
6219
4430
5274
6534
4042
6171
6997
7030
5102
5385
5459
5988
8322
4980
6531
8308
6230
7121
8409
4043
6608
7258
7433
7461
7805
5277
6667
6964
6989
7054
4914
6556
7504
8003
4878
4173
5709
6847
3431
6098
7481
4431
5622
5834
4431
5715
6428
7484
3689
4165
6991
5079
5415
6333
6879
8101
5376
5443
6735
4212
4237
5405
8053
5412
6942
4211
6465
4271
4290
4020
7631
5125
5750
5642
6838
4308
4389
6479
4552
6421
6903
3457
4738
6805
4792
7675
3497
4737
5931
6978
8261
4379
5867
6906
4341
5530
4433
5820
4528
7581
3466
6973
6986
4280
6460
4565
5929
5930
7614
6649
7553
5704
6514
5528
3472
3516
4417
4913
6569
8335
7968
6504
4538
5702
4107
6352
6986
4883
3470
3543
5337
7501
3544
7811
7950
3574
5494
5668
6840
3699
3797
6661
4634
4274
6461
7830
3477
6704
3744
7088
7211
4044
7063
7122
7431
6708
7044
7388
4457
5352
6531
8383
5814
3743
4905
7647
5483
6459
4167
4186
4285
4808
3487
4207
4209
5804
3488
4409
4923
3973
4374
6504
4219
5416
5420
5775
6740
7718
7873
5485
6414
6415
5428
6636
5253
5547
6352
3496
5844
7888
5918
7414
4717
5944
4106
4633
4460
5387
5544
6304
6956
3624
3833
4942
4604
4875
5951
3832
4869
7776
7965
3505
4230
5359
5279
6617
6625
6368
6741
6950
6636
6582
6704
8115
8113
8114
3640
5035
4326
4433
4407
4476
5492
8051
4282
4927
6900
6902
7666
7705
7840
5531
7530
6520
7705
5704
5797
7532
4089
5374
5458
7975
4411
4722
6720
5565
8068
3524
3525
7993
4046
8065
3946
7992
4575
4981
8412
7228
5579
6544
6759
8374
7218
7650
8253
4388
6573
7983
4625
5194
3967
5697
7451
7457
8426
4522
4623
6627
7163
7516
8107
3955
4021
4488
5527
8161
4334
7656
3713
3775
4947
8167
7780
8113
8250
3544
4016
6360
5586
6696
7772
8208
8110
4173
5810
6847
7990
3947
3559
5136
4129
6974
7399
3558
6772
8266
3992
4974
5757
5748
3556
4617
5828
3601
4986
5995
8277
3569
3817
7154
3920
4949
5005
5837
7779
7108
7121
4613
3983
4034
4246
5001
7533
4752
5404
6372
3841
4757
7627
4626
6542
4219
4788
6723
5584
6525
8175
3577
3578
3970
4310
5469
4459
5890
5953
4183
5397
6974
3972
4329
4560
4673
4649
5689
5693
3576
5820
4336
5584
6024
4910
3579
3781
5587
4417
6680
7074
3581
3641
7660
6118
6128
6801
4970
5583
5969
3641
4327
7685
3585
3586
6577
7794
8267
5115
5790
3588
3619
4899
8264
3589
3605
7790
3605
3861
4986
7790
4394
6462
4350
7673
4137
4358
5536
6900
4353
6655
7970
5422
6740
6744
4199
4468
5381
4001
7348
5162
5227
3605
4991
5772
3603
4634
4666
6037
3810
4964
3910
6277
8165
3720
8240
8243
4625
6042
6212
6552
6633
6953
7958
5847
7159
8190
5741
5783
3902
5509
3926
4142
6862
8133
6977
7508
7733
6966
7509
7794
3626
3862
4989
5786
3626
5596
5513
5951
8334
5581
5585
3810
6037
8071
5739
5794
7131
7145
5847
3670
4674
7783
7956
7959
6790
6797
8286
6212
7166
8416
6098
6348
4557
6478
5104
5121
6107
7484
5459
6583
3637
3638
6387
4599
6315
4918
5555
6315
6111
4873
6041
8220
3647
4150
5366
7304
3647
3903
4820
6318
5043
8206
6165
6455
6523
7450
3908
6528
5036
5091
7339
7586
4224
5502
6891
7399
3759
3832
5976
6000
4114
5477
6934
5173
6193
7454
8445
3993
7932
3724
4249
8123
5721
7473
5055
6240
7264
7307
7027
7273
8338
4909
5705
6447
4021
4923
5804
3782
5370
8463
4248
5215
4933
5198
6053
8181
7750
8079
4723
6492
6420
6441
4508
4223
4300
4782
7571
7856
4074
6900
6902
4714
3680
5703
6843
7666
4631
7695
7696
4242
4383
6490
7694
5743
6717
7970
3682
3685
4608
5040
3684
5546
3691
6116
3685
4601
4602
4235
7257
7663
4654
6984
8081
3690
5369
3692
7398
8045
3931
3941
4702
4920
5840
4282
7020
4908
6687
6807
7683
3700
4226
5397
6755
3729
4369
7621
7846
4222
5884
7105
7168
3708
6603
8371
6394
7575
3716
5861
7649
5261
6915
5968
5909
8340
6434
6877
8261
7709
3749
4840
4869
5832
8289
5330
5770
4183
8156
5658
6816
8058
4251
6035
7182
4758
5334
5764
6033
7962
8238
4413
5816
6529
3937
5267
5897
4706
7313
8082
4787
5993
8013
4921
6390
7032
3944
4168
4215
5409
4618
5957
7106
4087
7294
7617
5037
3751
3774
7568
7518
7692
3761
3784
5310
7692
3760
3943
3950
4939
5737
6573
8248
3820
7772
7904
7905
7776
7942
8011
3771
3876
5817
3875
4320
4671
6499
8110
4016
7398
7692
3750
6126
6140
7088
7789
6679
6571
7756
3807
4941
6032
8191
6003
6712
8098
4167
6487
3762
3772
4684
5837
7965
7981
7988
3762
3783
4615
4618
6962
4915
5105
8216
8235
5958
5457
6426
7398
3928
6946
7704
8095
5392
4773
5599
4901
5596
3857
4241
4607
8221
5803
6851
8276
3783
5402
4856
6047
7182
5086
6487
5771
6733
8199
7218
4246
5832
5959
3780
8137
5893
7153
5734
6684
8070
6426
7499
5309
5394
7669
5394
6005
6335
8355
8392
3996
4066
4157
4437
3915
4031
4817
5610
7355
5248
8394
8441
4146
5464
6492
6506
8135
3924
7288
4006
7296
4445
6231
7015
4378
5531
5863
5300
5663
4445
6615
7945
4870
5736
5975
8234
3830
4451
5916
7228
8252
6080
6537
7853
4871
4967
4423
8278
8354
7893
7964
4643
6037
7862
8073
3833
4655
5618
5989
5533
6841
7664
4777
7708
8218
5465
6416
6422
7606
3825
5870
7329
8086
8273
4910
7773
8226
6562
7106
7127
4771
5586
5735
7905
7906
8204
3847
3849
5529
6048
4827
5429
7475
5856
6076
7328
4872
6029
4655
4866
6047
5355
7460
7461
5973
4785
7941
5697
7132
7403
5465
5472
4860
7241
8284
3851
5780
4097
4947
8168
5965
6005
7455
3938
7587
7619
4333
4964
7920
8236
8237
4871
7180
4846
5583
7195
6572
6760
8248
5517
5520
4615
5957
4341
4913
5585
5980
3880
4820
5729
4213
4978
5166
4988
5371
5429
5723
8185
3865
4639
5729
6863
4643
4665
7862
7925
6539
6543
7200
7199
7201
7203
5598
4902
5643
6007
7851
4267
6038
7248
8356
3882
6736
3891
5769
3900
6579
4977
7767
4139
5742
7881
8230
3890
6793
7931
6650
4935
6745
4932
5714
5792
8296
3878
7890
3879
6026
4527
6659
7850
6813
7889
4643
6500
6817
3882
7314
4422
4506
4715
4851
5361
5729
4314
6129
4455
7891
6181
7770
4570
4677
4949
4975
4977
8295
3942
6971
7409
4872
5043
7158
8275
7782
8294
4664
5012
7793
5361
5685
8057
4602
5358
5546
6316
3997
4314
6128
8358
8379
5881
6285
7247
7720
8296
4375
5522
4091
6858
7450
3984
4143
5143
4455
8272
6823
7238
4142
6265
8378
5940
8158
4492
4357
7586
7587
3914
6409
6862
5149
5901
7330
4082
6692
3930
5786
5149
8439
8387
4048
5871
7803
4002
6168
6600
7346
7116
4999
4839
4855
5981
3942
7464
6082
7216
7670
7672
3929
8132
3932
5804
7533
8282
3930
4819
5257
6862
3935
5369
7324
4209
7673
6100
5033
5984
8074
8138
4166
7496
3990
7292
5090
5182
4344
5512
3983
5941
7316
5337
5702
5346
6570
3960
6466
5563
6255
6789
3982
7107
4612
5738
7772
8078
5984
8044
4612
3952
4656
7159
5038
6031
5988
6283
7066
7067
5525
6512
4012
4122
7320
5174
8364
4488
6512
7968
5509
8104
4215
6558
6859
3964
3969
5511
6049
3974
4326
4658
4709
4711
6179
8405
5217
8362
5313
5317
8376
8377
5718
5599
8096
8198
8102
4040
4404
5693
8056
8102
6060
7310
8196
4073
5912
8027
3981
6284
6371
7260
4335
8141
8231
8316
5439
6411
7936
7261
4031
4895
4754
5345
6242
6245
4000
6228
5686
7412
5695
8026
3998
5070
6225
5701
8085
8086
5888
6308
8155
5818
8253
5182
5192
4080
5022
5111
5251
6297
7017
8420
5466
6118
7665
7097
7366
4053
7073
7349
8361
4440
5880
7345
7352
7391
7911
8364
8200
4569
4764
7035
6605
7369
7385
4020
7676
7375
8088
8344
8421
5026
5603
5841
7438
4030
5327
5889
6176
6173
7518
4591
5305
7429
6019
6427
7350
6718
7554
6205
8390
4036
5452
5549
5629
5098
6722
7909
5175
5600
5695
5269
5665
7403
6808
7685
4142
5682
5690
7315
4882
5680
6433
7038
4075
6303
8439
4981
6280
4879
6791
4051
4315
5199
5377
6257
7509
4770
5902
7416
6181
4404
4487
6255
6534
5117
6217
4182
7262
7062
7360
5678
5683
4881
7021
7729
5830
6268
8098
7044
8029
7276
7911
8365
6060
7309
4122
7320
7378
8441
7099
7365
7740
6178
6200
7311
5927
5608
7351
5618
5877
7031
4983
5137
6291
4797
4985
6197
5082
5896
5897
6241
6934
6109
6322
6988
5075
5910
8395
4067
4157
5223
4580
5223
7027
6234
5156
5233
6256
4073
5843
5871
6125
4076
5377
6958
7529
5561
7744
5517
7019
5452
7560
7913
8454
8376
8417
4182
8442
5059
5138
5210
6232
7415
4577
5092
5269
7056
4115
6324
7424
4092
4145
7449
5698
7620
4673
8102
4112
5423
6639
4533
5731
6980
7948
5343
7402
4930
6993
7363
7714
4641
6086
8002
8100
5400
5684
7607
6451
7362
8327
4786
5239
5767
5638
6458
7592
6486
7631
7676
8124
4102
4764
8381
6445
8223
4365
5644
6108
6432
7418
5423
7975
4133
7878
4895
6283
7107
8383
6253
7734
8068
4891
6104
7441
7546
8258
5458
7490
8256
8258
5077
4307
4446
7108
6531
6241
6934
7361
5254
6177
7382
6054
7310
5254
5298
7437
8398
7281
8438
6602
7996
6235
6691
8415
4139
7863
5301
5899
4638
7465
5546
6112
6378
7059
5101
6369
7187
4213
6757
8463
6778
4174
5123
6715
7997
5315
6243
7741
4994
5682
8133
5683
7269
4812
6649
6905
4156
4191
5690
7763
5340
5342
7304
5319
5344
4638
5240
4180
6884
4191
6273
7304
7315
4295
4330
5505
4151
6274
4152
4535
6318
4172
5315
5342
4729
6245
7447
8448
5342
7464
4165
4695
5392
7453
7038
8323
5207
5147
5268
4161
4190
4651
5727
4501
6357
6855
7536
5365
5314
5369
7448
6464
7610
6548
6173
4594
5778
4541
5386
7347
7949
4637
4596
4295
4565
5691
6141
7290
7299
5284
6207
4453
5811
6310
5286
5567
7461
6482
7603
5235
6256
7357
7440
6380
6552
4185
5547
5731
4187
4275
7640
6363
4625
7082
7128
4541
6376
6389
6391
5679
7447
6246
7742
6356
6739
7537
5335
7948
4635
5316
5143
5342
6968
5369
6305
6968
6973
4520
6740
6922
4723
6482
7616
6366
6672
6777
7485
6402
6408
6532
6146
6379
4890
8040
5740
7494
4269
4792
5023
7589
4409
8052
7489
7810
4374
4305
5666
8458
6457
7831
7589
8055
5367
5398
5253
5624
6780
4346
5358
5401
6376
7118
5455
7502
4782
5362
5363
5399
7445
6296
6358
7399
7576
4848
5455
5416
6439
4371
8318
4501
5433
5455
5245
5548
6174
7418
5108
7588
7915
4308
7549
4889
6738
5079
6103
6773
7275
5379
6085
7562
5624
6535
8169
6387
6856
5384
5645
7589
5374
6956
7580
6071
7584
5449
5402
8008
8009
4508
5453
6441
4758
6033
7064
4246
5832
8289
8290
8079
8082
4712
8082
4864
5243
7714
5783
5968
6453
8160
8330
5393
5399
6398
6412
4563
4689
4500
5553
6752
6166
6296
4847
5356
7877
6162
6418
6891
6166
4978
6424
4809
4811
6120
7245
4301
5654
7572
4494
7588
7917
7918
4816
5377
7938
8260
4498
4503
7937
5570
6445
7786
5482
5728
7654
6476
5947
7710
4730
4454
7569
5103
6903
4411
6487
4606
6421
4285
5081
6467
4996
5239
5474
6505
6458
6880
6942
7422
5664
5129
5640
4342
5743
6460
5649
5642
6838
6978
7593
4291
4810
6827
4632
7637
4629
5462
8041
7916
5471
6853
4824
7615
4585
5479
6464
4408
4724
6081
5678
5996
7192
7540
4783
5650
5945
4399
4936
7640
5654
5647
7652
6130
7647
4735
6954
7188
6432
5948
7601
7612
4652
6715
5656
7628
4332
5801
6131
6892
7655
4369
7665
4754
5894
6730
7823
5054
5685
5723
5934
5826
8108
8321
8212
5617
6109
4349
4428
4548
5510
5532
6496
6899
7688
8049
7682
6912
7597
5512
6463
7657
7620
6471
8152
6728
7223
7218
7222
8336
8032
5499
6521
7534
6649
7633
6520
6949
4459
7623
7625
4357
8333
6552
6630
4553
5456
5467
6423
4478
6489
5505
5929
7629
7672
4907
4355
6718
5526
5486
5525
7553
7632
5534
5496
7677
7679
5534
4524
4753
7680
4524
5661
4506
4367
7112
4373
5100
6432
8384
5492
8051
8285
8346
6471
8174
6015
6418
6788
6324
7550
6717
4478
6658
6659
4386
6703
4968
6786
7298
7725
4757
7600
4385
7882
8245
8246
4963
5757
5867
7828
4935
4951
6048
6543
6572
7986
5650
5945
6640
4393
4396
4818
6277
7624
7648
4394
4652
7788
8037
4406
4737
4512
7796
5519
8006
4936
5705
4492
8033
6478
4555
5538
6373
5396
5949
6640
5435
6456
7609
4409
4408
5717
8036
8276
4432
8034
8048
5718
4803
7605
5122
6461
4915
5037
6693
6967
4874
6022
6034
5514
5587
5734
4874
5007
6747
7158
6678
8334
5575
7178
7769
6568
5955
6014
4490
7835
7781
5577
6540
7866
4571
4991
4878
6096
4892
6542
7515
5270
8049
6938
6960
7915
4436
6614
8064
8338
8434
8436
5029
7207
7240
5147
8421
6192
6598
7383
4444
5776
6244
6614
4522
4906
6367
6141
7463
4447
4881
5383
5559
7929
8317
6322
8350
5280
7505
4493
4781
4886
6443
7285
6283
7605
4476
4463
6395
6361
7504
5354
6104
6083
6721
5121
6553
4523
7548
6361
7548
4519
5446
6777
5384
5426
7923
4486
4516
5456
4590
5630
4886
6443
5442
6302
7395
4809
6893
6330
6494
4725
5720
6919
5519
8118
6895
6910
5000
5000
6642
6648
6886
6468
4728
6505
5668
5693
6515
7671
7297
7469
7473
4492
6483
6802
7835
6897
4498
4728
5485
4499
4593
4593
5838
7514
6833
7918
4500
6723
5477
5566
6958
4753
8156
6804
6452
8083
4566
4583
6955
8109
8110
4559
6415
6462
6850
4652
7655
7788
4515
6519
7269
8105
6167
6423
6505
5482
6459
4524
8341
5623
6495
6666
5446
6474
6741
8163
6846
5426
6666
8270
4527
4530
6658
4528
4530
4528
4546
4549
5989
4531
6668
5418
6163
6184
6982
5462
8010
4992
8142
7006
7338
7815
6986
6968
7003
5335
5338
6830
6972
5707
6945
6515
6946
5801
7696
7969
8050
8285
4550
5235
4548
5929
6904
6906
4550
4556
4552
5103
7601
7611
6904
4584
6885
4556
5081
5947
6838
4564
4568
6039
6459
7615
4888
6890
6435
7609
7034
8000
5487
5505
6833
6938
4668
7879
4569
5178
6289
8000
5005
6048
4939
4951
7983
5013
6560
8313
6282
5291
7433
7381
8139
5099
5320
7466
7670
7971
4741
7468
7688
7695
6163
6885
7600
6938
6959
7528
5484
4610
5071
5478
5500
7828
4627
4654
8081
5133
6945
7555
5449
6340
7761
6861
5916
5380
6738
5428
6776
4602
6387
5039
6736
5304
7486
4605
4843
5514
5734
4999
5402
6112
6856
6743
7482
7485
5489
6893
5540
6050
7904
4855
7153
5498
5822
8004
8205
8226
6575
7208
6348
5040
6736
5359
6366
6672
4879
5350
8404
5715
7517
4628
4948
6073
4641
8247
4783
4631
5801
5456
6890
7580
7976
4643
5319
5721
7007
7470
6306
5724
6317
7760
6231
4646
6822
5757
5819
8245
4945
6551
4948
6051
4694
4697
5125
5726
8053
6840
5470
5495
5719
5497
4995
5883
6028
4873
8157
4679
5195
7736
5915
5259
8417
5308
7328
4994
6194
8459
4901
5591
6770
7781
7783
7863
7872
6731
7895
5733
5914
7862
7929
8319
5716
7318
4925
5729
6378
8109
8321
5820
5469
4751
6820
7778
7852
4941
7084
8171
6021
7824
7927
5227
6210
7170
8460
6710
7085
7402
5316
6243
6273
6803
8001
4685
5005
6952
5748
5827
6815
4810
7572
7622
8268
4692
6497
8158
4696
5419
7475
7540
4801
7622
4704
6161
6991
5453
7192
8150
5554
7622
6155
7151
5184
5215
6602
6203
8093
8372
6595
7396
6550
7113
7565
8145
8146
5855
7042
5214
8085
7251
5174
5264
6202
7831
5915
8026
8268
8026
8377
4746
5464
6506
7600
4857
5475
7850
4779
5865
5892
8164
7620
7621
5675
7131
5484
5495
7602
4725
6461
6715
6837
5479
6467
6931
7610
4886
5474
5345
5671
6888
7568
5681
6246
5665
4796
6852
7549
7306
8045
4748
4818
7596
4796
4928
4743
4760
5448
6532
7512
7436
7746
4752
7491
7978
8258
6452
7075
8330
5677
6843
7624
7648
5944
6501
6805
4844
5823
8005
5523
8047
6751
8214
6813
4996
5243
6451
7028
5325
7425
6506
6272
6309
6915
7442
4770
6251
6612
6690
6969
6983
6533
7249
5644
7087
7549
5118
6061
4769
6734
4772
6292
6568
4776
4795
4797
6040
6289
6291
5648
5649
5746
6803
6251
5973
8223
5585
6562
7106
6069
7855
5442
5542
5630
4783
4788
4795
6145
5736
7707
8216
5015
5789
6013
4926
6724
4937
7002
8156
4896
6398
7784
5393
5455
6775
7855
6218
6420
5902
5684
6394
6554
5475
6386
5454
7622
5938
8244
5454
6386
5486
4844
4888
6904
7601
4809
4811
5489
5641
7609
5396
6643
5867
7900
8188
8189
8292
8109
8121
5199
7561
8387
5743
6493
4826
5780
6317
4822
5931
5939
5181
6090
8179
5257
6866
4959
5959
7435
4831
8025
4866
7899
7901
4832
4842
6505
7578
5852
7172
4833
4841
4835
6747
7966
4836
5733
7954
8131
8235
6660
7168
7776
8210
5448
7577
5516
6022
4858
5735
7195
4858
4929
6142
6379
4861
7502
5933
7226
7142
6804
7840
7774
5873
5926
6180
4970
7775
5980
4944
6025
5333
8174
8067
7156
7775
7124
7883
8287
6940
7511
7539
5794
7127
5999
6124
8084
8304
4887
5872
4868
4969
4868
8171
8187
6064
5736
5975
6003
8239
5057
7907
6820
8229
5206
5270
6115
6260
6536
6860
7494
5559
5135
8451
8207
4885
6355
6406
5434
5545
6778
5873
4911
6557
6617
7721
6323
6999
6619
5016
5779
6096
6860
8062
5151
6180
6707
8391
6351
6779
5421
5427
8023
6045
7198
5592
5692
5772
7103
7178
7769
4902
4986
6341
7233
5670
6140
6180
6743
7482
5932
8384
6685
8135
6970
7112
7113
4912
5782
7943
6594
6964
5121
7547
6562
7702
7730
5434
7674
8224
4988
7003
5857
6686
6504
6802
8119
5546
6392
6863
6385
6754
5492
7700
8034
5431
5448
6554
8067
8111
8137
4933
5142
7252
4933
5135
7252
5793
7343
6818
6819
5488
5427
6998
6576
6578
7176
7228
6002
7731
5575
6674
7156
5914
6020
7862
8141
8143
8231
5894
7223
8011
8315
5770
8332
7126
7868
7867
7731
4956
6574
4965
5936
6703
4990
5014
5618
7034
6782
8263
6697
5929
4959
5204
7193
8147
8149
8150
5400
7936
6540
7865
7986
6784
6785
4974
6783
7879
6784
6786
6669
8166
7979
4982
5445
6040
7270
5179
5391
5788
6016
5714
5362
5391
7445
6314
7446
7458
5271
7101
6522
7645
7825
7974
4990
7034
7376
6292
6626
7100
7440
6068
5772
5995
7246
4992
7032
5592
6996
7375
8165
8280
6044
8323
8325
6293
7410
5831
8301
5013
5018
5784
6070
5034
8007
8282
5769
6796
6551
7219
7791
6018
7117
7824
8287
6476
6646
7590
7637
8128
5009
6114
7130
7266
5440
5198
6823
6832
7872
8349
8092
8344
5330
6013
8331
6587
7022
7515
5061
6113
6560
7870
5910
7933
5022
5024
5152
8434
6017
6479
7784
5229
7282
8434
5046
5336
6857
5095
5298
7234
6228
7738
7743
5172
5853
7206
7243
5158
6198
5578
7092
7368
6055
6124
6993
5069
7287
7825
5983
7109
8061
6564
6926
5057
5040
5806
5444
7552
5619
5989
7289
5046
5336
5429
7435
8327
7555
5389
5434
7558
6846
8021
5715
5206
8311
5053
5561
7050
7737
7368
5060
5821
8057
6252
8373
5234
5611
6266
8154
5610
5062
8182
5258
6319
8057
6682
7154
6388
6985
5098
5578
7367
5068
5606
6030
5154
7098
6144
8060
8074
5157
5158
6224
5635
7569
6079
6149
5075
5232
5237
7778
8134
8229
5076
5077
5267
5101
6677
6773
7521
5093
6432
5087
5136
6216
5232
8422
5159
5554
5803
6137
7123
5103
7830
5088
5167
6626
8392
5896
8086
8424
5214
8017
6143
6624
5100
6773
7804
8028
5297
5603
6261
6712
5697
6152
5101
5121
6583
7484
5120
7524
6967
5107
5709
7055
8003
7825
7277
7934
8353
7749
6937
7749
7236
6577
5410
6989
7713
6153
6266
7330
7215
7270
8096
5407
6859
8255
8259
6099
7162
5728
7654
5487
6837
7603
5326
5621
6428
5491
6910
5578
6220
7095
5755
6820
5604
5412
5632
5197
8418
5856
7143
7404
7406
6327
6839
6845
8304
5134
6945
5201
6089
6219
6996
7035
7281
8339
7330
6191
7360
5155
5611
5613
8385
7714
8081
5144
5370
6242
5311
6242
5165
5604
5155
5615
8436
6182
6270
7041
8403
5903
7989
5219
8016
8380
5157
7743
5231
5235
8393
7365
5603
7083
6213
6221
6190
6601
7348
5815
6190
7062
5815
7061
7389
8387
6019
6313
6314
6216
8410
7531
7561
8255
8259
5852
5175
5561
5211
5311
7453
7747
5966
5846
8027
6592
7354
5615
7379
8438
7446
6412
6756
7511
5886
8178
6206
8396
6137
5215
7999
8002
5230
7293
7335
7319
7392
8427
5862
7342
7392
5694
5869
7341
8196
6202
7634
8086
7128
7079
7081
7358
7913
8449
6732
7343
5629
6396
5665
5853
6044
7038
8397
5204
7362
7435
5779
7726
8311
8308
8100
7381
7382
7642
5248
6297
7381
8404
8416
5962
5978
5846
7456
7995
6049
5217
7393
7933
7934
7591
8075
6596
5713
8362
7147
8366
5461
7503
5862
7361
7404
8398
5395
6247
8063
5318
5855
7146
6190
5606
7798
6154
6997
5987
5630
5287
6697
5318
5889
7146
7498
6451
5311
5997
6313
5853
5263
7363
5307
7136
7457
8401
5551
5627
6099
5323
5855
7146
7453
5290
5830
8028
5357
6608
6259
6847
7460
5548
7372
7374
5324
6369
6652
5328
6360
6105
6326
5306
6829
7291
5350
5829
8328
6194
6353
6971
5688
7350
7755
5946
5680
6183
6245
7361
7437
5308
5326
7720
8309
8413
5667
8457
7012
6259
7805
7507
5283
5279
7506
5354
6610
6616
6618
6950
7508
6579
7441
7546
6309
7018
7426
6305
6308
6274
8403
5322
7462
5812
6624
7226
5617
6272
7812
5293
5670
6180
6281
5662
5670
8456
8039
5696
8025
5614
6235
6122
7642
5869
6226
7364
8012
5558
6233
7944
6122
7434
5301
6229
6611
7884
7014
7463
8456
5562
7510
5419
6826
5438
5450
5335
7134
7253
8401
5460
5504
7746
5417
6301
6193
6177
7018
7019
7083
6991
7717
7741
6207
7148
7408
5891
7040
6243
5730
6980
7471
5809
5811
6310
6076
8445
6106
7426
6298
6115
7724
6299
6326
8399
6364
8281
7474
7980
5741
8332
6124
6329
8112
5346
5759
5993
5999
6829
7324
7474
6339
6828
5722
5778
6971
5345
6273
8461
6244
5721
5759
7473
6161
5722
7295
5548
6370
7374
7421
6006
6195
7727
5355
5812
6152
5616
5667
7012
7645
5382
7505
5920
7500
6235
6430
7059
6950
5777
7053
6323
5371
5398
6412
5395
7410
8063
7453
7498
7747
5371
8463
6349
8059
7492
6403
8257
6094
6952
7712
6632
6639
7544
7827
8256
6555
6087
6746
6619
6621
5560
8407
6136
6740
5552
6388
6075
6735
5547
6352
6855
6351
7529
5685
6161
6242
6286
5417
8461
5945
6120
6380
6631
6756
6286
6394
5545
7949
5837
5444
5445
5726
6880
7526
5414
5452
5452
6552
5447
6641
5435
6438
6955
5631
6771
7225
7789
6635
6859
7822
5535
6440
7539
7626
5687
6440
6922
7482
7976
7715
7978
8021
5426
6474
5623
6779
8022
6752
7557
5684
7606
6380
6644
6634
7512
6399
6555
7540
5635
5636
6437
6396
6642
6638
6922
7485
6646
7713
7998
6555
7556
7533
7607
5938
6986
7499
7878
6637
7826
7478
7747
5543
7579
6998
6481
6441
6490
7661
7885
6890
7626
7526
8099
8101
7657
6850
8054
5495
6414
6416
5474
5485
6414
7285
5508
6333
6558
7503
8101
6299
8399
5479
6477
6397
6468
6478
6478
7594
6407
6884
5485
5646
7612
5939
6493
6477
5701
7147
7458
5653
6648
5991
6878
7209
5746
5923
6415
6417
7653
8001
5817
5639
7579
6335
6419
7436
5633
5537
6496
8214
7619
5522
7664
7680
5514
6963
5516
8176
5529
5657
7834
6526
6524
7681
7667
7694
5676
5660
6486
7668
6514
7701
6899
7667
5677
5683
8104
7664
5551
7487
5890
8043
5651
7705
6437
6734
6923
7436
6503
6629
7118
7347
6373
6087
6953
5566
6087
6373
6341
7949
8268
5557
6709
8030
5558
6306
6714
7083
5560
7805
8027
6440
5564
5565
7441
7254
7444
6255
7433
5595
7162
6007
6446
7525
6375
6445
7956
5600
5852
7172
5852
5969
6671
5963
5981
6696
5921
6700
7780
7979
6581
6582
6758
7153
7156
7303
6576
7730
7979
5820
5981
6568
6963
5893
8137
5884
6537
7847
5921
6539
6698
6761
7246
5834
5835
7758
7786
7797
7142
7250
6061
7270
8095
8119
6357
6148
6191
7089
6157
8361
6158
6692
7378
5609
6236
5904
5613
6153
7273
7282
8342
8360
5901
7434
7281
8385
7806
8310
6309
8092
5986
6370
7421
6559
6588
6621
6098
6348
6474
6737
8281
7490
7715
6377
6404
8022
7418
7439
6139
7712
6304
6957
6334
7531
6139
6438
5658
5699
6401
6630
6897
7609
7821
6456
5642
6640
5949
6100
6484
7111
7637
7595
7678
5652
6647
6476
7840
7842
7844
5745
5942
8053
6827
7643
5656
7596
6502
6824
6468
8056
7700
8034
6515
7658
7907
5669
8069
5666
6280
5668
5700
7253
7414
7100
7101
6280
7432
7645
7432
6246
6273
7447
5682
5690
7742
7682
7856
8020
5967
7313
5739
7076
6902
7666
6184
6245
7039
7039
6247
8400
7410
5935
5730
7462
5934
5935
8040
5922
7444
5744
6265
5722
7295
5813
8264
7132
5846
5697
7617
5961
7856
5923
5870
7497
6129
6668
6941
7112
6946
6508
7841
5751
6141
6143
6253
6615
8068
5919
6278
7463
7935
6255
7816
5793
7428
7980
7585
5727
6909
7655
8183
5805
7411
5749
6836
6487
5809
8264
8209
6003
6002
6701
8211
5828
8205
6069
7863
7874
6805
6651
7020
6648
6402
6408
5750
7177
5805
6317
6858
6319
8326
6728
7656
6585
8356
6650
6538
6574
8134
5826
6815
7295
5761
5834
5762
5765
7516
8312
5766
7076
5779
5860
7131
5769
7242
7650
8288
6016
5959
7362
5774
5813
8064
8106
7052
7055
6830
7290
5785
6318
6095
6294
7823
5821
8009
6096
8194
6470
7823
5791
6013
8330
6059
5792
8294
8283
8291
8354
5797
6345
6126
6127
7803
7646
8058
6391
6973
7003
5871
8029
7735
7053
7729
6150
8297
6190
6597
7348
5817
5819
7218
8336
8007
6811
5824
7157
8157
7160
7160
8159
8078
7263
8194
7859
8014
6846
6123
6345
5843
8444
6123
6607
7352
5845
6130
5848
5850
8109
8321
5925
7133
6872
7056
5896
8427
7434
7437
6450
6452
8156
7143
5869
7240
7319
6421
6488
5874
7385
7060
8035
6707
5966
8089
8179
8222
7029
7273
7959
5884
6485
6767
8356
6599
7097
6051
6119
6453
6205
7397
8155
7251
5894
6175
6271
7019
6303
8402
8343
7010
7041
7058
6694
7103
6673
7156
8437
7996
7989
5903
7391
7415
6153
6182
7440
8415
6511
5970
6500
8213
7322
7801
5909
7312
8422
8340
5917
7073
7094
7095
5927
6169
6185
8008
8172
5920
7462
7740
5919
7888
7935
7412
6543
6762
7734
8068
6869
7960
6626
7098
7914
7098
7913
7914
6493
7174
8007
6323
7926
8262
8274
5954
6648
7698
8197
6640
6662
6643
6645
7574
6678
8337
6563
7167
8043
8046
5992
6990
7699
8033
7947
6565
6798
7889
8153
8020
7317
8300
6570
7774
7197
7329
6845
8329
6031
6028
8117
8243
7897
8239
7940
8233
7280
7965
8217
6029
7900
8189
7316
7337
6679
6565
8061
6144
6523
8363
7374
5988
7030
6283
7357
8001
7317
6013
5997
6193
6427
7455
6011
6005
6019
7455
8390
8013
7280
7906
6004
6702
8211
8237
8227
8236
6015
6008
6954
6517
6526
7706
6184
6277
6963
8031
7468
8249
6071
6865
7583
6831
7124
8286
6036
8288
6813
8175
6036
8143
6817
7129
7897
8071
8242
7707
7954
8131
8107
8120
6050
6797
7928
8140
8072
6080
6768
7786
6217
7034
7326
7213
7157
8157
8377
6866
8292
8306
7130
7174
7988
8211
8248
6064
6097
6732
6993
8167
7995
7996
7716
8084
6540
7200
7199
7202
6814
6978
7785
6538
6586
7335
6062
6195
6100
8348
6066
6077
6068
7790
8265
8299
7190
7871
8290
7589
8087
8302
8451
7126
8080
7923
7406
8187
7248
7758
6853
8276
6867
8091
6088
6093
6087
7751
6092
6110
7343
6751
7582
6639
6960
7808
8308
8309
6260
6374
7525
6616
7374
7420
7521
7017
7387
6324
7424
7488
7130
6128
7000
6589
6834
8186
8314
8312
8320
6824
7885
7313
7750
8411
7234
8030
7234
7382
6125
7714
7385
7388
8035
6140
7804
6706
6144
8060
8061
6402
6752
6138
7341
6714
7043
7085
7973
6602
7277
8028
6146
6404
7564
8429
7394
6148
8429
6151
6870
8011
7005
8392
8429
6310
6171
7332
6165
6455
7137
8045
7281
8388
6162
6167
6423
7717
7626
8203
8363
6401
7390
7099
7367
6265
7128
6197
7524
7501
6429
7421
6307
7010
7019
6307
7186
8369
6433
8382
8448
7099
7738
7743
6663
7321
7349
7358
7345
7346
8087
6484
7149
7454
8162
6201
6547
7210
6201
7072
7094
7197
7329
7308
7751
8366
8089
7339
7405
7058
7148
7407
6399
7071
7095
7100
7459
8192
7108
8439
6547
7049
7093
8444
8447
6713
8447
7323
7366
6227
7239
6228
8012
6236
7644
7886
7884
7642
7234
8030
8441
7369
7336
7237
7240
7243
7322
6288
6995
8091
8106
6247
6293
8132
8133
7282
8342
6867
8091
8093
7735
7383
6623
7991
6593
6276
6709
6781
8443
6710
7171
7171
8323
7331
6706
7647
8408
6276
6305
7007
7448
7042
7741
7010
7041
8155
7752
7405
6279
7148
7935
7058
7397
8458
8456
7005
7006
7255
7936
7214
7271
7272
6994
7216
7271
6291
7035
7213
7373
8000
8457
8106
6708
7800
6338
7428
7814
6466
6721
7822
6940
7513
7878
8099
7478
6395
6326
7397
7425
6325
7017
6753
6405
6343
6376
7138
6354
8314
6321
6615
7009
7886
7002
8136
7018
7442
8398
6328
6453
8160
7126
8304
6885
7194
7191
7193
7192
7607
6337
7821
8259
7579
6337
8136
7501
6342
7138
6830
6343
6343
6825
6826
6751
6346
7532
7575
7520
8057
6857
7559
7059
6389
6392
7135
6398
6399
6891
7527
6363
6622
6810
6364
7518
6677
6495
6503
6541
6666
6965
7427
7471
6368
6741
6776
6743
6738
7417
7491
7520
7522
7487
7161
7949
6739
6913
6390
7002
6780
7536
7500
6383
6681
6511
6852
6828
7138
7118
7138
7766
6753
6957
6735
6645
6894
6931
6406
6411
6756
7576
6413
7877
6775
6481
6530
6475
6457
7188
7499
7538
8463
7139
7604
7828
7191
6425
7252
7350
7363
7669
6984
8302
6559
7163
7525
7952
6608
7416
6942
7572
6938
7915
7918
6635
8260
6634
6726
6726
7608
6699
7571
6908
6924
6699
7285
7604
7957
7565
6677
7150
7548
7854
8197
6453
6457
6465
7245
6644
8411
7599
7627
7615
7616
7997
6643
6548
6477
7643
7782
6730
7242
6798
8149
6473
6878
8417
6479
6641
6884
6492
6510
6990
7105
7959
7843
7640
7857
6494
6502
6901
7922
8158
7681
7709
6748
8108
6502
6719
7554
7627
6508
6520
6949
7972
8006
8384
7636
7678
6656
6902
7841
6656
6946
7704
7837
7704
7101
8368
8343
8341
6755
6554
6537
6585
7433
6705
7235
6542
7519
7267
7982
8229
6758
8116
6543
6951
7921
7198
6546
7102
7184
7186
8345
7235
7791
8249
6695
6583
6621
7504
7575
6594
6625
6965
7817
7768
6583
6822
7103
6570
6818
7204
7987
6602
7728
7731
8237
6573
6762
6698
6700
6580
7779
7771
6610
7247
7209
7783
7229
8116
7757
7248
8254
7025
7724
7891
7810
6592
8309
7541
6617
6628
6750
8379
7300
8017
8018
7063
8453
7096
7908
7345
7284
8195
8340
7284
8380
6607
6607
7352
7803
7286
6613
8456
7416
7036
7413
7644
7723
6618
6964
6965
6620
6652
6628
7506
7721
7564
6633
6755
7938
7571
7395
6751
7978
7719
7973
7582
7974
6644
8197
6929
7177
7165
7848
6943
6948
6961
6668
6661
7088
7105
6947
6664
6725
6937
7102
7185
6774
6677
7150
7187
7777
8269
6982
7508
6675
7523
6674
6675
7111
7074
7943
7943
7154
7378
8414
7773
6684
7774
7074
6686
6688
6689
6969
8094
6690
8225
6692
7378
8441
7356
7769
7769
8078
6806
7982
6924
7203
6702
8115
6704
6787
8114
7394
7563
7065
7431
7391
6714
6713
7388
6801
7617
6718
6719
6805
7596
6925
7910
6724
6937
7512
7180
6729
6730
6731
7217
8316
6733
6763
6901
7923
6742
6944
7921
8073
8127
8220
8015
8431
8432
7936
7512
6757
7511
7539
7982
6760
6761
7780
6762
6762
8116
6809
7560
8347
6766
6782
6768
7853
6771
7789
7852
6771
7813
6782
6777
7921
8023
7513
7929
6786
7298
7930
6787
8246
8274
8065
6795
7864
6792
8409
6794
6796
6795
6796
8286
6799
7823
6811
7785
8266
6844
8019
7842
7226
7646
8047
7646
7687
6965
6814
8153
7890
7895
7818
8228
6822
7875
6831
7570
7572
6972
6830
6832
7824
6835
7891
6932
7613
8084
8160
7659
8103
7661
7617
7480
8054
8282
8036
8037
6853
8010
8041
8003
8062
8378
7765
8172
6878
7029
7346
7120
8076
6873
6875
6894
7567
6874
6907
6876
6908
6876
6930
6892
7420
7502
7513
6894
6907
6929
7626
6910
6912
7653
7567
6892
6908
6921
6919
7569
6930
6898
6932
6898
6935
7610
7638
6917
6931
7695
7832
6911
6911
6920
6921
6920
6925
7922
6923
6923
7436
7960
7961
6930
6935
6921
6928
7638
7114
8097
8351
6935
6933
6933
7574
7643
7404
8200
8367
6940
7538
7878
7502
7697
6950
7846
7848
7850
7670
7837
7971
7668
7837
7922
6960
7529
6958
7561
8255
6959
7580
7937
7967
8334
7817
7409
8122
7111
7114
6972
7499
6976
6977
6979
6981
7428
6982
7815
6981
6982
7811
7755
8390
7948
7488
7078
8126
7042
8348
8389
8168
7035
7212
8393
6999
7001
7000
7002
7001
7135
7006
7472
7338
7009
7465
7752
7945
7397
7012
7037
7645
8412
7430
7036
7254
8039
7884
7461
8039
7023
7026
7025
7026
7732
7024
7727
7025
7053
7726
7029
8084
8160
7212
7288
7289
7430
7809
7809
8069
7039
7041
7042
7045
7384
7388
7384
8444
7075
7172
7173
7732
7732
8419
8003
7065
8452
7062
8452
8453
7063
7065
7259
7440
7260
7069
7070
7071
7071
7090
7092
7073
7090
7092
7427
7471
7814
7082
8446
8418
7085
8120
8187
7104
8351
7111
7091
7311
7364
7095
8443
7097
7098
7573
7231
8097
8413
8457
7110
7121
7431
8406
8222
8433
8433
8119
8198
8289
8349
8014
7120
8347
7122
8409
7339
8396
8329
8324
8325
7133
7403
7136
7197
7337
8044
7285
7477
7274
7795
8307
7342
7759
7406
7149
7477
7451
7152
8154
8127
8154
8107
8321
7248
7484
7489
8312
7541
7952
7187
8163
7344
7227
8462
8446
8443
8446
7175
7702
7229
7689
7209
8232
7205
7186
7321
7206
7748
7749
7845
8298
8147
7193
7981
7988
7201
8374
7818
7985
8291
7866
7984
7206
7207
7210
8369
7702
7373
7302
7327
7296
7650
8288
8233
8240
8008
8042
8172
8316
8317
7241
7226
7847
7229
7249
7371
8225
7794
7237
7240
7322
7875
8231
7321
7758
7795
7256
8179
7255
7621
7261
7260
7262
7417
7262
7423
8328
7271
7327
8375
7302
8092
7946
8247
7458
8428
8371
7920
8338
8338
8436
7396
7441
7291
7299
8397
8425
7639
8426
7602
7618
7297
7302
7299
7469
8016
7305
8370
7373
7377
8372
7307
8091
8196
7341
8254
8369
7333
8079
7450
7472
7322
7337
8401
7337
8344
7335
7336
8424
8426
7894
7456
8362
7452
8427
7389
7389
7807
8391
8386
7912
8452
7435
8327
7743
7370
7368
8027
7909
7910
7419
8389
8090
8440
8442
8029
7387
7800
7437
8361
7564
8195
8431
7527
8461
8462
8462
8399
7408
7449
8402
7408
8400
7464
7762
7430
8414
8455
7423
7422
7422
7442
8139
8126
7815
8410
7459
7438
7444
7741
7763
7452
7455
8366
7647
8458
7805
7495
7733
7811
7473
7497
7950
8150
7736
8063
8460
7498
7691
7523
7924
8303
7482
7493
7517
7491
7876
7973
7978
7494
7519
7516
7496
7717
7877
8022
7814
7768
7723
8303
7538
7519
7552
7876
8270
7547
7821
7937
8260
7838
7822
8042
7629
7544
7543
8257
7545
8257
7819
8271
7554
7673
7628
7633
7632
7559
7568
7568
7629
7578
7636
7584
8056
8279
7677
7593
7799
8352
7597
7598
7616
7997
7608
7608
7612
7614
7830
7613
7830
7625
7621
8036
8038
7967
7968
8145
8424
7968
7836
7675
7829
7644
7659
8103
8249
7652
7655
7842
7843
7661
8333
7885
7680
7747
7671
8124
8125
7725
8125
8104
7686
7684
7686
8055
7706
7746
7746
8055
7695
7696
7842
7843
7843
8285
7771
7705
7708
8219
8053
7712
7827
7713
7718
8331
7858
7975
7991
7990
8065
7771
8232
7735
7742
7739
7744
7739
7744
8012
7909
8063
7812
8375
7754
7754
8080
7920
8217
8272
8299
8299
7761
7765
7766
7793
7766
8293
8295
7792
8204
8114
7981
7813
8228
8267
7813
8277
7791
7796
7796
7793
7946
7847
8195
8370
8015
7807
7808
8309
8383
8310
8310
8312
7814
7852
7845
8257
8099
7868
8256
8258
7833
7834
7839
7840
8033
8223
8411
7860
7873
8199
7876
7924
7880
8143
7866
7867
7984
7869
7871
7870
7872
7871
7875
7874
7875
8262
7881
7926
8275
8274
7886
8333
7889
7890
7893
7895
7892
7893
7896
7898
7899
7903
8242
8241
8241
7902
7903
8071
7940
7942
7941
8337
7912
7999
8397
7917
7918
8144
8316
8140
8230
8230
7931
8274
8275
7933
7934
8016
7939
7942
8218
7942
8219
7947
8337
7953
7958
7962
8216
7959
8223
8356
8272
7963
8216
8234
8240
7965
8117
8235
7972
8430
7977
7977
8166
8283
7993
7994
8428
8389
8428
8032
8040
8059
8059
8221
8041
8287
8193
8359
8098
8038
8045
8118
8050
8052
8052
8051
8279
8209
8073
8075
8358
8305
8390
8382
8090
8342
8162
8360
8225
8096
8421
8104
8129
8191
8113
8250
8346
8135
8347
8125
8142
8128
8131
8132
8320
8250
8143
8345
8425
8149
8149
8151
8152
8151
8244
8220
8403
8445
8169
8168
8185
8327
8281
8350
8186
8177
8335
8396
8184
8185
8184
8184
8185
8289
8313
8188
8372
8431
8411
8202
8301
8201
8202
8203
8363
8205
8227
8236
8238
8219
8406
8227
8234
8242
8243
8282
8365
8253
8251
8252
8266
8271
8303
8279
8291
8283
8354
8349
8301
8294
8296
8296
8449
8314
8317
8319
8381
8336
8381
8391
8324
8450
8328
8378
8330
8332
8335
8395
8344
8430
8433
8379
8367
8365
8368
8405
8405
8445
8413
8406
8387
8442
8435
8402
8418
8410
8415
8434
8435
8423
8450
8454
8454
)


// ************************************************************************* //
