/*--------------------------------*- C++ -*----------------------------------*\
| =========                 |                                                 |
| \\      /  F ield         | OpenFOAM: The Open Source CFD Toolbox           |
|  \\    /   O peration     | Version:  v1906                                 |
|   \\  /    A nd           | Web:      www.OpenFOAM.com                      |
|    \\/     M anipulation  |                                                 |
\*---------------------------------------------------------------------------*/
FoamFile
{
    version     2.0;
    format      ascii;
    class       vectorField;
    location    "constant/polyMesh";
    object      points;
}
// * * * * * * * * * * * * * * * * * * * * * * * * * * * * * * * * * * * * * //


1794
(
(4.14 2.860000000000002 0.2)
(4.48 2.960000000000002 0.2)
(4.76 3.080000000000002 0.2)
(5.08 3.260000000000002 0.2)
(5.46 3.420000000000002 0.2)
(5.74 3.540000000000002 0.2)
(6.14 3.660000000000002 0.2)
(9.619999999999999 3.420000000000002 0.2)
(9.48 3.080000000000002 0.2)
(9.32 2.760000000000002 0.2)
(9.119999999999999 2.520000000000002 0.2)
(8.94 2.300000000000002 0.2)
(8.640000000000001 2.060000000000002 0.2)
(8.359999999999999 1.800000000000002 0.2)
(8.06 1.600000000000002 0.2)
(7.8 1.380000000000002 0.2)
(7.46 1.280000000000002 0.2)
(7.18 1.080000000000002 0.2)
(6.78 1.040000000000002 0.2)
(6.38 0.9000000000000022 0.2)
(6.08 0.7800000000000022 0.2)
(5.7 0.7400000000000022 0.2)
(5.3 0.6400000000000022 0.2)
(4.88 0.6000000000000022 0.2)
(4.5 0.6000000000000022 0.2)
(4.1 0.6000000000000022 0.2)
(4.14 2.860000000000002 0)
(4.48 2.960000000000002 0)
(4.76 3.080000000000002 0)
(5.08 3.260000000000002 0)
(5.46 3.420000000000002 0)
(5.74 3.540000000000002 0)
(9.619999999999999 3.420000000000002 0)
(9.48 3.080000000000002 0)
(9.32 2.760000000000002 0)
(9.119999999999999 2.520000000000002 0)
(8.94 2.300000000000002 0)
(8.640000000000001 2.060000000000002 0)
(8.359999999999999 1.800000000000002 0)
(8.06 1.600000000000002 0)
(7.8 1.380000000000002 0)
(7.46 1.280000000000002 0)
(7.18 1.080000000000002 0)
(6.78 1.040000000000002 0)
(6.38 0.9000000000000022 0)
(6.08 0.7800000000000022 0)
(5.7 0.7400000000000022 0)
(5.3 0.6400000000000022 0)
(4.88 0.6000000000000022 0)
(4.5 0.6000000000000022 0)
(4.1 0.6000000000000022 0)
(30 0 27.5)
(30 0 -27.5)
(4.308311887718023 0.6000000000000022 0.2)
(4.689999999999999 0.6000000000000022 0.2)
(5.089283597791964 0.6199317712182846 0.2)
(5.497707512948407 0.6894268782371039 0.2)
(5.891996374133406 0.7602101446456239 0.2)
(6.588343491855891 0.9729202221495643 0.2)
(6.97699793362413 1.059699793362415 0.2)
(7.32703029360951 1.18502163829251 0.2)
(7.63 1.330000000000002 0.2)
(7.926795340629404 1.487288365147959 0.2)
(8.211657959378762 1.701105306252511 0.2)
(8.496969163376331 1.927185651706596 0.2)
(8.799330103239413 2.187464082591532 0.2)
(9.397390931406676 2.914781862813353 0.2)
(9.552989785189716 3.257260906889312 0.2)
(5.93810375184879 3.599431125554639 0.2)
(5.261683371663895 3.336498261753221 0.2)
(4.92298447120351 3.171678765051977 0.2)
(4.311902218419913 2.910559476005859 0.2)
(3.96073953677729 2.800246512259099 0)
(4.31486229628999 2.911430087144117 0)
(4.91835658493936 3.169075579028392 0)
(5.267795866212212 3.339071943668302 0)
(5.949474976797812 3.602842493039346 0)
(9.599563862926214 3.593707165127177 0)
(9.549966815657427 3.249919409453756 0)
(9.400935482419133 2.921870964838269 0)
(8.789478531759606 2.179582825407687 0)
(8.502278658189848 1.932115896890576 0)
(8.212559934998305 1.701706623332205 0)
(7.931511179847984 1.491278690640604 0)
(7.627985236343927 1.329407422454099 0)
(7.318938101037743 1.179241500741247 0)
(6.983476454935966 1.060347645493599 0)
(6.573015485992284 0.9675554200973016 0)
(5.887718181396574 0.7597598085680626 0)
(5.50265474740565 0.6906636868514147 0)
(5.093123513599636 0.6202974774856819 0)
(4.689837447574137 0.6000000000000022 0)
(4.296144295434654 0.6000000000000022 0)
(30 10.00000000000013 27.5)
(7.140954494389007e-13 0 27.5)
(10.00000000000085 0 27.5)
(20.00000000000043 0 27.5)
(7.140954494389007e-13 0 -27.5)
(10.00000000000085 0 -27.5)
(20.00000000000043 0 -27.5)
(30 0 -17.89034334220536)
(30 0 -8.328841543475907)
(30 0 0.5685812548031244)
(30 0 8.335706009179603)
(30 0 17.89034334220578)
(30 10.00000000000013 -27.5)
(3.948059875518146 0.8445507321311037 0.2)
(4.383678528757029 0.7625886099749331 0.2)
(4.192985532564101 0.8135255056675104 0.2)
(4.76723971974893 0.8313556884102167 0.2)
(4.557314495447382 0.8117416285262731 0.2)
(5.188224256426878 0.8380062046664238 0.2)
(4.983838399078159 0.8230274813436713 0.2)
(5.571783856126875 0.8813562284854708 0.2)
(5.385373225614627 0.8732981402650324 0.2)
(5.962889715039361 0.9959941051448018 0.2)
(5.759766531198106 0.9600142326999959 0.2)
(6.206508999071309 1.045681176929324 0.2)
(6.639541629595121 1.192472771607935 0.2)
(6.417142877511154 1.120365335670912 0.2)
(7.093900752679239 1.265265020332666 0.2)
(6.852498407864752 1.239571946940067 0.2)
(7.298788539821293 1.385816081536787 0.2)
(7.69049101274771 1.53259542759375 0.2)
(7.485812460820327 1.487457023661384 0.2)
(7.831797960698307 1.685523119185962 0.2)
(8.17982627538276 1.880167297828794 0.2)
(8.001176932707271 1.808021107146713 0.2)
(8.426353469216741 2.158490793654681 0.2)
(8.290362769931031 2.019682393543333 0.2)
(8.761122530917216 2.426199704602304 0.2)
(8.592092034218895 2.291248314129746 0.2)
(8.919049734077042 2.605659807763255 0.2)
(9.111606804833368 2.832609264932008 0.2)
(9.244284219369488 3.070616029996325 0.2)
(9.448216932503209 3.381472958959823 0.2)
(9.351495794448981 3.237147139162996 0.2)
(6.286383176720035 3.515067240887405 0.2)
(6.459032075246553 3.601015827430531 0.2)
(5.892052374305225 3.349132221132474 0.2)
(6.092647967655987 3.429701160324906 0.2)
(5.688263411077677 3.290403606048069 0.2)
(5.265866775833095 3.108421471153588 0.2)
(5.471977317517334 3.196674696401974 0.2)
(4.882393352301613 2.932740194780997 0.2)
(5.082779695579731 3.028339727397074 0.2)
(4.684334447173975 2.841900203152094 0.2)
(4.286455356434886 2.697027797859566 0.2)
(4.482764901570445 2.752022211836142 0.2)
(4.088559599171051 2.646443532299216 0.2)
(9.413189710857168 3.587427978009066 0.2)
(9.127416494899052 3.585428202886655 0.2)
(9.281352015522849 3.419977901167115 0.2)
(4.364570536983927 0.9997112921843936 0.2)
(6.047039228533968 1.227093857821551 0.2)
(7.529586310057297 1.754721821423688 0.2)
(7.750653000949661 1.932674235171802 0.2)
(8.000869400020481 2.078482949078515 0.2)
(8.54656223920635 2.509265597056101 0.2)
(8.955690905447915 3.127893566690322 0.2)
(8.651696145533695 2.699590878457402 0.2)
(8.805521530441629 2.89977710519954 0.2)
(7.119927466547079 1.491942252806495 0.2)
(4.87864545830396 2.65315325690992 0.2)
(6.478819128612622 3.32782397041312 0.2)
(5.895982273472477 3.040724515473137 0.2)
(4.119207197714036 1.095765272854232 0.2)
(6.674915927540789 3.44278910755033 0.2)
(6.909133983869626 1.469821751065217 0.2)
(6.787325775254517 3.600462572947937 0.2)
(6.25109105230132 1.337911371916625 0.2)
(4.599423481594321 1.110070809378792 0.2)
(4.861814130271732 1.106826998224381 0.2)
(5.074188492870072 1.03908143035051 0.2)
(5.281800560140205 1.111544110815831 0.2)
(5.540521920716318 1.144004427545897 0.2)
(5.813338744173053 1.235350619423105 0.2)
(6.479997490504289 1.354891431544908 0.2)
(6.683615352838228 1.440708851919781 0.2)
(7.295922331728431 1.641370006962914 0.2)
(8.352939753640729 2.408802795758019 0.2)
(8.169210020511603 2.272237272957546 0.2)
(5.057288198100497 2.789231724823829 0.2)
(6.265439895300888 3.289955564377429 0.2)
(6.11074926039793 3.136811108350543 0.2)
(4.038525717068842 2.437451226778355 0.2)
(7.107166767444882 3.715410871300825 0.2)
(5.668505332023834 3.038545547130852 0.2)
(5.480287472442957 2.90404520902519 0.2)
(5.266262514801094 2.83009467148761 0.2)
(4.453903832288177 2.501107477491088 0.2)
(4.238858382658376 2.464999078097576 0.2)
(9.108886220830849 3.313738091437817 0.2)
(4.668078642001016 2.562003900122693 0.2)
(8.341530560314853 2.729497696514653 0.2)
(6.018333454081271 1.573557570521852 0.2)
(3.914960427603497 1.9338989017381 0.2)
(6.740310584018212 3.102944318493433 0.2)
(6.996142275203151 1.72374318332146 0.2)
(8.805074963305582 3.507492566924512 0.2)
(7.419410574044766 2.122034872356895 0.2)
(5.056757563860823 1.3203641321114 0.2)
(5.370381935389779 1.44957353022977 0.2)
(5.687163412992214 1.568349244792434 0.2)
(6.392169025140077 1.732470941188409 0.2)
(7.686882981055694 2.217662571683581 0.2)
(4.621375928263408 2.233914098932654 0.2)
(8.432063770915629 3.017857481445113 0.2)
(6.397493058507397 3.026067557539211 0.2)
(6.172855801619654 2.708640592995475 0.2)
(7.324756878347779 3.478077290138619 0.2)
(4.3768313818358 2.242195352796438 0.2)
(4.059199610425066 1.470425688585146 0.2)
(4.372729962024571 1.327378113862596 0.2)
(8.056265995379899 2.636046196204148 0.2)
(7.847151312857349 2.436116222936059 0.2)
(8.007125806743655 3.068773748085588 0.2)
(5.955429872004886 2.059671419907201 0.2)
(7.009877952006333 3.377877571529278 0.2)
(7.181704830758929 1.967801999336503 0.2)
(6.732736466718255 1.689310093427737 0.2)
(8.646115644801467 3.218469075750774 0.2)
(4.90100486230873 2.333804142614233 0.2)
(4.796160508480996 1.942276210690414 0.2)
(4.11124123233782 2.185273524831187 0.2)
(4.718980069444584 1.485467066618797 0.2)
(5.793045258185619 2.657075131405895 0.2)
(5.464708693911529 2.609322255949028 0.2)
(5.187058878394438 2.487581361271211 0.2)
(7.648758661761848 2.785044148867411 0.2)
(4.375135486004756 1.855709669431619 0.2)
(7.012633320617965 2.360607494281517 0.2)
(6.761849906563731 2.011630315578248 0.2)
(5.489115285408741 1.859899936576726 0.2)
(5.176367458224524 2.104670352303278 0.2)
(7.428091313693971 2.49168027327712 0.2)
(7.137415808098305 2.861617469904531 0.2)
(6.435464834515311 2.269567630917788 0.2)
(8.273368095875478 3.485132595384617 0.2)
(7.44747508701714 3.155057552738533 0.2)
(7.765257788554083 3.432373641762705 0.2)
(6.626795006683487 2.72129488481672 0.2)
(5.546285951479407 2.2809483490953 0.2)
(5.092455862901744 1.708710529368919 0.2)
(3.944872478139693 0.8182261723541959 0)
(4.406253022019883 0.7992254750429468 0)
(4.176094799942726 0.8104737678841931 0)
(4.76599417305767 0.7899336068356595 0)
(4.589041394239379 0.7550328689728256 0)
(5.167160202609222 0.8217819874028476 0)
(4.961313110931933 0.7940266710957102 0)
(5.557890306531298 0.9021636034355611 0)
(5.360738611513236 0.8682883031934847 0)
(5.968120568401118 0.9939761083103984 0)
(5.751721385251759 0.9474587944318413 0)
(6.623856585732535 1.177173934425882 0)
(6.403333011110401 1.123600517163133 0)
(7.081776336348514 1.277172487664346 0)
(6.848558947017393 1.228416350692153 0)
(7.279917789888296 1.385196861190493 0)
(7.697768906468236 1.539964316304974 0)
(7.475168408418146 1.462787414393221 0)
(7.86098376232145 1.672694087880495 0)
(8.173165103277269 1.88573229312653 0)
(8.014073345405874 1.783728620451598 0)
(8.449490065419175 2.15300175551005 0)
(8.325056608308772 2.00457902143135 0)
(8.733707706464084 2.444830757921354 0)
(8.586279692860828 2.294305716213354 0)
(9.071912067586156 2.761729795816572 0)
(9.266727880516747 3.079352499734428 0)
(9.2026050493575 2.905284095519472 0)
(9.421120602135845 3.472245063142203 0)
(9.352391568203888 3.255732124824051 0)
(6.280189831364783 3.537615233214946 0)
(6.455732474419388 3.612058286150891 0)
(5.897126719965424 3.366180841476284 0)
(6.086916319395507 3.448547687927432 0)
(5.266090182269799 3.136098363072202 0)
(5.466921269498978 3.202290487816196 0)
(4.899611689591779 2.934001948251539 0)
(5.079438168093671 3.049026906642886 0)
(4.707718570037923 2.847260741134475 0)
(4.307446320842415 2.680207987519224 0)
(4.494378245452315 2.749623022217056 0)
(4.110932232381711 2.617310832667119 0)
(6.185888713091425 1.0495895430737 0)
(8.907881397712808 2.592326482282082 0)
(5.678503146479223 3.294052849153161 0)
(5.895551974134234 3.0911902002856 0)
(4.073342167848545 1.05237439596271 0)
(7.064940104431895 1.564653359395918 0)
(7.652938325062049 1.771863134720208 0)
(6.46453041316924 1.382321393718536 0)
(6.231291479454232 1.329319902143512 0)
(8.663004415887993 2.743594204258962 0)
(6.015795462250877 1.269741443963565 0)
(9.190063600654536 3.631646843637904 0)
(6.256042470581611 3.321618971638508 0)
(4.920886174460298 2.66265427514285 0)
(6.430294739987801 3.387887461455366 0)
(6.867398248116374 1.476228753537471 0)
(6.637453525630566 3.376715707950784 0)
(6.104313743255748 3.180805230186185 0)
(5.448120404055345 2.952644249379288 0)
(4.492867859041222 2.493570446199969 0)
(7.288486988270818 1.64220223246633 0)
(4.312077115853527 1.032521645924288 0)
(6.866697457893016 3.503904348967229 0)
(5.030169295525067 0.994457376624247 0)
(4.826073356470071 1.018130412097551 0)
(5.410991371241671 1.135633911414087 0)
(5.209046742326261 1.085678674608648 0)
(5.787097490408404 1.220009632423076 0)
(5.614963618251909 1.118930639312634 0)
(8.854410593618397 2.852175817812905 0)
(6.683536753598821 1.372999659903528 0)
(7.967182670599778 1.999047361980565 0)
(7.815298194691127 1.886678809890804 0)
(8.230669619789213 2.245267254538767 0)
(8.120670591960339 2.081994816736873 0)
(8.495156568085223 2.579936729251099 0)
(8.358383641050622 2.409655803422454 0)
(9.201681324052801 3.417713250566747 0)
(9.125900556877834 3.232746613258657 0)
(5.246729280275433 2.92715340258985 0)
(5.664727138346338 3.006709703654273 0)
(4.590182503838894 0.9890125396910368 0)
(7.496245234937708 1.654396608440674 0)
(8.991662911821841 3.042684747370422 0)
(4.715530846941221 2.57242933323352 0)
(4.290445221006677 2.414340287692308 0)
(5.100895988853371 2.774777700318428 0)
(4.086541667565274 2.338987031423952 0)
(4.985272841688217 1.258446744891466 0)
(6.832291902027396 1.783618501756405 0)
(4.217426143421222 1.322789277356177 0)
(6.887691787248772 3.029339125321289 0)
(4.954080977519859 2.379760468979427 0)
(7.779025996181592 2.122680218593769 0)
(6.053481671861557 1.567426806073787 0)
(5.601991173753104 2.560176611804569 0)
(7.558273012966541 2.056361124943356 0)
(6.613605395099882 1.615843898035036 0)
(5.86056477780144 2.784524388130395 0)
(3.948212336676907 1.332660732670147 0)
(4.715803603423891 1.280026834025592 0)
(4.470326829685249 1.244357725620137 0)
(5.240412818400197 1.492389927481382 0)
(6.436392060204172 3.089853180206121 0)
(8.071956909112792 2.497628699589306 0)
(8.607521803526119 3.119637650132618 0)
(5.783157180442794 1.56990425123083 0)
(4.738734766873251 2.238769747044014 0)
(7.92937796977471 2.293945696441837 0)
(8.398014973105886 2.894207074044338 0)
(6.158073327847601 2.865543239805861 0)
(7.8589953137311 3.635826400755637 0)
(7.169640692126177 3.399266402435295 0)
(7.531646935994637 3.450382286578288 0)
(4.049405717391049 2.052102278829368 0)
(6.306653996355387 1.71185424275119 0)
(5.252437440336086 2.410976057225784 0)
(6.567336671031981 1.94059875164074 0)
(4.304876638576224 2.023129400559728 0)
(5.964458565455444 1.914978431123207 0)
(7.371109665740199 1.888003762717147 0)
(8.318886347362996 3.572530968889319 0)
(4.489373667037421 2.209788974167136 0)
(5.550220124763838 1.41616277087113 0)
(8.866330531561955 3.440956165073746 0)
(8.159347101808358 2.737479870968307 0)
(4.878291086475383 1.598915161043853 0)
(7.091076234535378 1.908391893768332 0)
(5.972425998302571 2.398302658842688 0)
(5.345544947140306 2.701109005401638 0)
(7.401505095779021 3.073645913133843 0)
(5.539796016033069 1.961577013207477 0)
(7.776468128042661 2.710334782824968 0)
(6.459256894897893 2.637195963659603 0)
(8.01616673769723 3.176764087098928 0)
(8.67276393779678 3.813496505359712 0)
(6.838209393822956 2.287593894875928 0)
(7.58422629181922 2.374349068751863 0)
(4.107594039200944 1.698278041261568 0)
(4.480571620568198 1.593966411459536 0)
(7.256537903536665 2.218535098772134 0)
(7.257614270052499 2.636970688496591 0)
(5.077431223667616 1.982025894036728 0)
(4.66833127892212 1.926408863149924 0)
(6.31392994457246 2.187341694186462 0)
(3.724354707226588 8.067293240944359 27.5)
(13.03337276173487 9.23303636303911 27.5)
(4.607733857370079 0 -19.79374022592602)
(21.42147526746115 0 -13.55055251115917)
(22.71905884349967 0 3.94417893845462)
(6.488588486354653 0 19.67306032787395)
(15.88503113457779 0 19.36479987703163)
(12.98008645381027 0 -17.7629443457855)
(21.31904713629742 0 -4.228045779155727)
(20.73202493030675 0 11.72007707504817)
(14.05589228071004 0 -8.888925472927326)
(3.26484018477918 0 13.66145404334786)
(10.7861293900787 0 12.50204686492701)
(17.86322581194178 0 0.9971312234522479)
(15.67102593738686 0 6.785515031293409)
(7.670499059838772 0 -12.30662267121235)
(1.062891918493709 0 8.910936851004939)
(9.967983159133647 0 7.259854241946869)
(8.586067995387161 0 -7.350593319719356)
(15.76104350073647 0 -3.559285115380205)
(13.89800802806524 0 -0.01730604266772014)
(3.966337097291772 0 -8.450282089667352)
(11.92742918998776 0 -5.010020005147578)
(6.015091527518923 0 8.984991411921492)
(3.655208633171088 0 6.09390773068151)
(6.158126172322717 0 -5.025102347284151)
(3.527451454926401 0 -4.924343132473074)
(14.34946857305147 0 2.821673817494076)
(12.05237756151249 0 4.654116480347102)
(9.293348991876925 0 3.762624103810616)
(7.00945016128844 0 5.679779735914074)
(8.686742673781996 0 -3.683215519162483)
(11.51025109270327 0 1.773233158777339)
(7.249686403868598 0 3.644678598069484)
(3.506660709723966 0 -3.013617873964887)
(4.093794477820459 0 -2.153052958202793)
(3.565088049251893 0 4.005840513997512)
(6.67032610404362 0 -2.728095811050399)
(10.85714912132856 0 -0.4902524245880823)
(9.373619097228605 0 1.05468352554365)
(7.97476169765423 0 -1.556800209615499)
(9.193897926310967 0 -0.5011336691922783)
(9.53099011475274 0 -1.729049839902779)
(12.85293247848153 0 -2.308466247337137)
(6.571681005780331 0 -1.362594784539714)
(8.519114507573326 0 0.2758523372388195)
(4.879004254388824 0 -3.260600644876312)
(7.983407521213741 0 2.258490284417491)
(10.90081238069564 0 -2.711096231922948)
(5.394585447712931 0 3.766208188997958)
(5.241961676578105 0 -1.77675630475521)
(6.43427164009781 0 2.402091159721706)
(7.292599027626691 0 -0.6036211589026392)
(5.24670431993015 0 2.093375103361824)
(8.128598795957831 0 -0.438229693426972)
(4.110357517908595 0 2.728438071124524)
(4.026980081235543 0 -0.7639793296994618)
(6.490836297453724 0 -0.5741646909813019)
(5.993016570938057 0 1.304502904373935)
(7.700162459456065 0 0.1322908054667742)
(3.848006870426888 0 -0.2210782286272364)
(8.017601155576894 0 1.009269875354603)
(4.339715440680098 0 -1.41226893840649)
(4.766925436955584 0 -0.9092452131560788)
(6.813078351666167 0 0.06985473811453517)
(5.048404690912864 0 1.106954037290303)
(7.126154305177695 0 1.470419775006045)
(4.283384246265015 0 1.477861436758724)
(5.697931106465097 0 -0.7758418652862979)
(7.325065452910087 0 0.6666648311609097)
(3.735821103267185 0 0.3066460698553825)
(4.398793627380857 0 -0.3449961170741885)
(4.395342193735472 0 0.5853532647514825)
(4.208142669690174 0 0.09323692324934281)
(3.8800273534174 0 0.859623567644334)
(4.965477408426937 0 -0.384708433651064)
(5.582193862730847 0 0.6628399040507934)
(4.642091382526832 0 0.0745974791682515)
(6.70479158772913 0 0.7661189267849275)
(6.103905020869725 0 -0.1564139437484822)
(6.17861886105358 0 0.4328251827192109)
(4.993622950989614 0 0.4611174048502777)
(5.068098946614827 0 0.02979159727301007)
(5.791358348185319 0 0.185806776849903)
(5.393347420070307 0 0.2389735796057026)
(5.522190774454384 0 -0.1883229864031904)
(30 8.404670489637907 -14.22550096017467)
(30 8.185890684499686 -4.321366731270594)
(30 8.139627863495223 4.386592285036762)
(30 8.454564002749445 14.14071610777386)
(5.611025049493875 8.726182674286044 -27.5)
(16.24088321094152 8.512609314650216 -27.5)
(12.25829407625568 4.307493502952732 -1.859110093380999)
(17.0610333551047 5.512843914584659 -9.909578985733942)
(10.27255901968801 7.018300767218562 -17.87358178590348)
(6.04094772953354 3.029530150373856 -3.725858298649455)
(2.363060863004152 2.805558617999207 7.478645571489978)
(4.545463114301269 4.04053806254322 -7.124009138972327)
(5.581975413845184 3.449363971973066 4.775776924768246)
(19.62949914388809 6.646011174106901 -18.4125316367112)
(12.94498341278599 3.472708842774474 1.639001686384627)
(8.777603890351962 3.406577930112294 5.061557553329355)
(9.608251696196666 3.641188587321587 -4.281319247470065)
(4.713854543622066 2.27267955220424 2.122227261259652)
(5.233958501488538 2.425681379521497 4.065460858864961)
(7.115140673852037 4.572473608487181 7.688185984209136)
(16.95167462912915 6.33111690540252 16.61631765794858)
(3.11101842521846 2.619928580521043 5.47473499514335)
(4.763380984922685 2.746336473663713 -1.897678438586962)
(4.83022623012184 2.760178067685356 -3.50384569169883)
(3.111889407114919 2.436461198749237 -3.534057100988546)
(4.49671718730493 0.6679733530348377 -0.9588407944524694)
(12.03124023131659 3.181960596036729 -4.467423072598963)
(9.44506445178669 2.763974915633169 -8.098540842753437)
(6.190917728489681 2.292676581442622 -2.547162795937047)
(3.806043477634518 0.6891519850106317 -1.828990439034919)
(3.804224389068546 1.271566469456157 0.5590989757055671)
(4.609033478793027 4.137434603019162 3.018084335434491)
(6.0217469909758 2.977786684485595 3.245052306287949)
(9.430869158450712 4.118033958466102 10.79973317839931)
(5.256738822355284 2.851807193351451 10.92273674379695)
(4.378064309655538 2.279091583610326 -5.127646549547531)
(6.523705342166799 3.916310531495669 -10.16280375481788)
(3.008263894659287 2.956945364103856 -10.91933927928002)
(4.537013557701691 0.8660811307495907 0.9092889977826678)
(11.94325627060455 4.466242870257815 5.708725449091033)
(4.34705802497233 1.62398061385377 0.5247853320264685)
(4.413127018538448 2.310654356537298 0.673971390431383)
(4.667402516491329 1.694753166228215 1.394381533331474)
(3.550756621431484 1.274540237210287 2.391279115811355)
(8.401348292839598 2.746645334798468 2.654823286620731)
(6.550296438778634 2.571373908920805 4.304289834883852)
(5.042480513053334 2.421674875576879 6.046999994595395)
(3.6037271701111 3.121038974115639 1.875343152730444)
(3.805159800830495 2.26743835361947 2.336763184455883)
(11.39395014198337 2.864636851959627 -0.6616012474322485)
(15.39824236056433 3.746099573209885 -1.949463734223478)
(16.15389499465375 4.039854401821891 1.179862814659157)
(8.493510581959768 2.739014497741161 -2.276134588365641)
(6.884539950887199 4.004477549992686 -2.146202090237854)
(9.986268676210141 2.66430940945222 1.024356942931928)
(4.865380085732092 4.33395932842849 -4.339420790487487)
(4.553786234951135 2.288839329194382 -1.424936161218876)
(4.538340996653096 1.77455650784017 -0.9122243675988317)
(4.394482602336766 3.05558909367325 0.6025273289209488)
(3.738682780592818 3.312509155693626 -0.8565133885863195)
(3.729869967263808 2.301171110884019 -1.772388509244037)
(2.00945304722707 3.377754840045981 -15.90972712412094)
(4.461477047215399 4.070755410333569 -1.760539542484881)
(4.531377657307762 3.014108217284925 -0.9136941830107367)
(5.446994514539822 3.010576413610561 -0.9986458248658768)
(4.211561291865714 3.145959364710285 -1.683383235031151)
(3.564699237434946 3.189126852733162 -2.407970211999772)
(3.955044665952754 2.56634423705349 -0.2463160484988294)
(4.189652496026506 2.798184131006489 1.698905890502745)
(6.288817710910461 2.115490302611893 -1.035087211348705)
(6.098123595044563 2.01345511120715 -1.7168648447223)
(5.2227076814354 2.353892550185909 -0.8715075323345053)
(5.074850133165216 1.563662245239978 -1.044005903656104)
(5.454815905712763 2.297940338955735 -1.443002365375723)
(4.098095760947398 2.373026843043814 0.4938324291207524)
(4.289283283042475 2.247690784793814 -0.3297886064131744)
(4.308135489579553 1.511590323979434 -1.713477716393953)
(4.208239633832483 2.372095987429154 -2.553798289972703)
(3.84256189131181 3.038068484059128 -0.3615922941106049)
(3.86247725480954 2.267930631557373 -0.2306977265034653)
(3.882364630663266 2.396519215154649 -0.660258768901858)
(3.69287747354992 1.515722165607545 -2.639223535045915)
(4.237886649974545 2.880686133223175 -0.3432075353271413)
(6.075087837577677 3.382712221828664 -0.993839003179887)
(6.16873151534065 3.000059524919136 -1.627550518045784)
(5.135290454632822 3.38810125899419 -1.74121294262242)
(4.717300841283447 3.258045256730727 -2.523959390970748)
(4.160388781535859 3.906057930627437 -2.478232514430685)
(3.851262530888829 3.642873561597122 -3.43836772878756)
(3.919782068947752 3.350397962539748 -0.3657368647779316)
(3.946221237811264 2.830999974972335 0.5480832123399171)
(4.35183692560731 2.994372426646443 0.4070351779645116)
(3.876842849663309 3.642167881685611 0.5318150072457392)
(3.822365782985605 2.942055522747721 1.20385533837826)
(4.290124201804816 3.20042632655399 2.391597157482863)
(3.634830644477916 3.011619996569481 2.974632911453027)
(4.187206768699137 3.327498187655048 0.06621329538695003)
(4.60218196851476 2.901886027482855 -0.2311882541372932)
(4.316108601344752 3.476079009338731 -0.5063786710621079)
(3.951622306708313 2.867189211657047 -0.7595187613214853)
(4.702108693281536 2.551909311068711 -0.2450713985175167)
(3.819066383792094 1.725765131126093 -0.2802611388342774)
(3.888146275983278 2.737122674195415 -1.173527441587976)
(5.414980434293164 0.4930969228827743 0.6367548899051054)
(6.342343251577121 0.3266726950416331 0.8143492894367433)
(5.580005371054275 1.553530930164223 1.292616259168926)
(6.169054012686161 1.423062716303317 1.809022277375087)
(4.295172967631292 2.055255358544608 0.4612318143011686)
(3.947833254506608 1.715918044764693 0.4706555013753219)
(3.807637901758698 2.097664362690371 0.5072515158297187)
(3.836009958254064 2.257419781827905 0.8759546453016724)
(4.644720391223964 2.560889734970353 0.4699211359509367)
(5.15980071878985 2.56700128388753 0.5117452197454901)
(5.388349508649385 2.254515188670921 1.540254426824968)
(5.47542724115078 3.433524071070414 1.467068111753517)
(4.175501031469896 2.429058440218117 0.8878250607557682)
(4.352483322222525 2.277909403586873 1.325593952573957)
(3.847833813229686 2.445961073825506 1.245309043514285)
(4.573449612301975 2.880946226992335 0.4570631802831184)
(4.353839738449891 3.677693315704936 0.6737443157487502)
(4.293546493435647 3.282385398817808 0.4497780729281339)
(4.173611146049512 2.832482128437828 0.7852778567625853)
(4.765112778909746 2.184768181277308 -0.3436137318718417)
(4.245955846330454 1.670688515346504 -0.3549500616172843)
(6.109225564097274 1.61415237925088 -0.7296198398618027)
(6.112300321727854 1.335481187179347 -1.914241514455626)
(5.281753432613105 1.344689012155883 -1.776417623327271)
(4.599779292865045 0.9609998460408187 -2.471645752543915)
(4.481962777865158 1.36700803369113 -3.61225761070331)
(4.327904099018347 2.67306767236676 -0.811892990519326)
(4.659825386064208 3.356974168622698 -0.375085649722988)
(6.034059346622245 2.336862551198766 2.323248281232024)
(4.353330279663296 1.333495075544948 2.107107289943006)
(4.338535919312034 2.38340388919734 2.89656946872216)
(4.264921297543692 2.242238028907313 3.704274422797156)
(3.645318894178875 1.934680143638791 3.080431320113679)
(3.67851780843507 1.047234123189981 3.29300019026629)
(7.002522912883106 1.463735362083534 0.7013623735378156)
(4.713014392537365 2.181004716986193 0.5575161479206192)
(5.174977838369338 2.877204450665925 -0.2867274557102104)
(5.143651925640934 2.862666624845235 -0.6547540804087156)
(7.010299865554463 2.668401951863868 -0.981842076695093)
(7.831624096928187 3.035477448958035 -0.8813361508323619)
(9.848240657513051 2.991753793040392 -1.882297464537561)
(11.57596848566887 2.296089239874824 -2.307080261731502)
(15.18517562905412 3.446966819741176 -3.719839504243154)
(18.59118887665814 3.286618277298716 -5.865629146195907)
(23.90430834251152 5.534179100730799 -4.973059383667065)
(14.77703442425653 2.770214616131257 -6.279166317761049)
(12.2687321472812 5.119867134787528 -7.557030091855035)
(12.57174414714543 3.667637592040527 -12.45689081862642)
(10.32420038016432 2.203466963518855 -4.961262723043473)
(8.285633236440036 2.531632703924609 -5.08855801431399)
(7.429692570119828 3.722582649579947 -15.02342514749412)
(7.156911496704924 3.003016795155046 -1.699026168773739)
(5.875576788013205 3.453851644310309 -2.575418857299323)
(6.326712988218384 2.888833218348838 -5.326821258078344)
(6.828966838551746 2.148129339195175 -7.382212216676702)
(7.561518429532804 2.400141690744794 -1.14697361361722)
(6.746163601662618 2.442290256923075 -1.666013189838364)
(5.284751790100309 2.205256790327585 -2.419870200545763)
(4.695259172641922 2.857834883004168 -0.6151189028017507)
(4.347343346141292 2.861211081793269 -0.1773480972058796)
(4.143922705984966 3.136752351430945 -0.04518756556748852)
(4.182912797366224 3.84122906079629 -0.9916640781950659)
(4.244340230996664 3.217028370771432 -0.9154709346412888)
(4.207933797495661 2.821072661696252 0.3593688056593666)
(4.093834660412179 2.795666350252866 -0.217904569608954)
(3.907727273180568 2.999217642705473 -0.06569438227270229)
(3.948922355194949 3.216024822232756 -0.1308733858428719)
(3.997969587374659 2.985861138613453 0.1340205391713586)
(4.009712467625564 2.821920284930938 0.3526284879569421)
(4.099757582828991 2.708607117850468 -0.5001537495290549)
(4.361055813236681 2.893089386131838 -1.193091960952445)
(3.842102184996028 1.875832542528608 -0.7048916601019733)
(3.976209387485407 2.105320456211279 -1.177888582618668)
(3.842628471723772 1.330816149749114 -0.2793078901151727)
(4.914632583097642 2.827861179947023 0.4632607920898021)
(8.530738614058444 3.270562842498137 0.5233623403758625)
(11.31355746255668 2.587901164111965 1.33772395309443)
(14.35622155489464 2.694252990589097 0.7772771895524606)
(18.80736817959286 3.491224282061205 1.531934207890465)
(22.92337159811788 4.273505755246306 2.375184013627964)
(26.4323820045153 3.636613419924281 3.761591853509622)
(23.02761173102861 6.289142318201029 6.445052156254182)
(20.46582680393787 3.658294225362927 -1.548936621454329)
(19.43621303813336 3.504437507008608 4.955408840689043)
(17.38586582666588 4.898939177642169 8.125760138831714)
(16.27913919557859 3.079906243990276 4.392750472391832)
(14.71452529185178 3.786302224417153 11.60269262286377)
(11.81257166877063 2.760323075472025 3.061000257248443)
(13.07163715867521 2.897340769555033 7.821358035510214)
(9.870668021543713 2.674339104391253 2.551447018361938)
(9.205236995833172 2.374008480831504 4.31357068282716)
(7.82834029097082 3.994325226420297 4.390440857185448)
(7.887496050776599 2.168615384029438 0.6321652501016629)
(8.038538255528447 3.06594398235677 1.335934612228844)
(7.905713354275428 2.750605141321767 4.274909833949043)
(8.541693427618085 2.396661448838175 6.168942438169072)
(7.924750017120908 3.590434932280059 15.86820104217668)
(6.781714786958768 4.05095982517838 1.928252697168311)
(6.260688380044737 4.359629939294511 4.244720476869655)
(6.922805201559033 3.039239554218367 1.531784989326947)
(7.036813115334412 3.131865248446647 2.360936212503052)
(6.115279887445982 2.185222047485714 1.321520019087168)
(6.39219378127255 2.711901297440213 1.600106412068389)
(6.187499702544133 3.406771388089601 1.833765087150252)
(6.968971901633276 3.034335069759798 5.76661599194884)
(7.069194566950951 2.240314111570935 7.938075889547568)
(5.207250525405793 3.231328191142396 0.4414977406332687)
(5.271497615844791 3.767330592780137 3.590945696022406)
(5.409823108306034 4.494310481085233 5.982084801774794)
(4.683760223512922 4.061986425852729 7.90510358032634)
(5.11650034364547 2.846935088654461 1.265513463217365)
(5.297216148527434 3.297008817293838 2.295093505353637)
(4.76956401292275 2.994584194428542 3.124406380643537)
(4.628809066352742 3.391101913121568 0.4756322869477199)
(4.727778989591824 3.732106903969186 0.4173228682295857)
(4.697014700484553 3.289962911704443 0.8302734182427567)
(4.802483668262512 2.922794516428505 0.9674070373081335)
(4.558354049891869 2.513678025334504 0.906577309397536)
(4.368196275133935 2.809873411563867 1.15514625801397)
(4.381135580272621 2.829937695627489 0.3386800992622017)
(4.395752591880487 3.147732473430593 0.2022890686945932)
(4.286316338377856 3.279256608272135 0.7911134953497624)
(4.48179187191564 3.285897991394145 1.227310025310361)
(4.368624282526732 3.230520170003734 -0.03339727821835956)
(4.186041608035326 3.141750752247763 0.1759423296270455)
(4.192965500917741 3.068340898527236 0.3613462604041231)
(4.155369475789214 3.020097232880541 -0.2135294435770752)
(4.268591045367289 1.978289323657663 0.8144863923672899)
(4.701351023951628 1.758106716864171 -0.372944226580892)
(4.281649323278446 1.286221654967382 -0.2839601587110843)
(4.318490648007913 2.125050794513983 -0.7162248444531838)
(4.143200132837424 2.606431287743047 0.35265420099675)
(4.221388213226975 2.548686255832741 -0.1918634658595589)
(4.368765114287071 3.069409582651999 -0.1787923066520322)
(4.108206522233425 3.48040423888986 -0.1020289931024227)
(4.371043489481417 3.479484836758234 -0.1608517421386179)
(4.107298454848545 3.500539815001418 0.2210268729571029)
(4.186038275353581 3.241216661683507 -0.2749623702522149)
(4.102939868436825 3.058373367736951 -0.5252095647353447)
(4.3570246061794 2.621867758433751 0.3927942466947559)
(7.002532031451066 2.47996871176439 1.285988829279006)
(7.618913658488801 2.599908484771092 1.576964673219483)
(6.990318152134392 1.250952708841012 2.135037535643404)
(6.92675920275718 2.206590153247188 1.924379098734818)
(5.171282465578347 2.101372903901133 0.5076329048680689)
(5.31116210154308 1.255958617497276 2.011426562382007)
(4.967360276875549 2.528745959989887 0.8431215478041381)
(5.217968829771198 2.228068406154567 2.953105509842)
(4.623125081788508 2.151867600052379 0.9679961206293811)
(4.789955566024855 2.427384656379703 1.311324494879043)
(4.062508473846813 1.962897307327484 1.190291688478206)
(4.660247693235948 1.320354051155234 3.097145803821236)
(4.263950273183348 1.439575641747181 4.634427945147447)
(4.133689852436484 2.898793186013727 0.5121324731945641)
(4.352674401905078 2.815320820212267 0.5611686627780076)
(3.998791121867995 3.564718112602885 3.769935314487397)
(4.198406838048691 3.210364704482729 4.79820455608154)
(4.723629321725511 1.621857464255029 7.890787983019377)
(2.901880660444978 4.402950885650161 15.50332134204578)
(6.315785663316798 4.440564247506664 22.10595971477602)
(4.174011280944285 3.063899195377516 0.5899644809863342)
(4.131099085594991 2.676661841570025 0.5411006208383764)
(12.83305738181719 2.933673791647921 -1.160032033171019)
(14.3482352452785 2.257807419670782 -1.502442649015489)
(5.881483785663002 2.934229137792595 -0.2648817121600017)
(5.491826912514878 2.952568238265385 -0.2567552998561085)
(4.644362567454625 3.232182195835168 0.1270266201950446)
(5.623499423347389 3.460087241685187 0.4368431577120486)
(5.021245779224301 3.321711268100436 1.059636127465082)
(4.813621292353585 3.747634513076756 0.8336815871382369)
(4.555755651008603 3.096113278074744 0.3691290115175143)
(5.273495634532595 3.419582943484816 -0.318057667309828)
(6.010120198894477 3.408634909579102 -0.5089592656232903)
(5.00757066640329 3.164045592215206 -0.4440244523780543)
(5.185767088429261 3.383360184441329 -0.7130883630053471)
(4.798008380299894 3.137988833112984 0.3979436726176874)
(5.54791180542778 2.925763709066642 0.9988387391668309)
(5.02448739633806 3.042695430642306 -0.1815846688532923)
(5.085204818514968 2.557205384076966 -0.3193279863245777)
(4.819346309980131 3.049286092212946 -0.2080689420883028)
(4.763802571410909 3.232499250326852 -0.7596438715721332)
(4.588529723743733 3.152286660279177 -0.172788109500165)
(4.573195784386744 3.368587346861982 -0.07809707859691893)
(4.602560520570877 3.609983166310001 -0.1344338593730661)
(4.699849538788989 3.71105752404025 -0.771952842293809)
(4.75876295460498 2.464800802348177 -0.6767710805049203)
(4.701249334633165 3.070728049790737 -0.4156737103360531)
(4.857738668590857 2.847702258943351 -1.168699269652242)
(4.620544656344694 3.401966120339215 -1.229074370075227)
(4.424316436229957 3.269031712517777 -0.2661027641656334)
(4.414320844183695 3.033730390422136 -0.4641321424192433)
(4.409925607679912 2.673244558246526 -0.3317051162910957)
(4.416252254887715 3.466794338470289 0.1645809729041393)
(6.308911347094829 2.912138342880872 -0.3600329877557863)
(5.522377113900782 2.640830544425343 -0.415937232625797)
(5.159501397954367 2.074511133240489 -0.448157712392685)
(4.846947008107983 3.34675656328308 -0.1482028270249166)
(4.90389557137264 2.807853721904487 -0.1771105176219513)
(4.901110903428784 2.847034140510104 -0.3931519939916809)
(7.984003788380879 3.892320325703706 -1.15629141502991)
(7.873490094935419 3.613139179534396 -1.911155756884395)
(8.028120187145859 4.235517308749202 -5.268012847983521)
(7.422044852436184 4.930071126985703 -7.083469009291073)
(5.642061680017653 3.585786376135328 -0.810087881774578)
(5.221202631827299 3.147192199098033 -0.2030520961322096)
(5.145509130299527 3.594321724664313 -0.1287322739400874)
(5.086332416949124 3.325911824747713 -0.2201737765255403)
(5.010685845176545 3.232371745128922 0.3594447439869796)
(4.81348638960447 3.407403232255082 0.1557104763956946)
(5.137049628626612 3.490770740678531 -1.110997294767543)
(5.082733782018755 3.976999426155483 -3.172400387731598)
(4.776427786289148 2.947851392192085 0.6825231889696517)
(4.87779501611652 3.018249048845354 1.702691945324078)
(6.119513366705314 3.959134487641208 2.745020861400146)
(6.045696486600273 3.403414758266873 0.3918532178701675)
(5.504050870381758 3.284653202750543 0.9964249218482933)
(11.94803977484583 4.033818357900855 2.7230667068469)
(8.544451752534181 2.180275400732485 0.6256428502404408)
(7.120466765562543 0.6945909330352923 0.6235912476219125)
(7.048242541248014 1.3971666882923 -1.134104030885558)
(7.963791273894063 1.4132888814651 -0.8813089556996117)
(6.776001070105406 1.69559060420249 -1.574788304642956)
(6.357731242447998 3.27356699799718 -0.2978748833369342)
(6.72365579320386 3.252190099724028 -0.3069245670763358)
(8.639605816149954 3.185493699332362 -1.446064410343393)
(7.82734078460263 2.960457314815935 -1.47126636649838)
(6.889005204168942 3.149946226774464 -2.456390355293613)
(7.059768374878869 2.46050860985446 -2.918903774361783)
(5.446421545814511 3.278237012313655 -0.1955721850214776)
(5.268083778723237 3.5790296513499 0.17380683276169)
(5.235541679044601 3.684102886673457 0.8964091102379466)
(5.066726078013339 3.830061305344513 1.478656797968066)
(5.301144857361884 3.464724385214116 0.3903618621862708)
(5.681309166801755 2.484136478333474 0.7597954783675597)
(5.216655121195316 3.233774888255276 0.7502907548663387)
(5.447012651053341 3.251574345915153 -0.5035208080904109)
(5.026923961455137 3.557547640820378 0.1376047957382887)
(5.008310754985362 3.457745017222632 0.3580826351883271)
(5.003766164996665 3.517565684495966 -0.4554203902058339)
(4.952212889900465 3.135981924711578 0.6432784367853684)
(5.004379491102569 3.425775968246514 0.6079511914198932)
(5.642537452725462 3.775589910870199 1.069571061960327)
(6.488396866723448 3.394676396390969 0.5046905279362972)
(6.425877985956891 3.306706018890933 0.8947111443033905)
(6.371962867297041 3.184215147267679 1.313141515017179)
(5.98383939800074 2.953483944268517 0.9292891992918547)
(5.910362809243963 3.322426890116635 0.7928562233610943)
(5.994085123115405 3.43008516164047 1.165862976420391)
(7.882974635954318 3.223145843125881 1.977088582290089)
(8.38910964460673 4.794015156360217 5.84294612905282)
(7.030152076641319 3.648406159953755 3.386979485220622)
(7.215139125123645 3.344352600999566 -0.3804588902757624)
(6.729991612802517 2.794255686765685 -0.390070533293879)
(6.361386559650736 3.211022362786149 -0.6273922485541609)
(5.839273794993654 3.461951027985196 -0.2027171132745415)
(5.551111924684099 3.547954233167023 -0.2406830894616649)
(5.726879073463722 3.198718460013946 -0.247416529137275)
(5.879368196246334 3.001611380523085 -0.6414196214135247)
(5.829324007474357 2.447356255057189 -0.8407688162299949)
(5.774899061668131 3.568341777182849 -1.509330268143801)
(5.401513817722497 3.621793166594743 -0.5429252110249463)
(5.448596003769007 3.276297969457874 0.4022334860247771)
(5.345337954469479 3.032013526523392 0.3629308752156123)
(5.372807598668403 3.451142538319951 0.6294628825277654)
(7.196644349563124 3.656791046292965 0.4710422269016301)
(8.570132518587668 3.752478567482532 0.5903230617689424)
(8.577284630413347 2.999773233798201 1.539926493335292)
(7.726510459376385 3.918820301490823 1.862046496798914)
(6.303336042510178 3.658132491675499 0.8357315551162607)
(6.319623653628581 3.76258070278497 1.274967599813902)
(6.264268130345967 3.441134434004507 0.3609703243757793)
(5.783191331216886 3.10993594895266 0.4521675580563467)
(5.829697015356953 3.454917871302901 0.3502577649113629)
(5.849097852502699 3.485135649877152 0.5572084214710791)
(5.621217908212507 3.326405017236065 0.6376365827205804)
(5.622839072155429 3.618666811782315 0.7153375262909587)
(8.603640322739658 3.845876028150505 -1.004940263623302)
(6.855262603798908 3.655441948214658 -0.3961769723859297)
(6.775489248167983 3.826137450975401 -0.8065955710692566)
(6.352249723204934 3.62686440870814 -0.7838084753735749)
(7.245250219924249 2.842049294247644 -0.4730279489911998)
(6.85449257783853 3.286998942194522 -0.7168354280976127)
(6.680731939228168 3.612320922590829 -0.1919234258543638)
(7.156085092709748 3.6582060211881 -0.2674600920752264)
(6.295196999949709 2.442988061615353 -0.3947523890974835)
(6.401658055391763 2.766660244609972 -0.8438458885429799)
(6.27317153893945 3.480894662663778 -0.1936883433841033)
(6.066582062918052 3.634918923650225 -0.2612382662455419)
(6.248913683841584 3.587046756912116 -0.4721208781748025)
(6.424005166000202 3.689844949346472 -1.216644016621523)
(6.651262643580144 3.208456639297337 -1.129821101492787)
(6.081000215964719 3.176345122969927 -0.2534230007791082)
(5.939542981309669 2.599120922523997 -0.3659777919512133)
(6.0576903155177 3.429997974321059 -0.1652614151652057)
(6.13895840096648 3.526906131990943 0.5993780534931886)
(7.639026017726584 3.733621623909052 0.5045644392108996)
(7.388114665884714 3.648047164930234 0.8680473580399363)
(7.136335016581485 3.355998326105318 0.7468437075145129)
(6.855130731900486 3.272860083452441 1.069783208169025)
(6.728778418997439 3.645798776245841 1.330876849600341)
(7.500540080509565 3.804515957597836 -0.2739063255547338)
(7.594406573904663 3.669826437254582 -0.7258689446208825)
(9.690591153446565 3.971094807544403 -1.974789536693078)
(14.05896364791244 4.687044773875437 -2.044833943756299)
(10.01830187466695 4.137878311919663 -6.285689567521501)
(12.68786194479041 1.97400284361492 -2.08078556801923)
(7.784592713583965 3.972686275268743 -2.477418003058486)
(7.311138156073415 3.898981887585832 -3.525061215015473)
(9.667903489788776 3.178796039397493 -1.126305661436158)
(8.709183247039785 2.260453407202915 -0.9015513110262102)
(8.63424849157035 1.543833131419277 -1.04910703592443)
(7.460172947328829 2.300500050025835 -1.923276160957058)
(7.785829776507297 3.065614468292346 -2.574650730317039)
(7.167158012968376 3.696544855323069 -0.6625631509313453)
(6.525351373815438 3.42074123974435 -0.1918800465202961)
(6.533897883884307 3.506086690565839 -0.4506869212010264)
(15.29739304747375 4.304993024495997 -0.4835935121564269)
(10.22763961438692 3.146068127130082 -0.1514878887759732)
(11.61923082770713 3.237147117001281 -0.003514551773075696)
(13.4616594284677 2.579268907600157 3.117065727434371)
(9.4549674381985 1.639522359657025 -0.1367621460118091)
(9.694685592541997 3.345839186736098 0.8785846467470052)
(9.29742557211704 3.837164116057476 1.321254216203172)
(7.104638757474505 3.727601877210682 -1.365882678049888)
(8.68661801662606 3.587539367722366 -2.420853527255603)
(23.06960148911108 7.073098795346322 19.57790401988809)
(8.038216312539163 3.308241471634866 0.5143428834825259)
(7.651033635239918 3.239046899119326 0.7217779620115582)
(9.573144306046451 3.211095945717831 1.752545493455868)
(11.84274921292695 2.36034444674297 4.949188560682729)
(10.31714988383673 3.141166441896335 5.786044055931794)
(8.74720313705263 1.941968695976359 1.682726786060387)
(8.7742023849822 3.189081158274077 2.306228963375219)
(7.861798216791626 1.441558959431702 1.995211315960594)
(7.816737149671282 2.273471012940086 2.350414602750778)
(7.745966104080097 3.688618407436644 1.202891000490787)
(7.722302281830721 3.252374052003957 -0.3971792341866384)
(7.319727686744053 3.243345447924705 -0.9863001207414636)
(7.875121472635178 1.530564324693474 0.7313103155973161)
(9.459680721752195 2.269326197026328 0.6911203050981028)
(8.629595644429292 1.543913277071391 0.5904802998239953)
(7.437572534301343 3.064268796529682 1.15261329649579)
(7.246891307084143 3.633728102253934 1.405007943351787)
(11.25535622880217 3.902766136557499 0.01945730600705166)
(11.24078790890507 3.801904370753875 0.6982108954237163)
(10.43523059881984 3.25491138370987 0.9298505669355094)
(9.530106471722057 3.801058701391682 2.238182566192329)
(8.045195525687136 3.723881783317398 -0.3638495618952667)
(12.03224160214749 5.953048432641971 14.36021271621859)
(8.372338141034497 3.388465789100682 -0.7529948412258014)
(12.7283656301019 4.232097349809033 -3.385628028309733)
(8.560130588520424 3.820260910683131 -0.4349092722837104)
(10.56733086217457 3.910336684863116 -2.009302292524635)
(9.760071018815498 3.782346866704912 -2.885901173912627)
(8.718711949416376 2.266868058477326 -1.705016351933228)
(8.564122968995308 3.79663693491129 -3.461440398074713)
(8.759191980973432 4.110892118745921 2.840140127346913)
(8.680617466574395 3.953680557572354 3.595220599313111)
(25.97800333657774 3.665805542656011 -1.076811710368098)
(11.14727756068073 3.916997095241842 -1.377238011298207)
(11.05506085466348 3.090163039217694 -1.303389225283527)
(11.7902820239101 1.810699671006579 -3.469827212865614)
(10.28436338127954 3.268646395145974 -1.235913086338056)
(9.701437013588256 2.103710657517118 -1.000876918940969)
(9.465589899508549 1.38949155209828 -1.176853333977105)
(16.88534211643512 2.53583396694054 -1.245359881154449)
(14.65552678466833 4.17195829370688 2.265826253847107)
(14.52128344504792 4.649614404602157 3.987845739936457)
(12.77187103127583 3.975882876922616 4.273021488878564)
(11.7192460827062 3.086572420026628 0.9259527391552559)
(10.52057011877035 2.439388771856789 -0.3735492378434566)
(10.43624982285069 1.464247285574796 -0.07013313993300396)
(10.64807684898399 1.883974702435328 0.6039699671521007)
(15.95292318861741 2.01467818632982 1.639297422560605)
(13.78553097894727 2.481898619489827 5.132964472099935)
(11.26353360270116 2.261572354475223 0.770581665174448)
(11.13601390514683 3.143244763593098 1.940288831755539)
(10.95674343390982 4.036915897317189 1.679284890812276)
(10.51821860136579 2.727285113220067 1.791673265956081)
(10.25543670361351 2.347038195868072 1.471462238573008)
(10.32872599400456 3.86141358899665 2.30891668163702)
(10.08211025304264 1.050417791873349 0.7308763016409677)
(10.10443785985333 3.651274696470213 0.8356041276346661)
(10.42196120941273 3.739847593323638 -0.3348661873564564)
(11.26661499464696 3.495056226651821 -3.119547227845978)
(11.35429015888901 4.271084462563587 -4.996904940777914)
(13.32631716737833 4.474416099721421 -5.241937489163462)
(12.05524124686469 2.365418496008822 -6.150265250132902)
(14.08179900948686 5.393822365892049 5.990569849302149)
(10.4131977600031 3.413616541656264 0.05819123272043705)
(10.10220536162223 3.63805440873305 -0.712498470739348)
(10.31131218014816 2.536052818241166 -1.158338874109718)
(10.2317832049779 2.310215903982936 -1.970098755739967)
(10.41720210652697 3.150592402424845 -1.834181736360449)
(10.36983609252086 3.038660313369329 -2.505964240159615)
(10.0523896570812 3.291138757855361 0.6526754783801394)
(10.37524760482102 3.496991052691202 0.5906867714108281)
(9.378352717455941 3.396487354487336 0.6384866741796371)
(9.671972228676172 3.337010224060674 -0.4229879028764134)
(9.404521062669124 2.354961385714549 -1.747861727992813)
(9.318864311526456 2.885222031897418 -2.782963542796987)
(9.774667497536665 3.987831053758319 3.804594433639267)
(9.777056995826294 2.934935000417795 0.5402093563939219)
(9.681294176286853 2.262046328262285 1.747164383748416)
(9.537495499173124 1.263465013186481 1.46053902956991)
(9.793554551512225 3.735059502560564 1.051317560729323)
(9.497428977529186 3.063329605047865 2.379768401670318)
(9.124958320702129 3.617012161980012 -0.25261185122681)
(10.13377097228983 3.369076639220629 -0.3466999047966735)
(10.91545264795802 3.326085510862514 0.4190998490105864)
(11.28434496815334 2.257815984118027 -0.04057602107859823)
(10.62243004019437 3.82536917670453 0.9339379922783591)
(10.1754277983332 3.464754620631749 1.271269537360448)
(10.32284153808902 3.014752078788552 2.408021596685045)
(9.363286370647655 3.51785121383142 -0.4676220027980924)
(9.805784933681879 3.600166105684928 0.2727715292814796)
(10.33693277982625 2.928375627030164 0.1301333745639225)
(9.973456836890492 2.559652000948747 0.01888957226431341)
(9.647085205126228 1.910065794816988 0.0495525549736151)
(9.884104614140332 2.486819539021065 -0.484589895682034)
(9.677126604485386 3.003034470887679 -0.5672524434537419)
(12.82672559331321 3.723893226834857 0.1218448158517985)
(13.8281569783895 3.593471098346677 -0.6247366893191709)
(11.99054251138798 2.511092986650838 -0.507767495121684)
(11.96124678374583 3.450250762733565 -0.8751246851333734)
(10.52049849127223 3.306838716133357 -0.4406047572761891)
(10.1361682693112 2.886856965760905 -0.4162113883074812)
(10.04970776137565 3.225219156456495 -0.7302248245451062)
(10.88206515893024 3.466479685943743 -0.1248451380108478)
(8.945793747220753 3.378012977982939 0.4776307024267574)
(9.001502583087323 3.745743181060403 0.8948164859871309)
(9.225305990970725 2.877133643427839 0.4260402709970011)
(9.392879539578047 3.414025310093614 1.164700034778031)
(9.440960294692777 3.771152612921973 0.8804733311288712)
(8.856244330202276 3.32304415660176 -0.38785960126743)
(9.018581228935734 3.368766185138461 -0.8704149805866205)
(9.428530013134043 2.39893731444058 -0.6034428892739692)
(9.390770825019414 2.974696362236943 -0.4059969591468577)
(9.391824655287447 3.295856831043384 -0.8567789670917738)
(10.20871604945084 2.906405909049659 0.589345391702179)
(9.757721149251147 2.32771665752877 0.4497307493187085)
(9.743045912398216 2.963136250209299 1.069811138088886)
(9.802312143835325 3.273754961653943 1.365796139786114)
(8.898796370271915 3.683113467449606 -0.664345085870197)
(9.600865754271375 3.423199109850067 -0.1811214898015085)
(9.63316848579483 3.628343924433647 -0.2447534140733636)
(9.858899724070499 3.688181933484669 -1.329365453566019)
(9.745630306576139 3.726461135548543 1.589708849242762)
(9.440162979632468 3.856834003964854 3.030951402944653)
(9.971614121769605 3.214787774898873 3.172723247710397)
(10.07538193780398 4.414239049162442 7.833374183929319)
(11.03141006567114 3.835644012719582 3.977794967732366)
(9.87774826639545 3.309582118818386 4.388577722915904)
(10.08364185114303 3.633933031511535 -0.1297173444159772)
(11.13739639868702 3.394202627801045 -0.6031685286429056)
(13.34277544379671 3.38910897180328 -2.176297872833131)
(13.33578672534824 2.359193928146142 -3.72624079170632)
(11.78090542844705 2.475667869407058 -1.439459114159456)
(12.14902971659942 3.167154397044745 -2.17042000870265)
(11.07721058597704 2.233402716848986 -0.8559241181196621)
(11.11376405858037 1.447554156434732 -0.5654802254064161)
(11.52503332148323 1.350947180615738 -1.7760488729475)
(10.9101744899356 2.384050107129091 -1.76095208209914)
(11.13225728025273 3.025887313586472 -2.145362132671222)
(10.49335677196516 2.861390549875241 -0.2305816686738271)
(10.57557664453344 3.637554167450422 -0.8255057582944508)
(10.37810626491668 1.379935310985374 -1.327262802333147)
(10.78104347620918 2.004402350009123 -2.614033535919909)
(10.21493970050801 2.597485768596488 -3.444131585616679)
(9.810483605705695 3.495428446049966 -0.02795304355206282)
(9.880270458870298 3.571325263825936 -0.3216547280853758)
(9.373111837195601 3.334725029392116 -0.2143206359356728)
(9.446462481425126 3.59362274165144 -0.1773076464080065)
(9.746512655424468 2.107742717341892 -0.4567922452177253)
(9.826267352480221 2.229443150575313 -2.63764269075682)
(9.743477034372532 2.73029710903851 -0.9056951038933161)
(8.405796255240407 3.331127357556587 -0.3032702996368286)
(8.831967568544238 2.869345476566637 -0.3519101652922758)
(8.715838533394336 2.503629391273857 -0.2628962987937887)
(8.810989693193248 0.9770722898943712 -1.402068703983199)
(8.918053644232003 1.721048616816527 -2.225943872130384)
(9.357466038125901 2.89437843102049 -0.7791153603562773)
(9.369253550769502 3.44224195568661 0.3721330023528654)
(9.427057576740582 3.67547071571436 0.398372056242659)
(9.380621445625312 3.51556984320094 -1.149084778746323)
(9.292873904732202 3.286143003193754 -1.788087429856433)
(8.315435519428915 2.761190190273341 -3.339312263092873)
(10.05384753650784 3.574207919264663 0.1559958939525246)
(9.55676124153263 3.434652147390734 0.3937834646032105)
(9.673550637971118 3.613236727414803 0.6080820037228721)
(8.954494260588479 3.048102345861001 0.4318118519939333)
(8.928853105203403 2.491245517054779 0.4100137668915207)
(9.269004907614013 2.518343457248283 0.4829006267733975)
(9.327185770617334 3.062403960182532 0.9283720188264543)
(8.618140976418704 2.908944216109757 0.4771465533741538)
(8.405395614939794 2.517876211849004 0.4972966816416197)
(8.954427401707878 2.825934631311513 1.188944689004135)
(8.855579964459857 2.410803319692923 1.04323934129628)
(8.774513343120203 1.364950630520172 1.438245307149337)
(8.747193791994526 2.280424479668689 2.392455201146597)
(9.346516016528552 2.336289972302361 3.048998660709783)
(8.903075851959464 3.193648926687667 3.073963225090724)
(9.398138412228967 2.041000008810741 0.3734743896312518)
(8.894748173926555 2.071383213266628 0.4619590063270628)
(9.27782664296603 1.657789315500616 0.3541624566483124)
(10.38380965501619 1.344025666331467 1.488407030096963)
(9.258694165420128 2.405584787212986 1.126096978934735)
(11.01469768408791 1.906677410865746 1.632735702942338)
(9.36276356381989 2.287721144021339 2.278045221261829)
(9.388255705129209 2.902440781297404 1.318348962162946)
(9.791474001511791 3.291757981245918 -0.1456365144244647)
(9.673095251334422 3.481820638411506 -0.7411524449564204)
(9.156794946350988 3.118975039802929 -0.2519631963423839)
(8.895908854840178 3.251913832870279 0.8085839297582358)
(8.908950249245091 3.33165291289864 1.253982511809361)
(9.195215573784807 3.508323343449266 0.4189036442560841)
(9.420581004297121 3.26752758886871 0.3563572996111712)
(10.03727206530527 3.341112760450311 -0.0569068983819894)
(9.977001372393614 3.042863242683636 -0.04609651997750218)
(10.91841417397638 2.926387867081389 -0.1493391475254134)
(12.87380671143882 2.594103834573878 0.1546322012363474)
(12.25933293553223 1.504675290267269 -0.6175883984123498)
(11.92945923786283 2.268523767040632 0.3947908168164048)
(10.74533895994467 1.941523206241951 -0.1274881328122296)
(11.31994213513613 1.379526794209669 0.5255093015417813)
(10.54404254301801 2.505400560173663 0.2753153867626887)
(10.47988740787962 3.089649237508067 0.5154667418620821)
(10.08315214821725 2.119373675887709 0.009148316657711207)
(10.16325391889733 2.391739035185287 0.7099125416430759)
(10.6645701966986 2.946023746241979 -0.7435331024107993)
(10.32099244993447 1.996059985931091 -0.6335425005972997)
(9.729833442254725 3.067377923260921 -0.06446709274343206)
(9.801464555415714 3.297730525193371 0.1288598962149661)
(9.562941267209746 2.877469945188286 0.007563569495386602)
(9.497855745717333 2.576342633160284 -0.181662345605284)
(9.822404513280373 1.821221215646305 0.5558791426771389)
(9.796263433807594 1.704919108798225 -0.5333273213497693)
(9.862745111700541 1.281688888268928 -2.395640110976535)
(10.31420421815959 1.324805698041717 -3.538883295699161)
(9.632817269177879 2.909786887871242 0.3439464827278649)
(9.600842695905991 3.104420959204871 -0.2445117050249161)
(9.62821343354838 3.200957849059637 0.3962949594105352)
(9.350191392052453 3.1897765035031 -0.5185547008833572)
(10.07475363569177 3.532622568524431 0.4483288166410714)
(9.840560678283687 3.372180771305914 0.3816399303388432)
(9.101409688724482 3.343035885164312 1.758133752913081)
(8.950119576892719 1.695648957879188 0.1469398996029827)
(9.764128154592344 2.807048263518971 -0.2081683142406603)
(9.71381962948378 3.076006301008006 0.1531888698133224)
(9.846376834538532 3.10969256316714 0.4290572810397499)
(11.05506980448489 2.793476044780041 0.38223451264563)
(12.7252016281498 1.215279872591823 1.241963099421659)
(12.01139724035726 2.328357710324259 1.616096111470636)
(11.46607784850124 1.307433766730742 3.136240788168352)
(10.98867349240532 2.344571381459479 2.422611978352589)
(10.6758565790984 2.716468047137917 1.008064631292441)
(10.0376086947513 1.279964395342135 2.448772646353452)
(10.1358168160593 2.163578669212773 2.161413177437559)
(10.43389170849742 2.294438500142274 3.036815941470172)
(10.55296262054071 2.482837573108525 4.039550681096689)
(10.12643313894773 2.939339632173187 0.8998870310364114)
(10.17480175110476 2.958660593101885 1.341149777367403)
(9.9071652273794 3.114603050499906 -0.303043085306642)
(8.528695456264247 2.970375496950104 -0.4291744988025035)
(8.912836802655885 2.966951082104806 -0.7514316650291177)
(9.383671379370623 2.001481383818687 -0.3424699420947808)
(9.380160216681057 1.435490257482022 -0.4944441042895474)
(9.385628690811815 3.067000898825463 -0.1728325491380912)
(9.764805856272401 1.733137989658688 1.103073244994102)
(9.729722151453016 2.29754643710233 0.8670317497608505)
(9.773848703691876 2.40029528892877 1.308680716572772)
(9.673916391429671 2.739114648526324 -1.34441008331044)
(9.227549149511017 2.970234875174469 -1.200078451918765)
(9.440888546816257 2.813783107903078 -0.2449300035009876)
(9.4005138486192 3.031791002027173 0.380514930720002)
(9.207184399717409 3.236923664291394 0.3805127192602274)
(9.457631716013479 2.811958407139924 0.3534517235492979)
(9.395383715766092 2.655176189533835 0.4085508332591999)
(9.272980300575473 3.105980357742796 0.6035296051346983)
(9.597478603929014 3.041992062398196 0.6634820885842199)
(9.846366429324542 2.766656847330351 1.77922740131286)
(8.058014403070638 2.512140635516817 0.4614273410904249)
(8.524086401738991 2.12646194529528 0.3590979123459002)
(8.470769387756384 2.211495900043714 1.10208334737523)
(8.493612370046657 2.816695786686166 0.8818280958572822)
(8.775713639125115 1.74406889567418 0.3859030531749832)
(9.030176158197559 2.092155240352858 0.8597051159688801)
(8.818264443724244 2.396183417713574 1.426843889423885)
(9.199254088413321 1.368395722925709 -0.04611633259145462)
(9.451404850522593 0.5703540016237867 0.2391450034721239)
(9.361808913862481 1.959135499186937 0.8208821911211118)
(9.212998910388984 2.858711024803817 -0.191653796431464)
(9.481871190183579 2.712908875625345 -0.501475901845694)
(8.434741669258676 2.611798653602886 -0.3048845234281171)
(8.096749662383225 2.906190058139784 -0.427314547501753)
(8.420405658609841 2.653331018519799 -0.8664974484749965)
(8.985431217635849 2.737469344093546 -0.1865425927545946)
(9.031852525022547 2.03281230553997 -0.364265039766773)
(8.789193289021053 2.541984759907922 -0.6282856403249275)
(9.205439824871178 2.646104774108287 -0.1686281263365202)
(8.921404441750699 2.766399102274411 0.4119940711031757)
(9.18482518364215 2.866508448041763 -0.4595103943794667)
(8.445703347375851 2.097729089003334 -0.3254172303703593)
(9.051673252017382 1.695498819269307 -0.4027769811372656)
(8.79819400276949 1.704978469554011 -0.6648305704951785)
(7.593343836923263 1.522399799699317 -1.695141567481496)
(8.966771018215088 2.128298815249175 -0.7117794603498219)
(9.15097719134245 2.185937751220556 -0.1327993377178635)
(9.332367595784893 2.005555510264509 -0.6654458299596676)
(9.265410200801476 2.389862204357537 -0.2702041139052138)
(9.153999196852711 2.61189776950653 -0.38611844364402)
(9.133222789350238 2.63020460467302 -0.6498774386116303)
(9.193310316521808 2.461260618570812 -1.007932794658067)
(7.958203659980149 1.986175501082613 -2.520658608540767)
(8.964832741322711 1.93872188601171 -3.453536593399368)
(8.055783132071582 2.408799662878084 -0.7958584288308165)
(8.782776007712783 2.54415339424268 -1.208547645852128)
(9.151674113628578 2.634622262092407 0.3612509468303982)
(9.234260156688512 2.753966343744182 0.8352784121869093)
(8.971971828967144 2.905683908883652 0.7162010305114335)
(9.169496734960347 2.586505650178992 1.742806833795509)
(8.019516480702565 3.212409950829534 3.129952469120451)
(8.966904251358168 3.245439916236646 3.919078359525107)
(9.15838892303829 2.201399076882546 0.3955019188548412)
(8.510295970961465 1.238634492097945 0.5280195089247087)
(8.402788852910923 1.622191959061291 0.8587734541189396)
(8.785561138430314 1.355947849971668 2.385628086742376)
(8.282115915854716 1.304977868178474 3.299202455345023)
(7.918623314720834 1.45320632700992 4.502488845192701)
(8.342860544076673 2.338675718421288 3.291818444552966)
(8.7578202545658 2.203706031607634 0.3963898863768388)
(9.002452000533536 2.047160984206836 0.225144052100699)
(8.877789342018593 1.286499405074754 0.3326191457831061)
(8.915865237019512 0.8186083011002236 0.05175044680640739)
(9.399157782813914 1.189555998114625 0.4274256351785143)
(9.374667275026008 1.473280459430429 0.8789471793712565)
(9.645845953341876 1.42204915476533 3.688914487796594)
(9.914150239698715 1.262280347818365 5.045598366601399)
(9.008440240953039 1.000437168703241 0.8170461772867996)
(8.936746264705556 1.637123920471483 0.8449031561937761)
(9.57931471014556 2.699598214028025 0.1510695615561697)
(9.114636174849382 2.414539789955249 0.4145502525800371)
(9.150308068027112 2.628482548591303 0.5948897367808306)
(8.668894088497053 2.605150884197777 0.4285950529847015)
(8.122964528682621 2.860842111088622 0.5015074711857765)
(8.843352946737562 2.652277157487303 0.6227242553329264)
(8.963657492387739 2.635172389237384 0.8699780382460698)
(9.503719669498574 2.441329668828343 0.1490099682270239)
(9.751338263635283 1.24610030759119 0.01769903125751258)
(10.23793167090934 1.949578987578745 1.049926248722057)
(9.867399240558484 1.833963638151036 1.579907771326518)
(9.230214923912088 2.244355602173491 0.1429744304218936)
(9.352685526762045 2.396113988132365 0.3755942978112086)
(9.21642467795342 2.381690571352962 0.5802317642641026)
(9.237979039095531 2.158869569371967 0.6042440490582375)
(9.303274301646917 1.939016193343577 1.322985009947606)
(8.866239011892779 2.018976170915356 1.172007774489183)
(9.386986803916569 1.797936040362714 1.878271382605442)
(9.194576018024298 2.384383438570024 0.8001965923098621)
(7.901386046310036 0.9329746912272451 0.2572934844218137)
(8.057826766657465 1.59878414182263 0.4393953774704557)
(8.02861381519916 1.672673348098014 -0.3218956795967676)
(8.200844031180072 1.751904984167777 -0.8070400708110286)
(8.466080356335919 1.342023442964304 0.1903498656197141)
(8.370953349640656 0.887556092001611 0.1421078917701804)
(8.371075150612779 1.276924363756482 -0.3581565180305883)
(8.446648977948175 1.580134408636635 -0.3092790662287894)
(9.520024455628917 2.259475125604677 -0.1498844037851348)
(9.217466519790205 1.868051880991662 -0.03935473551430787)
(9.979192183129751 1.216471986894142 -0.6031419297447077)
(9.427005190674517 0.7551036325448428 -0.6480138477746753)
(9.198488466677603 1.668659560302179 -0.8499242800674486)
(8.53250104227155 2.196693875958058 -0.1934865717796234)
(8.030864291790991 2.127290661424194 -0.3404360190257039)
(8.367369538903342 2.111258620160947 -0.8080018413906865)
(8.079591409395148 2.490158961037009 -0.3276579709134409)
(8.76811031299933 2.249952408283083 -0.1752238631468566)
(8.983905600856568 2.418819461256092 -0.1875682758982253)
(8.929080266828329 2.008493589105459 -0.09549355629482421)
(8.865779447746485 1.190929749304495 -0.3326313886630961)
(8.956859493402577 2.193970516668267 -0.2310666158680404)
(9.08716239262059 2.322031431573562 -0.4396437700767157)
(8.988482520092818 1.956956363647499 -1.22379329912712)
(7.648000112391519 2.124463447901911 -0.3292821559871324)
(8.109511127117933 2.073860064634054 -0.6500761737976489)
(8.801040253543148 1.768407091381877 -0.09948236005237937)
(8.785608801294417 1.981159326752439 0.3563170208580666)
(8.761077821433513 2.057990992667943 -0.2640607312042771)
(8.844584695476669 2.23623925644658 -0.4052461334713638)
(8.987487716992655 2.22304829578231 0.5498785849839036)
(8.76979287855003 2.248970207547509 0.6288298665621814)
(9.056516205158708 1.931525374639069 0.5233895214708808)
(8.57784829667035 1.684955314893992 -0.1548374518101917)
(8.593573801955456 1.950817843864846 -0.2737321746388629)
(8.810126006819001 1.410780963717421 -0.04520655890763502)
(8.64822639227984 0.68042609316993 -0.5488064137421398)
(8.85602510976849 1.276625314400647 -0.7245516934228416)
(8.75599359185111 1.914972593902498 0.1457823884032054)
(8.790039942031907 1.816058213831145 -0.3420563827494119)
(8.775911331274466 1.971444182495936 -0.5068321093467301)
(7.53808355221345 1.785856919705767 -0.389184912526381)
(7.289621996680729 1.64822143308667 -0.2264833629812181)
(6.868651086913923 1.620972111302242 -2.428425415764541)
(5.765622604326363 0.9980289865911696 -2.600537895553859)
(7.683734600495782 2.084006526049559 -0.7052241612996697)
(7.965852165365227 0.9431429964984539 -2.342749077860735)
(8.130050498628513 0.7699370541802013 -0.5050146725856447)
(8.36117913201635 1.755429652645164 -0.1934276096212057)
(8.375566790614393 1.964596601902572 -0.2044383375483179)
(8.577194296312037 1.41764188319785 -0.1489465232208089)
(8.274265180835865 1.241257596284829 -0.7664103639953989)
(8.711373729056371 1.532532952799283 -0.3719981386621408)
(8.597220799903592 1.962077108758596 0.4157004100492541)
(8.560232685154364 1.977578423107591 -0.4933493515463288)
(8.530040746381903 1.779526732943253 -0.4315190748292361)
(8.433688626454932 1.603850381129514 -1.642705985753111)
(7.404044471853553 1.75639958003631 -3.797813833394687)
(8.555696318998924 1.902210454184814 -0.7387213136065294)
(8.454232265141957 2.079399408798156 -1.176802177502126)
(8.297272583171969 2.211726903023132 -0.2805609452481786)
(8.568421990107653 2.3612955421038 0.3750474478279056)
(8.549603618618907 2.24633371590693 -0.5045488075427991)
(7.591184087469314 1.677255417363388 0.5699249096083367)
(7.174859599225908 1.7085556460013 0.4506046481200975)
(8.00874660591554 1.389933432783656 0.505756567538068)
(8.097773023724763 0.8150792903396501 0.5709429917707607)
(8.004714377931814 1.72528637431924 0.8980774002519822)
(8.1348068272974 1.671585254131217 1.269453949978276)
(7.02430692385827 1.035409306629937 3.311044713117719)
(8.090384396638854 1.968836075587271 0.3881924981405358)
(7.527358657899094 2.011157380711462 0.5060869699712827)
(8.352139386423548 1.968757155888031 0.3533513236128952)
(8.585956327452388 1.644532006062871 0.1477317853587798)
(8.542587586888128 0.6545629603648013 0.5809748071291347)
(8.431885119236693 1.217607946370451 0.9376981407179159)
(8.537717215404479 1.874953261977313 0.6322129517368397)
(8.791480431949264 1.988258430430523 0.6213210724913468)
(8.658642264419949 1.910034210106467 0.8731985975931124)
(8.56054637216363 1.740568875042025 1.156559352352224)
(7.617424469760499 0.7296761279015508 0.1604222064703539)
(7.657978603840548 1.273992702502756 0.4025754220362674)
(7.709965666971637 1.174576178057463 -0.3048080988658404)
(8.184869494055087 0.4635956248354516 0.1100948785693382)
(8.109677051355819 1.766890247537959 -0.1854614162828846)
(8.364126428354755 1.518398414755271 -0.07344578784459858)
(8.517643868945104 1.120847772663279 -0.09461148353190944)
(8.30335821558357 1.557164472420316 0.1236296426808795)
(8.427499252173654 1.545777724274535 -0.5931916945150681)
(8.238784756493981 1.775416520567306 -0.4346985347535812)
(7.259643995498516 2.153555493079121 -0.2646453982261642)
(7.244051186089805 2.260795843067581 -0.7041492303841471)
(7.644722345572698 2.546458639771707 -0.4399417818360449)
(7.916676308756238 1.754000824099513 -0.1747995288998309)
(7.714843996585054 1.851780916101821 -0.1891183392496165)
(8.18006481157671 1.980928030604682 -0.2100496561323424)
(8.202365320806386 1.565024511090404 -0.246990617145904)
(8.187111970899116 1.758406186979036 0.4184748269481708)
(8.187270261302805 1.658729221075317 -1.234502200373792)
(8.01048303219036 2.039642319488484 -0.9834826469400106)
(8.107718642865635 2.267490788715148 -1.580276794795567)
(8.349846955296391 1.995767825441179 -0.4762112894686525)
(8.373090061127693 1.564456389354762 0.364309231184454)
(8.436655172422064 1.763729458042069 0.4636722916845191)
(7.242906496803488 0.3405814010971767 0.03870536954146118)
(7.572133195573761 0.6657548461949587 -0.437886608726398)
(7.351728980129175 1.32647032607824 0.4966698783474842)
(7.197230318476111 1.167874271548663 -0.4280690002907009)
(7.729819048364894 0.876634615290805 0.5460483405797203)
(7.57755458132619 1.102439667395045 0.9246124116947102)
(7.723564637297038 1.171703835991468 0.1155671688940987)
(7.625177589014864 0.4271090755030607 -0.007015067395988793)
(7.574276371069932 1.324346563286365 -0.9610481347774216)
(8.172028872445166 1.343172258946702 0.02475104949946356)
(8.160237651696587 1.450944314225709 0.3095875183782973)
(8.041929609276702 1.320301474216803 0.9493179488877488)
(7.962707352771449 1.57454898955956 -0.1925875668031033)
(8.045182880017443 1.505193569895192 -0.4777787616584399)
(7.954315727009875 1.977043808289627 -0.1703990690889497)
(7.930452064032338 1.733162926552268 0.364262890471771)
(7.708509037586279 1.759476084263954 0.3663692706763535)
(7.612927952384152 1.796701261907746 0.9012623775208202)
(7.504049104581764 2.555319968447241 0.5532291247823872)
(7.504004002534425 2.333722725446435 1.011965171362446)
(7.93470297463907 1.846823798223732 -0.4153196536394059)
(7.776868322273084 1.587190349192988 0.3871390634277763)
(7.935896639058695 1.278274696472244 0.3366858605513382)
(7.945069514638258 1.518038467280394 0.3686006464629333)
(7.904523613844501 1.566691088605195 0.5355321744686744)
(7.177046098154468 1.962123180269566 0.7405454326809585)
(7.467845810575083 1.876793820308548 1.404636602373637)
(7.162876280357201 2.174049342376999 3.087538260449862)
(8.112922136505091 0.6984614776814031 1.210915388923935)
(7.913870842256078 1.272292098600599 1.333334123445654)
(7.645387741906116 1.171812704048734 -0.09659971357905835)
(7.787330650462037 1.40458205283184 -0.2153469096868228)
(7.89863207739763 1.240862835755892 -0.09035395907741857)
(8.064068201821105 1.023314232129595 -0.05054323205479681)
(7.899960771776727 0.690104166450463 -0.1296379722058392)
(7.799876456702465 0.4597987041587613 0.5391662010349306)
(8.007560932282207 1.181406385287404 -0.3107311805845175)
(8.045833595182749 1.408254310507526 -0.1938302448465428)
(7.828702664478205 1.263930691702064 -0.5673908612967991)
(8.049414540262214 1.025145493095697 -1.292623842008192)
(7.255816159268316 1.140129730332371 -0.8287970609543985)
(7.707310943479168 0.9528122698715642 -0.7973691242289661)
(6.848794229294209 1.718693089421803 -0.3044435085122505)
(6.337856289071397 1.595313363255398 -0.2997258344702805)
(7.159095200990699 1.84002966195309 -0.5999627621360867)
(7.350285144393778 1.355372361299266 -0.2376526923203697)
(6.910138097980613 1.093270905146892 -0.4196360248235382)
(6.322361184784122 1.229611116924281 -0.251810159143901)
(6.916411871344485 0.7524091294063681 -0.4753100054735052)
(7.561614173804796 1.349578535407498 -0.1936909727102705)
(7.775558655454902 1.617453520382051 -0.1483619305442382)
(7.756898478542026 0.9809404388211644 -0.07806998863030688)
(7.805170565785433 0.9263876956369624 -0.3670336826565567)
(7.264988743534975 0.3675231857715261 -0.3859333026445955)
(7.572909701782296 1.616939719503499 -0.1991216167161442)
(7.797837236630075 1.625443990146992 -0.3577535463647415)
(7.797734791387225 1.685147148403751 -0.6901893014931486)
(7.738587646359661 1.767247484319563 -1.134982339798234)
(6.710590398612052 1.602039226899094 0.5033015038929823)
(7.369742316411908 1.340734938748571 0.3294475752368556)
(6.838024138175025 1.252443391049161 0.4026835253215097)
(6.373295499597856 1.332129937770098 0.4694263461129006)
(6.725134385360705 0.8994420911522815 0.6096792817109413)
(7.293517628850288 1.434272502945583 1.152292154461459)
(7.268285212920524 0.8062178323611382 0.9069037931306533)
(7.527796683715817 1.346591387643004 0.4174455876965823)
(7.29936120976453 0.4309918637172513 0.4200243622567519)
(7.703910440581505 0.7701109011425796 0.8586714041844231)
(7.757793181891435 1.164349304829791 0.3625230948114516)
(7.757712762944444 1.408861258488513 0.3406979220110389)
(7.769339932523179 1.383437657924722 0.5310359992267943)
(7.747410329687944 1.410429023445513 0.9346261599642854)
(7.322143823252246 0.9306234067291355 0.1576985483091916)
(6.905963760268317 0.5346440613806691 0.2020230038487825)
(6.937948984750852 0.3811467135180864 0.796114170135133)
(6.891604865789557 0.8530568423867176 0.9559657964339749)
(7.457715127179356 0.430627864788668 0.8865729909169076)
(6.756982398593628 0.42204075526553 -0.3601941958301992)
(5.954334156415581 1.370390862354899 0.4456581498390475)
(6.403676138094773 1.227245821978964 0.7597834070981963)
(5.949728331442063 1.41404297359311 3.117512092494661)
(6.741959376446723 1.289969536013605 0.9616013322574147)
(7.432907427220617 0.965088888501174 -0.06268109654343353)
(7.586760646956445 1.456441643564834 -0.443131437917565)
(7.038624455561663 1.401437668786754 -0.2714845433908645)
(6.003408694480025 1.255531733891576 -0.2981877360028373)
(6.858777312595747 1.272800483990358 -0.6947644179359207)
(5.904320619064581 1.614750904392373 -0.3641773237889337)
(6.783303332348056 2.225502955827507 -0.3818756239511052)
(6.658978825130053 1.729788246421735 -0.7316266511147391)
(7.359205900841793 0.8798893268861959 -0.3037422033271063)
(7.396261637383367 1.120440894300405 -0.2111490262654107)
(7.346452227873629 1.525375138669333 -0.6572514751289754)
(5.991364173652531 1.561962843079945 -3.657087899948616)
(7.205274911834496 1.918223896076404 -1.167244346776344)
(7.608549424106005 0.7705640907297302 -0.1491834919255895)
(7.528378458673426 1.034239287747579 0.1774872522794862)
(7.579424330022503 0.9764568880102666 -0.2534788117998698)
(7.55529285224008 1.179223186248727 0.3429453051983021)
(7.498168444836717 1.129270847761417 -0.4979421510260115)
(7.600128157959518 1.52617200393892 0.3761248913577915)
(7.558168721222614 1.432025701250849 0.6698221441242479)
(7.172502669941104 1.20229572782417 -0.1666403323045499)
(7.365087830062723 0.6518526871499337 -0.111824114416915)
(6.364767167832399 0.4592809131475496 0.04368508872387938)
(6.460400787465906 0.7315263713621631 0.3713325230449092)
(6.347286880243746 0.7385318873401358 -0.5181895862290287)
(6.486996942940071 0.9337670247172033 -0.7233870812179172)
(6.333932714407089 1.309047696145606 -0.6561776162880339)
(6.919165703922098 0.9318301397738342 -0.2162307476125771)
(6.828330685561009 0.8860588668714751 -0.6823039849040164)
(6.951494039367074 1.149786818191935 -0.192524633903124)
(7.154159931273022 0.8277556273793988 -0.06368120881253315)
(7.136519860871104 0.985245535959375 -0.2515912707195546)
(6.858913528107527 0.8052575845808215 -0.03442134825729913)
(6.99487635424188 0.5304742925502972 -0.08027289589564077)
(6.257612214934801 0.4393144139362555 -0.3388671069954586)
(6.85317173299017 0.5182380403392766 -0.7942649546561261)
(6.763111738006915 0.9821451264217 0.3921748396650947)
(7.56421049256207 0.4389538296028782 -0.906344213688979)
(7.101233603785285 0.8096016056355608 0.1875223274973847)
(7.094979635311395 0.7019027598172475 -0.2713547786576049)
(7.10313779340365 0.9540360063384691 0.4073327411267169)
(7.197087864365612 0.8480742587141126 -0.6343787701579986)
(7.349994702036645 0.8329306873992013 -1.274179686564189)
(6.81797325585119 0.9322107544145389 -1.083732659404467)
(7.183953152203828 1.355710871100406 0.4019804704617672)
(7.129679907043698 1.1700030104896 0.345110847443324)
(7.352346400059662 1.146666104821361 0.3672682609129071)
(7.161423362374476 1.171674261945593 0.5791977083584013)
(7.162462106969809 1.155541096050729 0.8860502475885356)
(6.708326222221265 1.946360758857591 1.037350101384024)
(6.179995112872606 1.761886601892415 0.6948282708017666)
(6.801730879686164 0.9667786858304851 1.43492915886414)
(7.372081486183472 0.8110438454798707 1.343807284057199)
(6.708589848467741 1.054551530227406 -0.2057688158324932)
(5.823787572779675 0.5087069917778159 -0.05187527707201147)
(5.980243610258753 0.8916813271976758 0.3943181221147307)
(5.993793675704383 0.8916014786306491 -0.4504370532868928)
(5.599062942739519 1.290484991841919 -0.259950719670724)
(5.57664029272892 1.355353611302325 -0.641156792238999)
(6.025486237499123 1.118741240012337 -0.7794563873837602)
(6.37854540083169 1.972736967269859 -0.3677215301680535)
(6.447378956311558 0.9571093414511238 -0.273249117359964)
(6.407645309052744 1.014889283975923 0.4207372024372821)
(6.492934891407698 0.2906640482843182 0.5324331460479749)
(6.445547912847754 0.56511517064744 1.197133812261586)
(6.53036030332609 1.156999392699874 -0.1689417039388072)
(6.691636180660431 1.363762413827802 -0.2347215356786769)
(6.553710858371992 1.207607803436989 -0.4409918067637672)
(6.488596039490109 0.6231286158574522 0.116660372534565)
(5.8416861469787 0.3351105386692809 -0.4393565398656637)
(6.411722596478384 0.4974221063028765 -0.7025243105411558)
(6.694143340768279 0.6333643672931465 -0.02332312402745722)
(6.678087728106771 0.7976821987503183 0.1637940259422895)
(6.740179414715316 0.7602906803364752 -0.247353444181504)
(6.697629742990956 0.9512940271145714 -0.4530969052339612)
(6.734224746929563 1.197007448185913 0.6477547183021463)
(5.422705594560072 0.7553590509398782 0.4467272142664672)
(5.223318857742498 0.931932987103234 0.4138316912933514)
(4.645434395799026 0.9274415078162662 0.5186682000976989)
(5.534327284835168 1.281281789608816 0.4627184288753181)
(5.747263211973533 0.4327059128374507 0.6235706743872979)
(5.761386041324801 0.9726607937291959 0.9366877496165221)
(5.796103981955187 0.7678990512466581 1.412557012239069)
(6.072798936949143 1.274977894320618 0.7468081502295133)
(5.817514011777353 0.3126466991231932 0.3618080091404959)
(5.930633632788681 0.2342346143516164 0.7560848992747955)
(5.212314294052829 0.9111903973596049 -0.2890534801982775)
(5.537873421599286 0.4000039385136547 -0.3901652019508203)
(5.597309914910551 0.9657605320544914 -0.2026789543985743)
(5.48749786499604 0.9250701079010215 -0.9507190530259783)
(6.189208561989457 0.7758322217284956 -1.127997327466155)
(6.054550926830001 0.3689223285951722 -0.7627326646941869)
(5.890087093947539 0.5390513884129762 -1.562171485261945)
(6.092094932866161 0.9267476199136045 -0.2045690252168461)
(6.502420412680091 0.6638075774154935 -0.1727310916030044)
(6.78811456927329 0.8788030408365011 -1.822240710528636)
(6.426229480835848 1.350882876835423 -1.148835072413233)
(6.255389964155168 0.5952073979714737 -0.07502368302525481)
(6.293327175946336 0.7480965080075785 -0.2620215001925669)
(6.226455851778098 0.9626617503684229 -0.4632249547697871)
(6.544731561054868 0.358140610735063 -0.0783439383005876)
(6.62688224246972 0.4943611938252437 0.339961436191011)
(6.587086327860902 0.6901088601220041 -0.4645171051948207)
(6.511071954994503 0.927524513233023 0.6265847643851229)
(6.584184212681763 0.9455363956412202 0.9028549306092729)
(6.201535878860382 1.300304664543465 1.162692859792194)
(6.022722022613021 0.5497761346518578 -0.08532711587389658)
(5.905711673343993 0.51839818407762 -0.2763797176832017)
(6.074947153218457 0.6968321169022009 -0.258535568227626)
(6.225488595905905 0.3534666750623962 -0.05160557102954932)
(6.25464961036197 0.6013406834333471 0.155573559910395)
(5.64722589252455 0.54281692614774 -0.1789715085948854)
(5.232488779495937 0.2841494322515515 -0.3639198902606091)
(5.571961225406568 0.4869007214467138 -0.7723585566041028)
(5.864121937291791 0.7137416778732282 -0.2146664754015241)
(6.002590699717262 0.3409575495581931 -0.162662053224067)
(6.039018946334769 0.6037496931912658 0.1469625730941142)
(5.92263512485603 0.6082342719241942 0.3663092871379366)
(6.119787431055414 0.6299347950905667 -0.5024278431329946)
(6.174704486183559 0.7843143363675856 -0.7202553475391945)
(5.147093952490811 1.274832463915281 -0.2786337464849192)
(4.692640290605432 1.408019892115175 -0.2516623739898743)
(5.586970366830276 1.713946682312286 -0.3102130237473615)
(5.810093358783972 0.9686448946948177 -0.2247707281122856)
(5.951520579454006 2.056117956449758 -0.4116054995501515)
(5.61642616976943 1.867966010667114 -0.7821075466165138)
(6.123739213177424 1.160419724910134 0.4000080637063807)
(5.79448491957293 1.449331249302354 -1.230200900308221)
(5.622762931874639 0.4847131667379024 0.1241974500966305)
(5.185418704890182 0.3482089231486862 0.5759695163760578)
(4.575849646480319 0.3683643432892679 0.5947821763837124)
(5.633657575646129 0.441844777510916 0.9687615131293259)
(5.655861542001536 0.5727702633483276 0.4015628420965699)
(5.840386474904777 0.5592750962082916 0.1473998179740537)
(6.033860479396423 0.3586018828714422 0.1126420069358381)
(6.179687994197831 0.7263500756597717 0.405579427459036)
(6.116487822765584 0.699956093890846 0.6671819842229543)
(6.087087667033583 0.4504927483547232 0.5916773843170874)
(6.039038216167862 0.5443298341760434 0.9220830656388594)
(4.119629805237933 0.8863671945224897 0.7253803473290099)
(5.105301891896104 1.224584720206505 0.4506017136581134)
(5.142174234910573 1.081197617709049 1.161799411581569)
(5.458878393091792 0.8028017603012542 -0.1905988482275044)
(4.521507898199009 1.013520232445101 -0.2722413688783806)
(4.685013473868494 0.8144679272730204 -0.6903528673805502)
(5.125443139517651 0.7686798362484437 -0.6680996586839055)
(5.751437076943942 0.2780416312617831 -0.1125504588527804)
(5.868692048952159 0.6740381418172097 -0.4773901249406324)
(5.640638754966207 0.7166389235589106 -0.4000296076501871)
(5.864073742360729 0.7853237116236457 -0.726931318444767)
(5.704156237638677 0.8156342866284679 0.3959370241492957)
(5.640010196719592 1.421659070964673 0.791626854913868)
(6.005366978671496 1.201855497955451 4.663329972637734)
(5.160872310304072 1.621323910429415 -0.4032459462441232)
(5.07248869045392 1.111957264520999 -0.6260797646343468)
(5.499957430580258 1.010632510814088 0.398221348556596)
(5.558715641552149 2.253121594187564 -0.3889656540945953)
(5.738734977001362 1.021749258184567 -0.5051333303960104)
(5.419645294906736 1.034372975815834 -0.4394496525513218)
(5.56387285996245 0.2239132210355582 0.09755554562333454)
(5.398707162759923 0.4378148105818776 0.1442005767270034)
(5.594528962884636 0.7149363729237814 0.6808985429648993)
(5.308126954511367 0.7210783219816416 0.8780166345344403)
(5.688410902944434 0.976790642883281 0.6077869101768152)
(4.300954148322819 0.3479537523757766 0.5655421304148494)
(4.053887895003751 0.4206979602791274 -0.4983560196387219)
(4.750814797675899 0.3948132638606013 0.9344428105573145)
(4.865167450438825 0.4165521534196486 -0.4622904863692732)
(4.628238468573052 0.3474299436189445 -0.7842708233247426)
(4.241534526757172 0.8729937978252598 -0.2416203510879871)
(5.239489887282125 0.5020733435973277 -0.1790039723800963)
(5.07920638271009 0.3779039103271973 -0.8373055098686003)
(5.234901493898861 0.7010720705998326 -0.1880966076674609)
(5.463315601469838 0.3987157474003479 -0.1040384085287488)
(5.414223974045675 0.57661316480213 -0.2433091806053085)
(5.389099392499164 0.7272575607524793 -0.4581512195608543)
(4.663273095863546 1.339416817271786 0.5489389669465442)
(5.00488475856731 0.7340610315430293 -0.1811076500408277)
(5.220614095872814 0.3109852211867092 -0.04233193022194581)
(5.255883200857065 0.5051681357785565 0.3883028777303813)
(5.178900832422818 0.3308855631118429 0.887327679180024)
(5.217272497970681 0.7141446982687898 0.3515108366239713)
(5.18444861719962 0.5835622199568541 -0.429256201659198)
(4.813456098261422 0.7485674950844233 -1.272533820791749)
(4.90110145182455 0.3267301457307601 -0.1064130924594312)
(5.036243620306847 0.5125750167592367 -0.2315921796974429)
(4.825394605505659 0.5408293739655349 -0.2066082899183433)
(5.172731004576417 0.3639054174967472 0.19233059107393)
(5.050657936846406 0.7423201404766395 0.3477521833046286)
(5.212464303623395 1.609119592014989 0.5056846361854418)
(5.081802260961342 1.413981715432582 0.8428225573193446)
(5.130776956275342 0.7103300972058308 0.5665907439636872)
(5.227693780798118 0.5200270346804203 1.322756799605344)
(4.896867749759862 0.3689796506239926 0.1528150304882052)
(5.014356132999851 0.5316463828845356 0.4160078126778268)
(4.757790131694168 0.4718958715114887 0.3971846013088546)
(4.281703780713034 0.5618134930404688 -0.7188251671679754)
(3.818329014887272 0.4554367056065318 -0.8238334788216066)
(3.760748739727628 1.050707344048422 0.9850762019426332)
(4.284741093348488 1.085254404027947 -0.6051824984352825)
(4.604219673464643 0.7642220437970818 -0.1625453168539198)
(4.606299032896445 0.581923171238926 -0.2524519573272431)
(4.807119499275122 1.110772904475599 -0.2731872984602624)
(4.701503944498828 1.311398856974551 -0.6138633670558777)
(4.796803730916063 0.8863035017663279 -0.1576107988006707)
(4.849820967521432 0.7350805482397522 0.4430551683091689)
(4.799363553159336 0.7046074400948726 -0.1412158019259268)
(4.83693102084451 0.7587019342471653 -0.3797642618251985)
(4.349748031751042 0.507527577578864 0.9154442587331688)
(4.27956039636108 0.3815160372473543 0.1085602005979541)
(4.480711500405501 0.4661708367959622 0.3659404199061854)
(4.695801140373359 0.2316230015341694 0.3679934583384641)
(4.628138017575552 0.6213024830565819 0.6413128411891329)
(4.696917202396744 0.6897502438915308 1.487827976177778)
(4.876278520692745 0.2826250209908679 0.6318094213149563)
(4.850696882295826 0.5339331595078738 0.6266678735016725)
(3.929372973650445 0.5256805622288716 -0.2561630947738457)
(3.863663573785653 1.334275814609275 -0.6470077394290593)
(3.914419829820849 0.9084823117233736 -0.7351761901664891)
(4.092568326147775 0.2700840085054001 -0.2142519420974337)
(4.392104589316934 0.3736348905122806 -0.1247686165624396)
(4.185120804059111 0.5663118749520069 -0.1957029281582506)
(4.193685411191566 1.330911075139514 0.5088633520410332)
(4.306219763206678 0.6851621595294867 0.3978424032408261)
(4.391347470066133 0.6761782249073897 -0.1780928689629269)
(4.641430150593873 0.3333142589848981 -0.192257306304529)
(4.337583075344147 0.5060397499417099 -0.3668256339683814)
(4.571332350810548 0.4992092626268005 -0.5010048060122281)
(4.234124888625513 0.4880914662663184 -1.144201993866541)
(4.337317878881043 1.072463667996562 -1.070840132005323)
(4.556534696075691 0.701484499393952 0.4022194374487654)
(4.461678884570755 0.7531607630828813 -0.4340876638257595)
(4.603571380705747 0.3783127462475565 0.1263295622465242)
(3.919435578183837 0.333017378864302 1.288976393572707)
(4.192018887267021 0.4846966592653722 0.3790206683943316)
(4.033967364270953 0.8411623914023141 1.511720742380495)
(3.893634316310869 0.3123074777645385 -0.05407309768379949)
(4.023350305521029 0.7156575892346626 -0.1662321093781318)
(3.984565070768902 0.3828784693663785 0.1763374869930346)
(3.810916998467101 0.449834908594529 -1.253841720623232)
(3.939261385496904 1.549848034790253 -1.153917531816149)
(3.824618519062207 1.000684526555078 -1.17680549390856)
(4.049795533690281 0.7450500225400657 0.4035080211843111)
(4.05061492346861 0.7552792951085956 -0.4427356259699283)
(4.053618393743172 0.2592766087270347 0.4470089688155401)
(4.174574363462681 0.5596661114144131 0.6248686770534646)
(4.406645808411652 1.31395827041936 0.93867726222117)
(3.957850888670202 0.9087549663467483 -0.1696719984682966)
(4.04973959554939 1.098068283032611 -0.2635356171314252)
(3.878059073973281 1.666861242992092 0.8624350331153269)
(3.93738406396203 2.629882703527925 0.3790810517017918)
(3.878759174487516 2.601327049705608 0.6355783650996235)
(3.921277905526263 2.641543839916204 0.949796123933762)
(3.927175451571203 1.508584625579703 1.326991894822438)
(3.894667902985204 1.959617612359283 1.728492163078788)
(3.998399345177061 3.229987180309031 0.09350135015525123)
(3.969647965100864 3.279137968318216 0.3224274620054215)
(3.993648286103179 3.019970349848984 0.3601302227236813)
(3.950276205436338 3.018017521612851 0.6349393884074334)
(3.990500525035316 3.225794076955299 0.5579535582285751)
(3.905577910660303 3.524870078038705 1.194183292115488)
(4.027302805345741 3.099269500717212 0.9099452952580097)
(4.387479416487054 2.357727131724087 0.4085145973897321)
(4.588809472551105 2.74510518203866 0.7298699803324115)
(4.354412601434164 2.559126556718876 0.6370911562133676)
(5.116000665589322 1.960934662428637 0.9541057892464868)
(4.725968049432538 1.769998474537486 0.6282264204258862)
(4.600232040515264 3.15265885568254 0.6009763058885994)
(4.331232511711046 3.536338649574056 1.779354528155474)
(4.515658546844244 2.994193202135361 0.8025421194888466)
(5.481621888901604 2.962329444218327 0.6212335466002328)
(5.62741804696409 1.918015489728788 0.7145855642742138)
(5.73619019728626 2.890579735338418 1.486795952242706)
(5.250580096269497 2.806036155463344 0.3778023739105743)
(5.167305360049268 2.970997173097075 0.5478569186415894)
(5.145730003508957 2.893278159176284 0.8219171992586126)
(6.209595571195197 3.181387429064661 0.4900335490127414)
(6.475114676982801 2.742340109416038 0.7760405455308634)
(6.660173950624587 3.652724068332148 0.3785141803442051)
(6.828370415541673 3.421871956181242 0.5388869269027777)
(6.997623454824047 2.892243978993954 0.6619139808049374)
(6.696799659902218 3.613606881868937 0.8373567004042434)
(8.252293078820077 3.600449183395547 0.9650113190961901)
(8.36726067073959 3.584998147781739 1.527244845835481)
(7.838059706777559 4.01890900300438 2.847096073638601)
(11.81293195791181 3.992524921682449 1.50445107588547)
(11.93141392063989 3.262346575745156 1.896232941683105)
(10.09535605107739 3.178160403578428 0.2522858863540508)
(9.71764008244396 3.295545391986014 0.5967837847138121)
(11.07235633744432 3.398576541271214 1.143676081912888)
(10.86632735111431 3.273050782664299 2.953824966085981)
(10.60962813387007 3.346555708076336 1.421399923834378)
(10.17411804134576 3.334636947983003 1.830231930041096)
(9.892104236701993 3.038259762006133 0.7158855589286051)
(10.00796870165047 3.262259471289234 1.02325243071261)
(9.837220282848772 2.868757218127328 0.1476353286207157)
(9.972090224914616 2.782635343152449 0.4061162081576838)
(9.455957615238464 2.813932298292204 0.5902218395246539)
(9.779962294578684 2.711680879077437 0.6857358185038502)
(9.52622047620258 2.646957355312207 0.929466111440304)
(9.655019050044107 2.62872661238355 0.3887506546972344)
(9.45949313745168 2.535905919725343 0.6180086077461358)
(8.738206322863256 2.400855064243983 0.5154414522758067)
(7.956366692846701 2.62069061255092 0.9344895657398925)
(8.374776529587086 2.605160087775079 1.290674049047277)
(8.326814349302063 2.403745898046839 1.837124588141322)
(8.650948708135649 2.454714034116371 0.7557322707050915)
(8.945877130381335 2.425595740057506 0.6896543667718354)
(8.372911590117241 2.222245921232445 0.3740195787169192)
(8.779381040515666 2.193726046103478 0.8376702305732424)
(8.348581546700915 2.025897660629583 0.5346348005601679)
(7.849197332577821 1.967252374757587 0.3916436339683749)
(8.15243899731607 2.22633133038431 0.431951515674445)
(8.1387690662736 2.014943921568553 0.5859526596697806)
(8.261001337227615 1.918680476109393 0.8101677040953862)
(7.945715828417173 2.161214119629532 1.238813533252217)
(8.258402281293247 2.293904783928166 0.7327509110222092)
(8.210353526109882 2.612117909736248 0.6775222958751506)
(8.198481489636734 1.50759287100209 0.6296298384443051)
(7.915838826783698 1.793518003630309 0.5884756563817685)
(7.971791136905861 1.262281220800916 0.1299444492581869)
(8.315947714939515 1.362475854382203 0.4036829179052778)
(8.190497715758989 1.155565155863795 0.3940328223058816)
(7.950483641728667 1.151098033067593 0.6624500519412599)
(7.565413161818804 0.9947285443852584 0.4113057354031366)
(7.647406861192286 1.168711235185318 0.5810099692069095)
(7.28119830134786 0.6137433396917096 0.1208097636062026)
(7.357918972429635 0.9770427645100571 0.4274877735975151)
(7.426880229599652 1.16733063487905 0.5934818610950561)
(7.371115149180888 1.51967092388312 0.398973329046158)
(7.283982088814331 1.45758458724543 0.6975991851639435)
(7.394327543959482 0.7742616408993223 0.3645062945268766)
(7.400364161785712 0.8640451072730441 0.65513249240508)
(6.884202009262896 0.8569992420136211 0.2086771778973208)
(6.899609434922577 0.7055929791610338 0.458998142531494)
(6.949705577205984 0.945943615279582 0.6855823938775051)
(6.995199686205063 1.485547150946877 0.3860259788637403)
(6.67446779594991 0.7832900614661088 0.3997900399122712)
(6.682849893686225 0.6657442886728038 0.7032698607478799)
(6.116551882537816 0.9823470700664982 0.6186556568510718)
(6.372603528191387 0.2908345767483459 0.1868717992846271)
(6.248906375706847 0.4643407619509593 0.3623978416096527)
(6.34642762678438 0.6611674500182171 0.656660053470345)
(5.824528367385265 1.098520014955426 0.3922629181089695)
(6.175275684525665 0.897018630129949 0.9073912436564641)
(5.789880208759489 0.3340263317462325 0.115430247448086)
(5.880740651690494 0.725304179368397 0.6466106676021458)
(5.865245841225646 1.184526281056028 0.6179063981492157)
(5.451622659198896 0.5371208784052245 0.3369276051231458)
(5.454218262049902 0.2812696480063694 0.3876061817811429)
(5.358330752108833 1.024391235141702 0.6965267815902101)
(5.009676398097671 0.9505232115959676 0.3875703530404561)
(5.02444093527602 0.3218383479853608 0.4071156458450421)
(5.063168101762686 0.5006624007862529 0.710673711943603)
(4.819723737569491 0.9522585236063501 0.3680924611436433)
(4.813682523469122 1.149365020625687 0.4136424933446994)
(4.919684617802333 0.7146773227959821 0.866808169096343)
(4.948095136367864 1.018063273415013 0.6727086919395132)
(4.39358457197417 0.2334697830858419 0.340192495388917)
(4.395442846233236 0.545655264852215 0.5603718458900441)
(4.362550210309909 0.9789517813024208 0.4427555027652355)
(4.403174771386154 0.7401479128971239 0.6366283029956179)
(3.913051655554561 0.515554933153505 0.3637736332885304)
(3.917042299676105 0.565684439786285 0.5839621575053537)
(3.998082936226445 0.5911837387002137 0.8067120060989413)
(4.059084468058034 0.3074374702687333 0.823023282811486)
(3.87872778672309 0.6486994303730924 1.078494286320728)
(5.737446551694622 3.551272695866803 -0.4133072408668831)
(5.009062053633214 0.989192759796772 -0.1877300124653472)
)


// ************************************************************************* //
