/*--------------------------------*- C++ -*----------------------------------*\
| =========                 |                                                 |
| \\      /  F ield         | OpenFOAM: The Open Source CFD Toolbox           |
|  \\    /   O peration     | Version:  v1906                                 |
|   \\  /    A nd           | Web:      www.OpenFOAM.com                      |
|    \\/     M anipulation  |                                                 |
\*---------------------------------------------------------------------------*/
FoamFile
{
    version     2.0;
    format      ascii;
    class       vectorField;
    location    "constant/polyMesh";
    object      points;
}
// * * * * * * * * * * * * * * * * * * * * * * * * * * * * * * * * * * * * * //


1771
(
(5.46 3.420000000000002 0.2)
(5.74 3.540000000000002 0.2)
(6.14 3.660000000000002 0.2)
(6.44 3.840000000000002 0.2)
(6.76 4.020000000000002 0.2)
(7.1 4.180000000000002 0.2)
(7.44 4.360000000000003 0.2)
(7.8 4.580000000000003 0.2)
(8.199999999999999 4.780000000000003 0.2)
(8.58 5.020000000000002 0.2)
(8.9 5.160000000000003 0.2)
(9.24 5.260000000000002 0.2)
(9.539999999999999 5.220000000000002 0.2)
(9.82 5.100000000000002 0.2)
(10.02 4.860000000000003 0.2)
(9.94 4.620000000000003 0.2)
(9.82 4.280000000000003 0.2)
(9.699999999999999 4.040000000000003 0.2)
(9.58 3.760000000000002 0.2)
(9.619999999999999 3.420000000000002 0.2)
(5.46 3.420000000000002 0)
(5.74 3.540000000000002 0)
(6.14 3.660000000000002 0)
(6.44 3.840000000000002 0)
(6.76 4.020000000000002 0)
(7.1 4.180000000000002 0)
(7.44 4.360000000000003 0)
(7.8 4.580000000000003 0)
(8.199999999999999 4.780000000000003 0)
(8.58 5.020000000000002 0)
(8.9 5.160000000000003 0)
(9.24 5.260000000000002 0)
(9.539999999999999 5.220000000000002 0)
(9.82 5.100000000000002 0)
(10.02 4.860000000000003 0)
(9.94 4.620000000000003 0)
(9.82 4.280000000000003 0)
(9.699999999999999 4.040000000000003 0)
(9.58 3.760000000000002 0)
(30 50 27.5)
(30 50 -27.5)
(9.880000000000001 4.450000000000003 0.2)
(9.069257670860377 5.209781667900113 0.2)
(8.734665221876167 5.087666034570826 0.2)
(8.382103706673327 4.89501286737263 0.2)
(7.993773985246823 4.676886992623414 0.2)
(7.618663145052965 4.469183033087925 0.2)
(7.26317666708523 4.266387647280419 0.2)
(6.921699173733993 4.096093728815999 0.2)
(6.605698467804503 3.933205388140035 0.2)
(6.281680211253204 3.745008126751925 0.2)
(5.93810375184879 3.599431125554639 0.2)
(5.267795866212212 3.339071943668302 0)
(5.949474976797812 3.602842493039346 0)
(6.292940203806278 3.751764122283769 0)
(6.601112465579511 3.930625761888476 0)
(6.933948936765903 4.101858323183957 0)
(7.269409002660885 4.269687119055765 0)
(7.617781389668136 4.468644182574975 0)
(7.99200415364435 4.676002076822178 0)
(8.391591268236599 4.901005011517855 0)
(8.741592848443389 5.090696871193985 0)
(9.07085963249326 5.210252833086256 0)
(9.879326831907854 4.448092690405588 0)
(9.599563862926214 3.593707165127177 0)
(30 10.00000000000013 27.5)
(30 20.00000000000031 27.5)
(30 30.00000000000014 27.5)
(30 40.00000000000018 27.5)
(10.00000000000085 0 27.5)
(20.00000000000043 0 27.5)
(7.140954494389007e-13 50 27.5)
(10.00000000000085 50 27.5)
(20.00000000000043 50 27.5)
(7.140954494389007e-13 50 -27.5)
(10.00000000000085 50 -27.5)
(20.00000000000043 50 -27.5)
(30 50 -18.33333333333331)
(30 50 -9.166666666666657)
(30 50 3.055333763768431e-13)
(30 50 9.166666666667297)
(30 50 18.33333333333371)
(10.00000000000085 0 -27.5)
(20.00000000000043 0 -27.5)
(30 0 -17.89034334220536)
(30 0 -8.328841543475907)
(30 0 0.5685812548031244)
(30 0 8.335706009179603)
(30 0 17.89034334220578)
(30 10.00000000000013 -27.5)
(30 20.00000000000031 -27.5)
(30 30.00000000000014 -27.5)
(30 40.00000000000018 -27.5)
(9.448216932503209 3.381472958959823 0.2)
(9.459503625259343 4.001710744394964 0.2)
(9.560859519822797 4.251153029311329 0.2)
(9.764348375193467 4.609773257214274 0.2)
(9.654513375893234 4.450909942322798 0.2)
(9.790737374537073 4.83032090157305 0.2)
(9.559725016595431 4.978366604658248 0.2)
(9.103812768068581 4.998341906013898 0.2)
(9.307310429957782 5.082470922461611 0.2)
(8.717161173796496 4.903822107505984 0.2)
(8.905469657376694 4.934669654601202 0.2)
(8.380153077876658 4.681774953497369 0.2)
(8.561370317803544 4.789968734315773 0.2)
(7.992032100039389 4.481390743280504 0.2)
(8.189303517402983 4.586384749186178 0.2)
(7.642021543013563 4.252129707401743 0.2)
(7.827309224892135 4.35891870331672 0.2)
(7.275245352073406 4.058424898511261 0.2)
(7.463178607798388 4.15352563763243 0.2)
(6.928616796688401 3.898948921300817 0.2)
(7.100983175529212 3.970155347366502 0.2)
(6.612743403738176 3.713588919812156 0.2)
(6.767978119364463 3.819650700547193 0.2)
(6.286383176720035 3.515067240887405 0.2)
(6.459032075246553 3.601015827430531 0.2)
(6.092647967655987 3.429701160324906 0.2)
(9.29675412018754 3.79011924518732 0.2)
(9.413189710857168 3.587427978009066 0.2)
(9.127416494899052 3.585428202886655 0.2)
(9.281352015522849 3.419977901167115 0.2)
(9.2718075179999 4.251313564292651 0.2)
(9.564799329153505 4.713707791567018 0.2)
(9.327488240973391 4.841923668217415 0.2)
(6.674915927540789 3.44278910755033 0.2)
(8.964602872357874 3.810006012779873 0.2)
(6.787325775254517 3.600462572947937 0.2)
(9.371210013857985 4.52202275198727 0.2)
(9.175965414930745 3.993027285357275 0.2)
(9.095267172846443 4.747786495870198 0.2)
(8.823532425574893 4.694415882565438 0.2)
(8.581775677516557 4.562634277994271 0.2)
(8.388992400803387 4.444934791657436 0.2)
(8.197506684040917 4.384832748482427 0.2)
(8.046123988536591 4.225568856114328 0.2)
(7.877888589675288 4.102943270958721 0.2)
(7.671022567208302 4.01446253535329 0.2)
(7.479401980136164 3.924149699522863 0.2)
(7.287787798643267 3.819328045877702 0.2)
(7.107166767444882 3.715410871300825 0.2)
(6.928440163579743 3.694882956523317 0.2)
(9.060308160140877 4.465146759932567 0.2)
(8.911643275972837 4.13699239660329 0.2)
(8.805074963305582 3.507492566924512 0.2)
(8.596678435170045 4.239482299838768 0.2)
(8.345489294839764 4.169887364989132 0.2)
(8.184597332685325 3.904201204108725 0.2)
(7.944656508045535 3.768418815576767 0.2)
(7.684441534490886 3.76297677653897 0.2)
(7.495322184846001 3.677293281965142 0.2)
(7.324756878347779 3.478077290138619 0.2)
(8.594080170334585 3.868509060340149 0.2)
(8.800656149892177 4.411253400113027 0.2)
(7.009877952006333 3.377877571529278 0.2)
(8.273368095875478 3.485132595384617 0.2)
(7.765257788554083 3.432373641762705 0.2)
(9.421120602135845 3.472245063142203 0)
(9.400866936777946 3.702499488326128 0)
(9.466172647818233 3.958378569709534 0)
(9.55799858050514 4.200021016136178 0)
(9.724584800523235 4.626622172439286 0)
(9.649817656168223 4.420893322531964 0)
(9.800287539172594 4.843514877846196 0)
(9.425502259699469 5.05468422467434 0)
(9.072728168268837 4.960874316073207 0)
(9.221551513019264 5.070829601795907 0)
(8.720914058301458 4.876224862621475 0)
(8.879110390257805 4.971389811052703 0)
(8.371377877702844 4.654110854667957 0)
(8.550713568286961 4.772148074257703 0)
(7.989620385498719 4.468840302642558 0)
(8.180009494529596 4.556091618740836 0)
(7.621325798218529 4.247289541560683 0)
(7.799481902240225 4.37411568642993 0)
(7.281970782123981 4.021131808639724 0)
(7.465208467542364 4.123934440935642 0)
(6.922902488274218 3.918488853054105 0)
(7.09863661718067 3.953810384925958 0)
(6.625193712791478 3.690430680303924 0)
(6.784546605573113 3.791803661786184 0)
(6.280189831364783 3.537615233214946 0)
(6.455732474419388 3.612058286150891 0)
(5.897126719965424 3.366180841476284 0)
(6.086916319395507 3.448547687927432 0)
(9.638371471326161 5.017738856500921 0)
(9.190063600654536 3.631646843637904 0)
(9.385662597863178 4.384103842660105 0)
(9.563090970875278 4.82846783465067 0)
(9.288060960775525 4.136235776395405 0)
(6.430294739987801 3.387887461455366 0)
(9.218517476670309 3.875338363417251 0)
(6.637453525630566 3.376715707950784 0)
(9.473168997301332 4.620745202313109 0)
(6.866697457893016 3.503904348967229 0)
(9.317507243237793 4.855620858576204 0)
(9.201681324052801 3.417713250566747 0)
(8.938645090294605 4.774115503013325 0)
(9.19373258434209 4.648155034047936 0)
(8.565063391898009 4.503103369833871 0)
(8.74114645895073 4.644919258889603 0)
(8.182227903375658 4.275490103640164 0)
(8.383125160034339 4.367979327931837 0)
(7.816496197473804 4.150185870528548 0)
(7.970010596307436 4.260098171984158 0)
(7.505531238049782 3.82173702667783 0)
(7.702129647932455 3.973629371358941 0)
(7.261504641292067 3.730328083153977 0)
(7.02548036786501 3.713253810061292 0)
(8.980434880617016 3.755770969059748 0)
(9.11241889478573 4.327459864082086 0)
(8.969921603985965 4.058947217949749 0)
(8.963144383590237 4.546710765420366 0)
(8.367274224796397 4.005364955816617 0)
(8.630907404142292 4.152463774064791 0)
(7.8589953137311 3.635826400755637 0)
(8.041557796034288 3.931888161356854 0)
(7.169640692126177 3.399266402435295 0)
(7.531646935994637 3.450382286578288 0)
(8.318886347362996 3.572530968889319 0)
(8.866330531561955 3.440956165073746 0)
(8.826974128607954 4.340088395371915 0)
(8.01616673769723 3.176764087098928 0)
(8.67276393779678 3.813496505359712 0)
(21.6711027667497 13.80508728510866 27.5)
(21.82920323263593 33.41493441164196 27.5)
(21.85358358132844 42.13846787976822 27.5)
(3.724354707226588 8.067293240944359 27.5)
(13.03337276173487 9.23303636303911 27.5)
(6.018791579036971 42.52578969669344 27.5)
(14.25339469066845 44.22363115299232 27.5)
(21.88409151821881 24.11662198653665 27.5)
(13.32539082956777 28.40012839149678 27.5)
(13.41704105765562 36.85158562426521 27.5)
(14.04674850509508 19.24437960693058 27.5)
(6.992528843743514 15.37280947675895 27.5)
(3.335100065332647 33.42729555865305 27.5)
(5.312238086629314 23.6398772915008 27.5)
(3.949373910842576 50 -19.31106218644335)
(13.03278817822989 50 -20.12489470299805)
(21.9434069169737 50 -19.73634283094616)
(5.874734877475563 50 17.61831485179726)
(22.61147327451573 50 -10.97534005059336)
(21.89365858184096 50 -1.541518975687273)
(22.3151551432103 50 8.706475332767626)
(16.6377342314273 50 17.67549770623064)
(-1.14142874429868 50 -10.04225233313003)
(8.092789735511392 50 -11.4776641358729)
(15.93183277452109 50 -13.38287646031264)
(0.6677547884793886 50 8.435840824580817)
(12.28150123147407 50 6.40263822546184)
(14.26029110029706 50 -4.985228424891486)
(4.841675171129886 50 -1.724995455666503)
(4.607733857370079 0 -19.79374022592602)
(21.42147526746115 0 -13.55055251115917)
(22.71905884349967 0 3.94417893845462)
(15.88503113457779 0 19.36479987703163)
(12.98008645381027 0 -17.7629443457855)
(20.73202493030675 0 11.72007707504817)
(14.05589228071004 0 -8.888925472927326)
(30 15.96578513995337 -19.53663475041662)
(30 33.92497918346779 -19.19298308295476)
(30 42.80497202019388 -18.73542194411602)
(30 16.10339921241233 19.30599599627571)
(30 24.79297777455826 18.56135909943666)
(30 34.30155372006572 18.23507501031369)
(30 42.98754689985333 18.15309127684199)
(30 8.404670489637907 -14.22550096017467)
(30 8.185890684499686 -4.321366731270594)
(30 8.139627863495223 4.386592285036762)
(30 8.454564002749445 14.14071610777386)
(30 41.28861082913417 -2.401971267517141)
(30 40.24209948290751 8.192845237092243)
(30 24.49990169387826 -19.11355720817702)
(30 38.42511807421207 -11.11346167062313)
(30 17.87461097333052 -9.767037800199066)
(30 28.3536245879613 -11.00988158350837)
(30 33.72252131882783 2.52126323790548)
(30 29.05900518032046 9.733124981304812)
(30 15.2740679450286 -0.1486914404543214)
(30 18.09139341124456 9.313976016187553)
(30 33.18293396287407 -4.721601619051551)
(30 24.81074201997537 -0.5520801834004452)
(21.77110394852018 15.99458599630031 -27.5)
(21.42556080372846 24.37837998291814 -27.5)
(21.84795365806533 33.32050063498973 -27.5)
(21.10978536054287 42.12082885461143 -27.5)
(5.611025049493875 8.726182674286044 -27.5)
(16.24088321094152 8.512609314650216 -27.5)
(-1.864320053075492 41.28110782604561 -27.5)
(9.643423292768681 42.85195486536011 -27.5)
(13.00367288510972 28.22677570383365 -27.5)
(14.18047598256608 36.25162299908565 -27.5)
(0.08742988090799741 16.72784013021195 -27.5)
(11.60984577864143 18.21277486898615 -27.5)
(5.614234475061217 34.43808633626893 -27.5)
(3.774061387952358 25.50593635613574 -27.5)
(3.46349185171406 8.901067791612698 -3.437029086524164)
(0.9716234126852166 21.44838761842611 -1.385735692342857)
(13.90693904074306 19.25244322136894 -1.650622832869433)
(1.379921060824513 30.21257521243556 -3.063769885742513)
(0.9693354954093893 21.16432505544995 13.99587369115946)
(15.09462919475745 17.51332556133031 -13.63191210930323)
(17.05933881764103 36.5522766968412 -17.34236291525322)
(5.365819538086655 40.31130162042649 -17.17331951372731)
(4.002603615978425 13.73557666598969 -2.342229169016859)
(12.67125269668865 14.96753920464463 -3.429548388652979)
(15.75221351815201 32.4563312999107 0.2278582806650066)
(13.51291185192715 17.34564312259817 13.74788264134181)
(2.192017436173692 10.26123739027045 4.77743198253125)
(4.27278228325018 8.263107079992837 -8.500539376049188)
(11.28973384943854 8.387012082341888 -8.143074248154901)
(10.28189863589126 8.280653299920299 3.775412609272796)
(16.80862548324588 8.363946724918364 3.789554283140553)
(25.25792051412222 11.70184804456176 3.727831865888239)
(18.66399774912893 9.819530504425433 9.107292351515005)
(13.27071359514323 36.13074646997787 15.93903123648971)
(11.42242150558451 15.04103013204164 4.431164520322691)
(10.0107049744073 8.234538726658142 8.457570643198858)
(5.43004290860944 17.11819050013881 4.05211051404809)
(4.745958919664393 27.38561937830063 3.129969509991302)
(-0.1196320475743989 13.67154575562878 11.69792189229532)
(2.557521854005682 5.906838869040697 10.50328023267488)
(5.901044645526058 9.530149046415106 19.21517827785154)
(2.503597074343867 17.8177591029819 -12.01837444311429)
(2.981066295339287 7.902028794500822 -19.6720426084534)
(2.879960753210338 4.030410966522114 -4.896270947218627)
(12.25829407625568 4.307493502952732 -1.859110093380999)
(15.91010384719807 8.281675830003284 -2.134614338459504)
(17.04850012399201 18.21083599617283 -4.748291351521546)
(17.0610333551047 5.512843914584659 -9.909578985733942)
(12.21518504240578 21.7268299580997 -5.193507915655345)
(10.49361895599986 31.60056412466307 -2.92318763852406)
(10.26172469922576 14.73327374241276 -12.10524688632743)
(10.27255901968801 7.018300767218562 -17.87358178590348)
(5.193204727478103 6.60333719620051 -1.052889121424634)
(6.04094772953354 3.029530150373856 -3.725858298649455)
(10.50055478301625 13.19578917275673 9.663795994779885)
(11.47725304995529 7.857804157276431 18.72091415166974)
(4.057715521468197 22.59897841670838 8.175232126924691)
(2.010429032141426 15.05600014645627 19.14489372721781)
(2.495119895772583 12.79619331688892 -0.4553415686274099)
(2.541065009377638 25.73667564365948 -10.9741677291837)
(4.401296564486464 15.85504623411431 -17.39866220452598)
(18.59358924985303 16.97644291783552 4.247802284189137)
(11.7927570338934 24.34301179901122 5.885023834699321)
(2.653221457284352 7.129060770748476 -7.582913720574447)
(4.545463114301269 4.04053806254322 -7.124009138972327)
(8.910672874969027 6.592315665220459 2.318276650464507)
(5.228009003096234 7.668574662027648 2.591707737254998)
(5.581975413845184 3.449363971973066 4.775776924768246)
(19.62949914388809 6.646011174106901 -18.4125316367112)
(10.92312375445503 13.82865612505221 -18.42509188002505)
(12.94498341278599 3.472708842774474 1.639001686384627)
(8.777603890351962 3.406577930112294 5.061557553329355)
(9.608251696196666 3.641188587321587 -4.281319247470065)
(4.884104109963466 4.304224504985919 0.9613437258360575)
(4.924525253235323 5.655375935486722 1.472748055061189)
(5.006225805736255 11.55901153838569 1.703347578487187)
(6.377434328791004 6.331770573052642 5.701885277576733)
(6.029224971391458 10.99549725513129 -2.153006024053213)
(6.056321759418922 6.765681062102365 -4.724932832576141)
(7.115140673852037 4.572473608487181 7.688185984209136)
(16.95167462912915 6.33111690540252 16.61631765794858)
(10.39678660291359 14.64581710614273 17.97115554892535)
(3.648229855731075 4.224983663853282 2.897970869326502)
(3.351746648175493 6.370199504862994 0.9073555851122166)
(4.83022623012184 2.760178067685356 -3.50384569169883)
(3.575820531442024 4.832961298358455 -1.972787496146715)
(12.03124023131659 3.181960596036729 -4.467423072598963)
(9.043267370195048 7.111395686159765 -4.232974464276223)
(9.560343885417364 6.205028422252488 -9.684753494867053)
(22.96217306056209 8.746130711626568 -10.57921340268706)
(20.50764590853674 17.36517834151054 -9.888015355399485)
(11.61633685632298 20.81881613670202 -11.5519056661777)
(9.44506445178669 2.763974915633169 -8.098540842753437)
(5.264413337492154 4.084026247370974 -2.340413814267953)
(6.414283302513189 4.458216081470598 0.9955961474755546)
(4.609033478793027 4.137434603019162 3.018084335434491)
(3.244161440722533 7.975708492500988 2.332306058189945)
(3.596510226787321 9.035029969010026 0.6512999666242678)
(9.684349505272252 9.985112144565433 2.86225998958829)
(9.828127954805243 13.39954538800057 1.990268251007739)
(23.928651666444 17.25621150263701 3.799798719968933)
(24.66775673830676 10.36673196539002 10.66167724113281)
(22.49565382505786 24.46452333348233 5.126415658050341)
(17.73985735008082 14.55271602961461 9.183867076532817)
(11.97173635423054 29.41863512750578 2.852974735483842)
(9.59438452653823 30.17597404145818 9.904169516128482)
(10.43644914551319 20.93285456110276 10.2255357872157)
(23.94271050814978 12.18925633256241 -3.059658598799207)
(16.92299822186602 26.3434252454989 -3.357244935781469)
(6.471686901193261 14.17959488108103 1.739359681037977)
(4.749936731096924 9.935719304523609 3.563370195016515)
(3.548050491674884 6.349564678333296 2.414187234795903)
(3.118739719515006 6.122743253588968 4.065874131594766)
(10.05385873056692 7.692606699587549 5.698054662193769)
(5.335028760147702 6.224027015769742 7.91987183383469)
(2.004964093745607 6.11391904142577 7.499886888095027)
(6.0217469909758 2.977786684485595 3.245052306287949)
(9.430869158450712 4.118033958466102 10.79973317839931)
(5.256738822355284 2.851807193351451 10.92273674379695)
(3.303926121192647 5.249280409949038 -3.535729660900834)
(4.378064309655538 2.279091583610326 -5.127646549547531)
(5.592171258310769 6.61726860327995 -7.798473031391977)
(6.523705342166799 3.916310531495669 -10.16280375481788)
(3.008263894659287 2.956945364103856 -10.91933927928002)
(11.94325627060455 4.466242870257815 5.708725449091033)
(4.945046116924519 5.781271427242725 -0.4843036992290577)
(3.41305765034731 7.52884681749213 -1.181880855596066)
(6.148802786501104 4.858434422379134 2.218054486408401)
(6.550296438778634 2.571373908920805 4.304289834883852)
(4.844802307236564 6.098856334269596 2.44131855335015)
(4.643443715817562 4.750328015896781 4.496694823484505)
(5.042480513053334 2.421674875576879 6.046999994595395)
(3.457676830361794 3.875792068298853 2.196435095827017)
(3.067247268957662 4.71499434152606 5.868521816882052)
(15.39824236056433 3.746099573209885 -1.949463734223478)
(13.29684363624436 6.696104212371871 -0.7581988120616984)
(16.15389499465375 4.039854401821891 1.179862814659157)
(12.99336188763157 6.882441778478716 2.287135533809766)
(9.675066998504537 10.13341223890131 -0.6246028450427097)
(6.562160281312083 5.693853896160467 -0.6602533478101443)
(6.884539950887199 4.004477549992686 -2.146202090237854)
(8.084393497430103 4.21632794766363 1.369116900057238)
(6.753477396499322 5.996200604576232 0.9996112747453187)
(4.348729105189195 3.84271165495384 -0.3521309079339648)
(5.062346295879012 8.263495984559412 -0.7274192563041217)
(5.828477056873783 12.91198379220408 -0.8310978704804742)
(5.32262354190649 9.915134092770279 -4.566798407916408)
(4.219890652018445 6.187377266463719 -1.92304649214718)
(4.550212078075425 6.694918235463155 -3.666463848872286)
(4.865380085732092 4.33395932842849 -4.339420790487487)
(4.689836950212417 6.845786054864399 1.246832415236015)
(3.119961473277632 9.384400114997106 -1.314090616884755)
(3.429954936285494 7.658677165669595 -2.607689753829667)
(2.423396386916707 10.5231913239779 -8.034634562824213)
(6.247342334771186 10.15052268780222 -7.767959687448269)
(6.106905849110682 13.98354354286807 -6.425155577125029)
(2.957885453898199 13.92917068023531 -8.162070864218908)
(11.09584826387951 29.06413761226591 -9.870104299732134)
(6.461735634030086 24.06200987292521 -18.06296603213375)
(2.67271737621131 9.229496539479788 -10.87247016897943)
(1.955858482770566 10.54295679701333 -15.06634625369493)
(3.089501356510637 6.055761060452276 -10.09184889946231)
(5.619351434561299 6.744743261825131 -13.60042402099365)
(2.00945304722707 3.377754840045981 -15.90972712412094)
(3.551443143323037 4.15887036681421 -1.119104430135254)
(4.894795238372764 4.16443149273752 -1.132047918129545)
(4.461477047215399 4.070755410333569 -1.760539542484881)
(3.605579585559402 5.201965662506356 -0.8051847006936222)
(3.640454523977876 3.677092728897333 -1.733141553836497)
(4.211561291865714 3.145959364710285 -1.683383235031151)
(3.564699237434946 3.189126852733162 -2.407970211999772)
(4.532101290826426 4.06077353180336 0.7424671249267936)
(3.686810350738414 4.061726325195621 1.542679021776611)
(6.075087837577677 3.382712221828664 -0.993839003179887)
(6.403039641227097 4.036234250720025 -0.7879849927094101)
(8.391398399718673 4.371932744644123 -1.952838721578964)
(10.09053029437601 4.428309619405232 -2.244609587597414)
(7.89767675186601 5.749637201863785 -2.417143529698825)
(12.98747384128279 7.201275663887658 -5.697267654664815)
(15.80864918037549 6.646504572592905 -5.906597481560302)
(13.07706489976557 10.32745734357145 -6.24558852556653)
(9.736320115517318 9.875173165107542 -6.210875083665154)
(9.242278077413827 14.2337397875251 -4.880095861088821)
(9.17953691042548 12.92488152013074 -7.988273197317126)
(8.08849178669195 5.264280298564925 -3.798987709737117)
(6.966613012220864 6.018585958518266 -2.801219720682914)
(7.555378359593918 7.697722339679644 -2.138377071977708)
(7.297450249400206 6.357836708109149 -3.943195225103559)
(6.952223927845254 5.035314156134482 -3.942937982253342)
(6.28162923827162 4.465672728107329 -4.999954884328005)
(6.16873151534065 3.000059524919136 -1.627550518045784)
(5.487755134134858 4.485513792330719 -1.649035005710741)
(5.135290454632822 3.38810125899419 -1.74121294262242)
(4.328064905902051 4.677978242236398 -1.084567059836244)
(4.518323909576853 5.531553572751024 -1.111024798149745)
(4.807111395077915 7.871641967241919 -2.336390286813615)
(5.197332842817605 9.473808042817558 -2.135973240594788)
(6.417795746146422 13.47271702957066 -3.406197506631703)
(1.952186694570456 12.4336782424573 -4.69557894858612)
(6.732199865384972 16.7764485964695 -4.337427109834611)
(5.766150055775274 20.87433472172862 -5.503419393810883)
(6.183682579873642 17.73452769086269 -9.488960619679652)
(6.118981482862245 8.307480793694145 -10.36784462089787)
(5.20075628612863 12.81531986588511 -11.15984319843328)
(6.408614229579364 10.87796588477638 -14.56538157268682)
(4.994816160700675 5.700378755078613 -5.56491653990975)
(4.742783522846212 4.947333286359654 -1.82570914235856)
(4.717300841283447 3.258045256730727 -2.523959390970748)
(4.160388781535859 3.906057930627437 -2.478232514430685)
(3.851262530888829 3.642873561597122 -3.43836772878756)
(3.770400674771964 5.40021838376627 0.3177260030189166)
(4.41688617014261 5.097067861558017 -0.193870474630528)
(3.876842849663309 3.642167881685611 0.5318150072457392)
(4.290124201804816 3.20042632655399 2.391597157482863)
(4.500174054597002 4.160254331656978 2.104398676397021)
(11.70355389578955 4.468974494842317 -0.9164848266068095)
(18.29718048344982 7.011314638326866 -1.46988595995502)
(21.04632613568523 7.08394883259689 0.7840117184881835)
(16.27551209635215 10.57351062081532 -0.4175969875983009)
(15.60251017627314 14.00530078480398 0.07924396126895535)
(15.67794331468247 7.856449612413244 1.173175119325741)
(13.10185153711315 10.55223957656217 -2.181721127815338)
(11.81285759380348 13.32318411340668 -0.4322712199827022)
(12.44177366429519 10.55123799120931 2.141188368449958)
(10.14040005285286 4.232038233942379 1.040030952514009)
(7.879384064572021 7.4410893790097 -0.2223335546971919)
(10.0234027626348 12.73808909405746 -2.515618236352433)
(8.922713976606831 15.34598149090278 -1.413656616002047)
(9.320356543523754 19.28725080727503 -1.88419167702283)
(8.040805844457241 5.984847279146177 0.9443873236001529)
(6.311110335824851 4.086116491455313 0.8445227110906404)
(5.261283410094432 5.293352175787046 -0.08488762733102903)
(6.08925940100881 4.72745479853856 -0.1642877059841346)
(6.492065224183163 8.012691516359482 -0.2158542390010113)
(6.57026632488417 9.515120805888959 -0.6400784300382825)
(6.194500941966778 7.623726436773603 1.227613655260178)
(5.428277856067375 3.868269611171476 0.6123017892459506)
(4.420050750074705 4.711260221506263 0.7269207967831709)
(4.708833210991247 5.332587597090665 0.7560900551478853)
(4.316108601344752 3.476079009338731 -0.5063786710621079)
(3.818553004029317 3.672269878145509 -0.3736997711215829)
(4.077169464334634 6.673588117284265 -0.2070974158843034)
(4.674999265331821 10.59785644603984 -0.4861336151939757)
(5.072193836406499 16.86981998609906 -0.864206765083225)
(1.187408679246275 15.96945604703328 0.6268485794822414)
(5.526728835002606 20.63284699209361 -1.050979427503203)
(6.712841181773054 24.91646749844105 -1.70775197453127)
(12.68900702419272 41.23346529373054 -8.293962475175443)
(4.244357524831754 38.93701764264455 -6.252816114316233)
(3.488135937805009 37.35114550790772 2.700993874170838)
(7.555280869636054 20.72450720639597 2.290626971439207)
(5.299382323130764 8.784500488687893 0.9009465403631389)
(3.732818709408967 4.678829417276602 1.265435273397451)
(5.47542724115078 3.433524071070414 1.467068111753517)
(4.472505614283475 3.959866855711123 1.315132714362213)
(4.211187661453498 3.877789724017725 0.07528538272688155)
(4.353839738449891 3.677693315704936 0.6737443157487502)
(4.293546493435647 3.282385398817808 0.4497780729281339)
(4.659825386064208 3.356974168622698 -0.375085649722988)
(3.924154689169517 4.324005009783259 -0.4829651630967102)
(7.831624096928187 3.035477448958035 -0.8813361508323619)
(9.848240657513051 2.991753793040392 -1.882297464537561)
(15.18517562905412 3.446966819741176 -3.719839504243154)
(18.59118887665814 3.286618277298716 -5.865629146195907)
(23.90430834251152 5.534179100730799 -4.973059383667065)
(14.77703442425653 2.770214616131257 -6.279166317761049)
(12.2687321472812 5.119867134787528 -7.557030091855035)
(12.57174414714543 3.667637592040527 -12.45689081862642)
(10.32420038016432 2.203466963518855 -4.961262723043473)
(8.285633236440036 2.531632703924609 -5.08855801431399)
(7.429692570119828 3.722582649579947 -15.02342514749412)
(7.261886015521393 4.135187755663424 -0.9000254545630129)
(7.156911496704924 3.003016795155046 -1.699026168773739)
(5.439497887221993 5.121711371960176 -1.027686545824835)
(6.276623556863326 4.903540714152033 -1.143625122658111)
(5.875576788013205 3.453851644310309 -2.575418857299323)
(6.326712988218384 2.888833218348838 -5.326821258078344)
(6.828966838551746 2.148129339195175 -7.382212216676702)
(4.182912797366224 3.84122906079629 -0.9916640781950659)
(4.244340230996664 3.217028370771432 -0.9154709346412888)
(8.530738614058444 3.270562842498137 0.5233623403758625)
(14.35622155489464 2.694252990589097 0.7772771895524606)
(18.80736817959286 3.491224282061205 1.531934207890465)
(22.92337159811788 4.273505755246306 2.375184013627964)
(26.4323820045153 3.636613419924281 3.761591853509622)
(23.02761173102861 6.289142318201029 6.445052156254182)
(20.46582680393787 3.658294225362927 -1.548936621454329)
(19.43621303813336 3.504437507008608 4.955408840689043)
(17.38586582666588 4.898939177642169 8.125760138831714)
(15.8121010938663 10.40356147745636 2.275442125473693)
(16.48365043256096 7.933273182486601 6.870222468928183)
(16.27913919557859 3.079906243990276 4.392750472391832)
(14.71452529185178 3.786302224417153 11.60269262286377)
(11.45437129811923 4.488814408690333 1.067166592620623)
(12.39363230758428 13.48465830473917 1.918308893254131)
(11.91047640837344 9.304354172735923 5.050653749010912)
(12.83304920721746 6.269481573353475 3.912338818782804)
(12.15863672428363 7.924404797798267 11.01637450410298)
(11.81257166877063 2.760323075472025 3.061000257248443)
(13.07163715867521 2.897340769555033 7.821358035510214)
(9.86159417529309 6.209960032803355 1.091773957553947)
(9.878831608761498 4.366675629324227 2.297046258259182)
(8.375231738772223 7.420652607318631 1.659712003656504)
(8.205349265204323 16.96141602325103 1.348220622985459)
(9.298204601550896 12.9549101581952 4.886662360117055)
(8.693329507551043 9.959627187080585 5.545065128358684)
(7.669050519680896 6.510205184485232 2.527924394583554)
(8.428933943097368 8.397432249671184 11.31577123390335)
(7.461403619410352 7.393518801876765 14.64887094355263)
(8.317603718873896 4.43866749244678 2.492384012562803)
(7.82834029097082 3.994325226420297 4.390440857185448)
(8.541693427618085 2.396661448838175 6.168942438169072)
(7.924750017120908 3.590434932280059 15.86820104217668)
(7.098102179659189 3.969690858393665 0.7380855885087314)
(7.013304296155003 4.677500594644254 0.6259022678142719)
(6.785886133313777 9.506883497924385 2.203857205726907)
(6.704717573014571 7.569141754254397 2.335870443434596)
(6.161321851626679 6.08805981478564 2.692324743866673)
(7.369585367723981 5.430696154490954 3.712927903352444)
(6.781714786958768 4.05095982517838 1.928252697168311)
(6.260688380044737 4.359629939294511 4.244720476869655)
(6.937518799739753 4.630906236636258 5.521483210221954)
(6.922805201559033 3.039239554218367 1.531784989326947)
(7.036813115334412 3.131865248446647 2.360936212503052)
(6.234173258023941 4.84675821287803 0.792947581962038)
(6.43771237356786 4.854131163907375 1.4314408866344)
(5.827241936275269 4.082593994478847 1.718806520172952)
(6.187499702544133 3.406771388089601 1.833765087150252)
(6.968971901633276 3.034335069759798 5.76661599194884)
(7.069194566950951 2.240314111570935 7.938075889547568)
(5.403864076890758 5.046713347390043 0.8178838679652155)
(5.402002674203986 5.907407638069059 0.817700509635549)
(2.393672467367888 20.59487051211761 2.968404979576521)
(2.216727070151524 30.4480661381575 8.792220169453183)
(1.231475444374011 39.50224392734624 12.4170939518663)
(2.930577344582999 29.58409528064455 17.40858025377278)
(8.260018515373906 22.68718779132176 17.74555319042409)
(5.432619935488255 17.28438497624159 11.16411012875076)
(6.208896912514405 12.56748362257187 4.543640348304374)
(2.281141871056994 13.90199466243392 4.894981309703159)
(6.058543022447146 13.4778979847453 8.010777981335547)
(5.336042641122567 11.23512047980883 12.44707964074926)
(5.206772274556158 9.22270617190366 7.467093597617321)
(1.371214203474978 9.719292317188604 8.663327695238397)
(4.375490587287783 7.994959385504636 4.641948212835819)
(5.05381309194625 6.374643199777733 3.96348026807299)
(4.228292726699515 6.283215178178768 6.004367918626132)
(5.981807739503674 6.120188365413417 11.16555318311922)
(1.891146149258868 8.538882535725426 14.06516522641829)
(5.274715127528904 4.728522934833109 1.494873268048786)
(5.051118675378484 5.068841190696596 2.297598883399027)
(5.362328311778556 4.27840025353759 2.389659145281054)
(5.271497615844791 3.767330592780137 3.590945696022406)
(5.409823108306034 4.494310481085233 5.982084801774794)
(4.683760223512922 4.061986425852729 7.90510358032634)
(5.297216148527434 3.297008817293838 2.295093505353637)
(4.76956401292275 2.994584194428542 3.124406380643537)
(4.628809066352742 3.391101913121568 0.4756322869477199)
(4.727778989591824 3.732106903969186 0.4173228682295857)
(4.697014700484553 3.289962911704443 0.8302734182427567)
(5.159454989759274 3.824201116860237 0.1186765330967156)
(4.673730272006981 3.843413501756163 0.07885533944119848)
(4.33538380874489 4.117990847036996 0.4210159393561419)
(4.539644381632008 5.966735959060832 0.4968818360291751)
(4.402974945368364 4.722560275327933 1.490885586593967)
(4.121192690589472 5.172322933744047 3.316386576118971)
(4.286316338377856 3.279256608272135 0.7911134953497624)
(4.48179187191564 3.285897991394145 1.227310025310361)
(4.108206522233425 3.48040423888986 -0.1020289931024227)
(4.371043489481417 3.479484836758234 -0.1608517421386179)
(4.217496989759474 4.539997479074071 0.1423853587767829)
(4.107298454848545 3.500539815001418 0.2210268729571029)
(3.998791121867995 3.564718112602885 3.769935314487397)
(4.198406838048691 3.210364704482729 4.79820455608154)
(2.901880660444978 4.402950885650161 15.50332134204578)
(6.315785663316798 4.440564247506664 22.10595971477602)
(12.83305738181719 2.933673791647921 -1.160032033171019)
(14.3482352452785 2.257807419670782 -1.502442649015489)
(5.623499423347389 3.460087241685187 0.4368431577120486)
(5.151739475999075 3.704260080112587 0.4387111637455297)
(5.021245779224301 3.321711268100436 1.059636127465082)
(4.766233575725298 4.212400448863752 0.42128899339994)
(4.813621292353585 3.747634513076756 0.8336815871382369)
(5.273495634532595 3.419582943484816 -0.318057667309828)
(6.010120198894477 3.408634909579102 -0.5089592656232903)
(5.194556152554109 4.153212704323222 0.1266597527016733)
(5.076971458619385 4.643361468072817 0.300960279879379)
(5.248841985556717 3.825793912896257 -0.3795852682139023)
(5.147837578321901 3.798596959410514 -0.7600555308758014)
(5.185767088429261 3.383360184441329 -0.7130883630053471)
(4.806751842188113 3.777745479785207 -0.3409058658558816)
(4.602560520570877 3.609983166310001 -0.1344338593730661)
(4.711488769130165 4.228445046713269 -0.05058177041501211)
(4.47844458026212 4.311420448439581 -0.499610500464464)
(4.699849538788989 3.71105752404025 -0.771952842293809)
(4.620544656344694 3.401966120339215 -1.229074370075227)
(4.416252254887715 3.466794338470289 0.1645809729041393)
(6.22878941780935 4.118456515706029 -1.691442710023671)
(4.846947008107983 3.34675656328308 -0.1482028270249166)
(5.936631048863487 3.766766871680366 -0.4272955594742441)
(6.026986895087384 5.978258734404318 -0.3492878390187788)
(7.984003788380879 3.892320325703706 -1.15629141502991)
(7.873490094935419 3.613139179534396 -1.911155756884395)
(10.16858552207681 6.294967382608252 -2.413935502160044)
(8.028120187145859 4.235517308749202 -5.268012847983521)
(7.005349232799416 4.665486997619627 -1.299260056277667)
(6.268979937812823 5.108536255474727 -0.4128658030799353)
(6.329881351476963 5.232623340813504 -1.881746674387693)
(6.917338313022714 9.420875262741299 -2.405232458700557)
(6.604195467932326 7.733722829510841 -3.582498310972362)
(6.809065107233331 5.873904496339465 -5.396494802054295)
(5.960351292647587 4.306770654375008 -3.702737254024375)
(7.422044852436184 4.930071126985703 -7.083469009291073)
(5.456617004702038 4.155907787148069 -0.7554147938136658)
(5.642061680017653 3.585786376135328 -0.810087881774578)
(5.145509130299527 3.594321724664313 -0.1287322739400874)
(5.097435436194605 4.228426789560631 -0.387068072410382)
(4.9908493351177 4.794083124633576 -0.5091537931009055)
(5.308308443703356 6.251599616687827 0.07321681813918507)
(5.384086066236586 5.627732629948686 -1.732064529763998)
(5.469721723528767 5.275324867033815 -2.737963225926131)
(4.336224284089394 4.884618340166329 -2.828956151086795)
(4.895050104533769 3.684558993431601 -0.06026757812437619)
(4.81348638960447 3.407403232255082 0.1557104763956946)
(5.137049628626612 3.490770740678531 -1.110997294767543)
(5.082733782018755 3.976999426155483 -3.172400387731598)
(5.989927408190254 3.679344331790651 0.3854435447473608)
(7.769634448992795 4.175821834061468 0.4722873026035167)
(6.128566306966936 5.437501048898294 0.7085165774099664)
(6.119513366705314 3.959134487641208 2.745020861400146)
(5.529200848031858 4.42641211086596 -0.005890782854835358)
(6.045696486600273 3.403414758266873 0.3918532178701675)
(5.504050870381758 3.284653202750543 0.9964249218482933)
(12.7963176654047 4.261862393852541 -0.8941248244594187)
(9.563819966838723 7.76256939017566 -0.7898651454255851)
(14.0291999492021 4.340816257991762 0.8046437613800358)
(11.94803977484583 4.033818357900855 2.7230667068469)
(9.783576346794861 7.739520445932599 0.9181685616323233)
(10.78736018436254 6.152209443094183 2.371969595699586)
(10.31104916810467 4.931413750169631 3.784755556565145)
(7.869515962913427 5.587183164712541 -0.134982566827973)
(8.048913849073379 8.150028633962442 2.799696814986346)
(7.013777924860224 5.487717323619588 -0.1768015060323065)
(6.72365579320386 3.252190099724028 -0.3069245670763358)
(8.639605816149954 3.185493699332362 -1.446064410343393)
(7.82734078460263 2.960457314815935 -1.47126636649838)
(6.889005204168942 3.149946226774464 -2.456390355293613)
(5.382734106102173 3.893598779800633 -0.09789822504766509)
(5.134310651236463 4.042322954044487 0.505993453160718)
(5.268083778723237 3.5790296513499 0.17380683276169)
(5.235541679044601 3.684102886673457 0.8964091102379466)
(5.066726078013339 3.830061305344513 1.478656797968066)
(5.301144857361884 3.464724385214116 0.3903618621862708)
(5.447012651053341 3.251574345915153 -0.5035208080904109)
(5.026923961455137 3.557547640820378 0.1376047957382887)
(5.008310754985362 3.457745017222632 0.3580826351883271)
(5.016378194181488 3.939553704732211 -0.1103288836390301)
(4.940742525534954 3.916437627835859 0.2004873536370236)
(5.003766164996665 3.517565684495966 -0.4554203902058339)
(5.004379491102569 3.425775968246514 0.6079511914198932)
(6.443083833742233 3.72139673373422 0.3894254685258223)
(6.876432590384507 3.697037116404898 0.4576460357884385)
(6.027492084570824 4.272832384494113 0.5548508428711)
(5.703071266607125 4.617947533187783 0.4715193270677837)
(6.040410427272201 3.842393566417535 0.9967918541606291)
(5.923108569967366 3.73376689173228 1.369900421411555)
(5.529258579086211 4.179731565876327 0.4305014734629145)
(5.45895200712588 4.284740517518085 0.9099238822825806)
(5.642537452725462 3.775589910870199 1.069571061960327)
(6.32591593717658 4.657658247172287 0.05426078264496186)
(6.512115423792398 3.815884856304229 -0.4707040456043596)
(5.77856182441114 4.02738979150688 -0.02197974066167996)
(5.939166389311294 4.56775932320131 0.1439772902825063)
(5.872742952586013 5.128663600816013 0.1720274251098971)
(6.745018510633989 6.252826036795484 0.002234791904454758)
(8.243825870062144 9.855101062129181 0.1092093471262771)
(6.634807816567156 11.17352845971436 0.2774800458687712)
(6.186732551642931 6.233155336459514 0.6068311657239213)
(8.518656951207122 9.094239999351679 1.461514006817048)
(6.574355334286285 7.770240910006097 3.963690209720984)
(6.18332281965184 5.831659427051895 -1.197284456509006)
(5.800170161417136 4.60138151824802 -0.4637828027734487)
(5.947423247741344 4.040543285539984 -0.3262585389831873)
(6.488396866723448 3.394676396390969 0.5046905279362972)
(6.425877985956891 3.306706018890933 0.8947111443033905)
(6.371962867297041 3.184215147267679 1.313141515017179)
(5.910362809243963 3.322426890116635 0.7928562233610943)
(5.994085123115405 3.43008516164047 1.165862976420391)
(7.882974635954318 3.223145843125881 1.977088582290089)
(8.553762831917419 6.732250492022296 4.379294313338184)
(8.38910964460673 4.794015156360217 5.84294612905282)
(7.030152076641319 3.648406159953755 3.386979485220622)
(7.215139125123645 3.344352600999566 -0.3804588902757624)
(5.871108372781627 3.765177011124195 -0.1606269940739629)
(5.959766529087747 3.916291719783363 -0.7113416874182854)
(5.59420467086951 4.170663296907679 -0.3393370329174276)
(5.839273794993654 3.461951027985196 -0.2027171132745415)
(5.630293831018706 3.778585518812628 -0.04343376273281231)
(5.551111924684099 3.547954233167023 -0.2406830894616649)
(5.774899061668131 3.568341777182849 -1.509330268143801)
(6.166752684775695 4.460379927788872 -2.729072780177251)
(5.547331494378068 3.957179143831084 -1.185158083901437)
(5.401513817722497 3.621793166594743 -0.5429252110249463)
(5.450234866909249 3.779277576195258 0.2076845287221126)
(5.517005743636138 3.645170716557637 0.4074464888485866)
(5.372807598668403 3.451142538319951 0.6294628825277654)
(7.196644349563124 3.656791046292965 0.4710422269016301)
(8.570132518587668 3.752478567482532 0.5903230617689424)
(9.485150019897771 3.893962873652815 0.5453490765653276)
(8.797437030419635 4.837436904504189 0.8115158437562788)
(8.705682723137571 4.047867872026993 1.877455924209382)
(7.692267904135075 4.742770648915426 0.6209608082801515)
(7.551990069416524 5.586160864907265 0.7938742965744577)
(7.839604005122472 4.576755003973123 2.053026652223302)
(7.149837792637479 4.865322551036035 1.592647556091559)
(7.726510459376385 3.918820301490823 1.862046496798914)
(6.811848897087148 5.526781939473418 0.6000005914013494)
(6.458513010789136 4.308552602182885 0.5678684237493759)
(6.248177384610631 4.630799843495441 0.3901018531663871)
(7.078929328853939 6.380201934017635 0.5374316833798092)
(7.035189479304257 5.543950166180562 1.327981009072569)
(6.921453224285353 5.604227656413483 2.088478774871453)
(6.06376266748962 5.623855980633122 1.461320162247255)
(6.303336042510178 3.658132491675499 0.8357315551162607)
(6.319623653628581 3.76258070278497 1.274967599813902)
(6.264268130345967 3.441134434004507 0.3609703243757793)
(5.898511491447321 3.770691663257862 0.1141824650019295)
(5.991688963356864 4.257172390970177 1.144435344720363)
(5.847328895026371 3.950492613745254 0.3571739531416571)
(5.786290815706617 3.6716103609044 0.3477890560144052)
(5.816531191086837 3.719781039026066 0.5562637931494635)
(5.829697015356953 3.454917871302901 0.3502577649113629)
(5.849097852502699 3.485135649877152 0.5572084214710791)
(5.6976569751774 3.802018468585248 0.2002296782612846)
(5.588952126914554 4.029186498121733 0.1660146273835358)
(5.637058211971247 3.867145263444602 0.4443015938798524)
(5.622839072155429 3.618666811782315 0.7153375262909587)
(8.603640322739658 3.845876028150505 -1.004940263623302)
(7.811167588428008 4.809895768023126 -0.8753768790413097)
(6.969257488840863 4.718855202985186 0.2376317463563491)
(6.918109041537869 5.450037090739774 -1.033188579028702)
(6.855262603798908 3.655441948214658 -0.3961769723859297)
(6.775489248167983 3.826137450975401 -0.8065955710692566)
(6.587261646056652 5.024577729789661 0.1487470144915273)
(6.252738657099904 4.191782516175391 -0.4347277693860095)
(6.352249723204934 3.62686440870814 -0.7838084753735749)
(6.85449257783853 3.286998942194522 -0.7168354280976127)
(6.680731939228168 3.612320922590829 -0.1919234258543638)
(7.156085092709748 3.6582060211881 -0.2674600920752264)
(6.883969764696912 4.231315865847607 -0.4325366617476076)
(6.072452912646495 4.024558585145368 -0.03731648814064731)
(6.005005473490199 4.344743391347039 -1.008678385335247)
(6.360051789773437 4.025076291200015 0.08515765311968826)
(6.358260375368218 4.563529051395398 -0.3458886390849434)
(6.208119493946705 3.898520198862723 -0.1943090762992501)
(6.27317153893945 3.480894662663778 -0.1936883433841033)
(6.379649153109616 3.708047407701331 -0.2008811920310879)
(6.066582062918052 3.634918923650225 -0.2612382662455419)
(6.248913683841584 3.587046756912116 -0.4721208781748025)
(6.424005166000202 3.689844949346472 -1.216644016621523)
(6.068038424724828 3.876085781525393 -1.120064894238987)
(6.651262643580144 3.208456639297337 -1.129821101492787)
(6.0576903155177 3.429997974321059 -0.1652614151652057)
(6.093430120740421 3.917779231338254 0.2231656596666316)
(5.862309605631964 4.238940592646251 0.2035017469305872)
(5.681057823858955 7.055231815121835 0.241227250437415)
(5.708479229298298 6.591635191126651 1.587733459498121)
(6.104046062075174 3.844541455848291 0.6038114591007995)
(6.240441187720149 3.663799210533966 0.3862621787615292)
(6.13895840096648 3.526906131990943 0.5993780534931886)
(7.20054361621512 4.182849596889153 0.395297471354989)
(7.247031468797687 4.105962861497795 -0.2210868426047754)
(6.725294491825148 4.557499923194277 0.4033283387425978)
(6.844037170245376 4.524592296224415 -0.3906024125095296)
(6.873024120045033 4.375893096728432 -0.7309739778956671)
(6.70798985661171 4.246597120213756 0.4469667886463548)
(6.673557823270023 4.240086525349952 0.8827704703781172)
(7.639026017726584 3.733621623909052 0.5045644392108996)
(7.388114665884714 3.648047164930234 0.8680473580399363)
(7.136335016581485 3.355998326105318 0.7468437075145129)
(6.855130731900486 3.272860083452441 1.069783208169025)
(6.977683929197509 3.75068316040391 1.051161328437454)
(6.728778418997439 3.645798776245841 1.330876849600341)
(7.500540080509565 3.804515957597836 -0.2739063255547338)
(7.594406573904663 3.669826437254582 -0.7258689446208825)
(9.645054639891695 4.19014931375753 -0.8649689796466377)
(9.690591153446565 3.971094807544403 -1.974789536693078)
(14.05896364791244 4.687044773875437 -2.044833943756299)
(10.53741822520191 8.268550469300541 -2.189113330828439)
(10.01830187466695 4.137878311919663 -6.285689567521501)
(8.938781699058785 4.633636209327658 -0.8241642694542632)
(8.83494535650196 3.934952333515748 -1.731784762133765)
(7.878550126957762 5.643354704036252 -1.077402353908003)
(7.987774869639412 5.553312573070266 -1.740844002542691)
(8.642202267567093 6.292429046244416 -3.71345721700516)
(8.022392286056132 5.001591313294263 -2.285223900945518)
(7.784592713583965 3.972686275268743 -2.477418003058486)
(7.311138156073415 3.898981887585832 -3.525061215015473)
(7.785829776507297 3.065614468292346 -2.574650730317039)
(7.167158012968376 3.696544855323069 -0.6625631509313453)
(6.6963281915314 4.059708298095934 -0.2006630809170332)
(6.648562015056688 3.848389086109687 -0.1976568170357105)
(6.687641073307508 4.224784712682252 -0.05604062543292831)
(6.669502811968892 4.582173127464109 -0.06547510431078687)
(11.21986944408243 5.930681239443405 -0.8600838939495131)
(11.59865731275063 5.694732888022658 0.97472489804028)
(7.812553378936482 6.57357447338083 -0.3202433347173269)
(6.890695492754729 7.1286279459116 0.2457048652327697)
(7.059346477968326 6.247554695654176 -0.722496164320339)
(7.339559588635041 5.323593558582434 -1.747739897948675)
(6.208405780009327 6.954049202723109 -0.7020702817572786)
(6.203924207399542 8.016699143072394 -1.605664433613549)
(6.420696658907653 7.760207644899242 -5.95999800546057)
(2.251674923979362 16.22655703960116 -4.1051376708206)
(3.929163660406261 11.22087252334051 -2.683047692624845)
(4.29377234254617 7.940304485201314 -5.701969428440766)
(6.085587113443413 6.673309392329686 -2.080597882579835)
(6.031686791347729 5.687098160204161 -3.786093354094219)
(3.0509018221061 5.927743001533304 -5.627506435725473)
(6.457515252629281 4.513940429867871 -0.7146922095105299)
(6.519572491028617 4.06791126900605 0.3673048799559648)
(6.466164336273385 4.019691592566193 -0.2156268449534975)
(6.365261094120571 4.277415894054409 -0.1008953395323354)
(6.007017576507534 4.34626262890383 -0.1229950678399301)
(6.299227569871773 3.956231385469467 0.4068862188214978)
(6.232552299624141 3.86746962325615 -0.4538984679927867)
(6.525351373815438 3.42074123974435 -0.1918800465202961)
(6.533897883884307 3.506086690565839 -0.4506869212010264)
(6.739147513330353 4.095894233638587 0.3457428727338827)
(6.706313778281586 3.894459800431048 0.3621659793890488)
(6.616870420803672 4.235346867539008 0.1870557571756928)
(6.552496597010284 3.855939134836025 0.4152348195638518)
(6.460348526986282 3.889673701836632 0.6321418905879169)
(8.656090781433383 4.860495513611862 1.732520169090513)
(7.711363572865372 5.679868535509158 1.500453691745111)
(6.882835865404225 6.505072607918552 1.471817175500215)
(6.918082272412283 4.763864602914417 2.728783658418243)
(5.547424285439051 4.996895170813529 3.2433689031523)
(6.47625457278138 4.169445114236416 1.294581393498945)
(15.29739304747375 4.304993024495997 -0.4835935121564269)
(15.20328706941283 6.240640550373336 -0.950216995542209)
(9.487670668686189 4.837704705620087 0.6313907159807232)
(9.756530967294212 5.051999961024834 -0.9515899798714608)
(7.813546834546717 4.033843668112762 -0.2825268221011295)
(7.552318741039342 4.570994841197567 -0.2990461017322011)
(7.126721604963918 5.002514734490944 0.1051111555391295)
(7.607131772391362 4.998322187165314 0.07501145216530435)
(7.233248619764374 4.527083183613446 0.6198394981643334)
(7.168134926482999 4.618828590933538 -0.4556296651499715)
(7.39241704485383 4.515443396914495 -0.6895730164813011)
(7.233812864591787 4.007847067263695 0.9698655639339842)
(8.102735489791078 3.992699522593651 0.5125152976270726)
(8.571126682387794 4.14934988191568 0.4536021985244327)
(10.49147659938 4.756337841535565 0.6468494517104875)
(14.44252717082848 5.957603392273642 0.799171496416895)
(13.09450810344005 6.740307258636656 0.5996105502915841)
(13.20683571333709 4.608900567030418 2.980733903728466)
(11.66910920803842 6.444101517557267 2.421965138264109)
(11.52430473704565 5.104022045959284 4.248483347316204)
(9.724911555569772 5.689271096108588 0.8107678368562767)
(9.671259265803238 4.6083466400517 1.300846338621683)
(9.938222750877731 6.303132583111354 3.987168604194019)
(10.19413318244642 5.785043776398946 6.065259405615601)
(8.694551566427856 5.646049646780551 0.6353729435999569)
(8.726103674184371 6.540275847767943 1.09850372074341)
(8.691604878730381 5.99938940640038 1.474896013284532)
(8.025101103488264 4.621245313856923 0.5058187850779146)
(7.603217500299283 4.126548524824283 0.8033941634638668)
(7.58185220784944 4.575814676713327 0.8819999224690762)
(7.180544601025949 4.997950478474239 0.5229255174938269)
(7.640755182674869 5.10605848957411 0.5626232387770002)
(7.859513326517064 6.8031283015696 0.6788373320315569)
(7.995279177877144 6.476324922501814 1.581790834196783)
(7.358575593152718 5.347999727347418 0.4241173853093639)
(7.207950992486616 4.664086814729106 0.9876309371308631)
(7.472525733707408 4.363032788288678 1.284163071731999)
(10.19046248852391 4.076305869617092 -0.247618516459763)
(11.61923082770713 3.237147117001281 -0.003514551773075696)
(13.4616594284677 2.579268907600157 3.117065727434371)
(9.694685592541997 3.345839186736098 0.8785846467470052)
(10.30991101761816 3.961775170776577 0.703643510762648)
(9.29742557211704 3.837164116057476 1.321254216203172)
(7.999844154213062 4.234957206197053 -0.2248872486084327)
(8.057682156985166 4.714292910621717 -0.4257829630615893)
(8.552022021215043 5.477574678200105 -1.141407564964869)
(9.401976659758319 4.779612289240766 -1.661581157236584)
(7.940083861280618 6.837786518786192 -1.156498380842437)
(7.66853273939829 4.071115225623898 -0.6499040710766578)
(7.182938379925581 4.431902144294821 -0.07219562025729251)
(7.349897884687369 4.887053216199032 -0.305302702915439)
(7.328126635082587 5.010358744962781 -0.8060051355749007)
(7.035779244794622 4.949275280835885 -2.606153940543896)
(7.058479494247369 7.24560565103797 -0.9920309512728157)
(7.350561114870712 6.2615629197201 -1.767833384365378)
(7.171694717236965 4.291405238522534 -0.2087466865878121)
(7.302509277864117 3.98301389452442 -0.4917047409980131)
(7.104638757474505 3.727601877210682 -1.365882678049888)
(8.68661801662606 3.587539367722366 -2.420853527255603)
(6.814502735907237 4.916248977646791 -0.4974703288298539)
(6.93245884134516 4.355752472819953 -0.1693377827091842)
(7.030626286929585 4.665798161378801 -0.1076358791346161)
(6.434025373215067 5.591192013269774 0.142784377260641)
(6.797239280835841 4.948824792658474 0.5231850337838204)
(6.925665386574163 4.380785060667858 0.1053469627206293)
(6.754848981643226 4.621639893612412 0.8904729219300225)
(6.88508138889593 4.304061204192374 0.3266809247882691)
(6.902748683761852 3.887419246480535 -0.1839398430407667)
(6.974108206069402 4.136206031505325 0.4236197130305501)
(6.852741881227365 4.302103223274229 0.6361520479113854)
(6.901278436497338 4.24982458158226 1.230203582571789)
(6.943582539145971 4.115732866436278 -0.2211457048602524)
(7.014753253078638 3.944297093589229 -0.4219721995455775)
(7.013855304545379 4.06648086971483 -0.6397326905844892)
(6.579723498717535 4.198085074089139 -1.143799338979386)
(6.635212243413484 4.299516298692941 -0.3267317205755156)
(6.701220867020674 4.032954300676988 -0.4713059998243056)
(6.701457097027015 4.063887270027368 0.5834578991448944)
(8.120075266166898 5.596371388569968 0.07396199638932346)
(10.24914228472751 5.804735575081492 -0.05041468228853545)
(13.23513515701488 7.874499307118219 -0.2330151936950106)
(14.38797218488003 7.525024311221395 -0.06359484673119063)
(19.21716488562327 10.73420675844248 -1.696306768462482)
(23.69306726076967 21.49919799028677 -4.336266035858883)
(23.80304124818315 28.60670619590307 -2.083199302424727)
(22.26218280892912 29.98645329597392 -10.83725693836351)
(24.27942872724703 22.27583436749964 -12.36371684391178)
(24.0373282324661 14.84767819722636 -16.93952819197618)
(23.06960148911108 7.073098795346322 19.57790401988809)
(19.99580930535113 15.76152849708691 -1.665702590133494)
(17.75619743906355 23.5673986807302 -9.214551172775868)
(17.79834309440887 13.84018330673339 -16.18788775347717)
(19.06546791724529 31.18398804318358 5.078422907147284)
(18.63864418251793 22.70693002293128 11.8355740582327)
(19.05223909915452 13.63957935260715 17.02526006111795)
(15.92631900623397 11.52399348511126 -3.978889068000913)
(18.30071391703252 11.51993804995595 -7.636665175391721)
(17.65990770170744 23.37844907304627 -17.95282614393186)
(12.44051588787011 9.035099813491295 -0.3651427631815904)
(14.02654620984543 6.482165838463581 -2.271703819988864)
(19.54747893419906 7.66123847151155 -4.552315761371613)
(12.58074218823066 5.800936382853727 -3.79101664755021)
(12.06964788206625 7.430794054010081 -0.2721644265665127)
(11.39127864589865 10.64211752490525 -0.3534631026461849)
(20.58329906296524 36.94218196172157 -4.074902774377511)
(13.73151579963056 39.27560786382627 3.033565095457082)
(13.53060862450304 14.39704202531606 -8.222117080307974)
(12.35970480742759 9.478494436797202 1.271794108195487)
(11.20264939664825 8.943353359752368 -1.331565282569145)
(11.50670029299312 7.474029639533787 1.581095563085892)
(12.03742062729069 7.603997528486831 -1.979918195945626)
(11.68281488925528 7.429372309719922 -3.844230870629155)
(12.19005572354403 5.932890478925605 -2.226893765472297)
(11.67724166861587 6.009642438664599 -5.073646405914602)
(13.90070197578704 8.185319657664751 -9.318283284722165)
(14.59294521513498 9.558650044062635 -13.33064779410967)
(9.454932062354754 7.064380088842889 -0.1482100951261965)
(9.561235878748915 8.896614115700771 -0.9078861071799388)
(9.157697785558865 12.22860798990481 -0.3474296629407713)
(10.08149020971695 10.31314292348574 1.015854534063705)
(10.07289624728373 10.07144591485935 -2.291493053837053)
(9.977936829069902 8.073439864138031 -3.843724154321027)
(9.832369259346912 5.589676381112189 -0.7601128075738462)
(9.728351306921994 6.049524786188325 -5.189437261504465)
(8.710674991150345 6.693294771687349 0.0996782894201438)
(8.734967942702903 6.596333706989003 -0.8389850644114742)
(7.966816470279831 4.962094946273255 0.5923340388479515)
(7.670746544779625 5.429051055270238 0.08337583742387247)
(7.582389687358997 5.888514829327805 0.1955820329617872)
(9.655595449503769 17.2775309810753 -6.463443106567345)
(7.978857755854693 11.47211454493335 2.09736961821963)
(8.045356690634724 10.97524698703601 -1.913575642099724)
(7.682775874610489 11.41278644250885 -4.606547458256776)
(8.367297108254373 9.262767125057668 -1.504180494509785)
(8.39800308060571 9.308806002844426 -3.477689581029422)
(8.339416292786094 8.400332133653958 -5.264173917187714)
(9.922258831871792 10.25061404247877 -10.7212337855353)
(8.453027155174409 7.522800255249137 -3.375030422942238)
(8.10832536343767 7.637577646801765 -7.358934194736043)
(7.572303309470458 5.486538656919748 -0.3831506785714773)
(7.732874099605885 5.102211785428791 -0.3853817445881637)
(8.038216312539163 3.308241471634866 0.5143428834825259)
(8.022022133281125 4.209071973233159 0.8339188332546348)
(7.966447359320472 4.589617237273879 0.9438951187442136)
(7.651033635239918 3.239046899119326 0.7217779620115582)
(9.573144306046451 3.211095945717831 1.752545493455868)
(11.84274921292695 2.36034444674297 4.949188560682729)
(10.31714988383673 3.141166441896335 5.786044055931794)
(8.7742023849822 3.189081158274077 2.306228963375219)
(7.745966104080097 3.688618407436644 1.202891000490787)
(7.39270482573271 4.26970239830008 -0.1621844761359537)
(7.167585573219461 4.429294653268011 0.1393225259819258)
(7.722302281830721 3.252374052003957 -0.3971792341866384)
(7.319727686744053 3.243345447924705 -0.9863001207414636)
(7.122952811408085 3.891920746975502 0.3877844772605777)
(7.172433978632923 3.882679076347209 -0.193922096955192)
(7.316093101784178 4.673068160345076 -0.05481443439046914)
(7.108953488894819 4.458902899788503 -0.2883340498705669)
(7.100169310316103 4.328088179911378 0.3143027730461898)
(7.067710285793323 4.524299107080383 0.3569763660346695)
(7.101682607505961 4.273469075312857 -0.4587382277390992)
(7.380362147584797 4.30963733333729 -0.4085689203945042)
(7.365959598685995 3.853773454040645 0.3808725753721504)
(7.448207382478301 4.073362489284079 0.4241584703710242)
(7.437572534301343 3.064268796529682 1.15261329649579)
(7.17331742971442 4.135311733739766 0.6592470539368834)
(7.291797777413706 3.883166646194212 0.6435771674750523)
(7.246891307084143 3.633728102253934 1.405007943351787)
(11.25535622880217 3.902766136557499 0.01945730600705166)
(10.26835272392227 4.048139861161858 -1.061347221130069)
(11.31107151522284 4.510330171497023 -0.2157047087266304)
(10.50846541435439 4.816500942551699 -0.8492993389638711)
(11.24078790890507 3.801904370753875 0.6982108954237163)
(10.43523059881984 3.25491138370987 0.9298505669355094)
(10.24905610873759 3.881520746342864 1.407642321349453)
(9.530106471722057 3.801058701391682 2.238182566192329)
(8.571370649303736 4.524063384667695 0.4949670494779643)
(8.582714407998294 4.214011912493679 -0.2746092735185914)
(8.597387477280945 4.562914349310891 -0.3337777698967387)
(8.788819647748525 5.495492569571883 -1.845289210592626)
(8.787877574949643 4.551984395275306 -2.667038725939335)
(8.459595044459636 4.451501478492798 -0.7582114463996614)
(8.045195525687136 3.723881783317398 -0.3638495618952667)
(8.160467557093524 4.084253251899184 -0.557435226240062)
(8.900440197631358 4.533404785079046 -0.2930672485298988)
(8.412949670083247 4.966381132647048 -0.4547195599871159)
(7.986554765686196 4.943929202832354 -0.2439517230846036)
(8.117367979411975 5.428413278986344 -0.4165813940290718)
(7.990227931965914 6.698763105251273 -5.010552856812204)
(8.017855394975209 4.479118842661119 -0.6610388795650357)
(7.842541213139589 4.557423990227346 -0.2306649044382247)
(7.64678970790866 4.505366704588765 -0.9799096543961847)
(7.640658254806781 4.329526041973128 -0.2089563139987205)
(7.546984689018481 4.670321119156558 -0.08343650915762259)
(7.452889671621763 4.855864298255283 0.03206515844703827)
(7.775764735027029 5.177066780788301 -0.7374282497896758)
(7.551175888739037 4.627088624962219 0.3563347952633824)
(7.558517112929508 4.112230216416587 -0.2541462530377014)
(7.490602118711795 4.311494996055813 0.3915661260206705)
(7.719071273514943 4.436385348852031 -1.648857602949549)
(7.321147998327055 4.499803981144921 -0.2258153831714335)
(7.285957992867198 4.438790446822855 0.3743234922269659)
(8.42753045497756 5.427493312741757 0.06073536819242315)
(10.47774509012734 5.388340031119513 0.629602767616816)
(9.400369576879513 6.788736872305521 0.8151913103829618)
(9.434580786675992 5.539822143927584 1.916273767543395)
(8.826841308719334 7.687536059930085 0.8224395131254144)
(8.505810065528381 5.695718712357352 2.024490086142269)
(8.395008644349739 5.082496794358178 0.3616720026413596)
(8.16276243804672 5.605163288742139 0.4880463981946725)
(8.106494298318241 5.013778298206506 0.893639689883287)
(7.87188455839945 5.318823177347923 2.212576723389014)
(8.111742804557151 4.884241213422148 2.864905367467824)
(8.025563263591444 6.71106145247943 7.583360646037912)
(13.54468662249521 10.23250605901707 8.347794094164039)
(15.64148205704323 7.4888091808372 11.11924246693153)
(12.03224160214749 5.953048432641971 14.36021271621859)
(15.96668972739192 22.70555993388848 20.035842407988)
(10.04972648288724 10.22822148635899 14.47564943824871)
(7.705958478578637 4.865030113005671 -0.1520877010865072)
(8.883398512448087 4.497102966982854 0.5853625952768303)
(10.95184039540224 4.77805446134816 0.8472846302173414)
(10.58939911166967 4.89646212918426 1.686910569529963)
(9.365793374528881 4.773315917222097 2.009181641999469)
(8.440542459566414 4.328934812575874 0.8155649069190268)
(8.686586447421348 4.925468147830039 2.410582894320444)
(8.891686413848022 4.860025849778727 3.621860553354194)
(7.760199140571929 4.462288850164336 0.4227148851110827)
(7.532937484430368 4.634021373125273 0.1196562443104236)
(7.284700464861138 4.636401338869441 0.1675686052309984)
(7.457150452796762 4.924175372942887 0.3087853714815473)
(7.836034321829097 5.381085831296859 0.413647693153222)
(7.452714167120656 8.315786108382826 0.8523613874176053)
(7.388230977200081 7.273758645056973 1.539363951117675)
(7.557368686361859 5.024523948331296 0.9816453196074556)
(7.974522914118557 4.311719248340022 0.3636395104462659)
(7.513470732544672 4.479157343302894 0.5919860110068287)
(10.95650435650046 5.621144956309471 -0.1788782678055583)
(10.60383329672945 6.378950366111022 -0.2773853044430794)
(10.41584436945511 5.712466435862928 -0.9732177745717574)
(9.355589740303078 6.927759917024408 -1.040370603733157)
(9.882139312196115 5.664194606831311 -1.570012036551834)
(8.818147062346466 4.989938812032025 0.4191960542010573)
(8.960749162219287 4.874574063182803 -0.2542334897941885)
(8.986527758147544 4.54940148740675 0.9301577352741086)
(8.482579319444005 5.413960531605663 -0.341836602930558)
(8.455633939893954 6.196161588659957 -1.608266249876733)
(8.795050182163751 5.755299748710414 -2.745141453187359)
(8.397242196392954 5.874725842127114 0.04222896939494496)
(8.720213512544445 8.273984440095409 -0.1061110446220285)
(8.417356077835857 4.880883456386085 0.9113310310588807)
(8.270844230208326 4.430954360536637 -0.2600397492658191)
(8.149008825070393 4.989277123516963 -0.6725142631661086)
(7.981551367596387 4.502659964627176 0.353502857858515)
(8.083655456591535 4.583476421482581 -1.10032337638838)
(8.372338141034497 3.388465789100682 -0.7529948412258014)
(7.753006582771774 4.853218096270665 0.1513220037273769)
(7.849495474205645 4.721643713612781 0.3801518211055064)
(7.724790286807547 4.349163805201628 -0.4674956247060558)
(7.766753606613652 5.127290683512696 -0.03772051730908371)
(7.448711394531082 5.145911206186545 -0.02762439839869691)
(7.648055286548282 5.149990784385365 0.2451826167875187)
(7.726493734078675 4.762600543634357 -0.5359774160251434)
(7.78461873468111 4.444502436471116 0.6745397842701317)
(8.938216790752788 6.094788700145547 0.0547173316660888)
(8.950454962344368 5.351765580198392 -0.2865345871656477)
(9.263861825970487 4.9937221283025 -0.2714672054858112)
(9.393781318280425 4.942702297694928 -0.6291602097577665)
(10.97583108698357 4.950826931332257 -1.00930343731613)
(11.04108733093047 4.720345927519109 -1.566912351717515)
(12.7283656301019 4.232097349809033 -3.385628028309733)
(10.37461266216813 4.953910028824004 -2.048175979375903)
(9.620011914823641 4.94470709797883 -2.684128344188316)
(9.356755923710002 5.020424779236189 -3.572293286202959)
(10.87858713954632 5.559772826590968 -1.574323146177454)
(10.66527230992213 6.418242951735606 -1.101754840639945)
(9.696943729123712 7.397657285071974 -1.69192458293617)
(9.353911625198931 6.372068475897986 -1.747677299728556)
(9.617572883100435 5.624274979981183 -2.252491511801138)
(9.683508555319062 6.301983647909664 -3.206710003712121)
(9.002041292142815 6.146859626651977 -0.4094479143730135)
(9.011553359338237 5.027251397084721 -0.5911558601011724)
(9.223045261711434 4.618208745144369 -0.2973171096376737)
(8.93883417555667 4.060737433837178 -0.2261385500218374)
(8.644815897782825 4.794167200789357 -0.1772990265879548)
(8.40705045440925 5.799415544942223 -0.3377503743923938)
(8.622081772109739 5.022601611439384 -0.784211362486133)
(8.161970364735369 4.67165532558817 -0.1981525866157729)
(8.340725000243511 5.267885050833348 -0.07269733687353044)
(8.463593497411447 5.498419208793085 0.5831448081311394)
(8.119976152397209 6.156430907332537 0.2311759111166022)
(7.951307130363427 5.359372223449452 0.8521319719621858)
(8.376960953130045 5.383988402593051 -0.7838998837064338)
(8.399333250809274 4.856792560105471 0.3640443655452383)
(8.428422927866698 4.860744528066446 -0.2614206429175427)
(8.560130588520424 3.820260910683131 -0.4349092722837104)
(8.376765871772829 4.637596061705663 0.3749125398987708)
(8.423060684304225 4.686782994512639 -0.170261638823427)
(8.343946795082385 4.704007819986879 -0.4670322187531641)
(8.610493618030443 4.354958582673896 -1.281127955737143)
(10.56733086217457 3.910336684863116 -2.009302292524635)
(9.760071018815498 3.782346866704912 -2.885901173912627)
(8.564122968995308 3.79663693491129 -3.461440398074713)
(8.406051329453931 4.959427503557019 -1.324182242579853)
(8.182052255104784 5.027276875668248 -0.0825796195002929)
(8.218543680121448 4.898584436231547 -0.2827415101869655)
(8.137710845338235 4.785125954730336 0.40170524701729)
(8.019606956602493 5.259244044505198 -0.09514934514889616)
(8.022577764321264 4.957948933886702 0.08310417383589563)
(8.00068144906767 5.892213953813553 -0.2733845794323971)
(7.537058527334445 8.320669299162541 -0.8811085197010703)
(7.967074438136187 6.556765225032376 -2.817933200725457)
(8.270861391545605 5.08398721775494 0.1324637346391843)
(8.296532519020564 5.115034595607002 -0.2787155502909079)
(8.200886404527081 4.964940417634949 0.3330566484304645)
(7.793297670545949 5.00061981709257 -1.271247873368657)
(8.246061393212887 4.365586772903302 0.4291622980479333)
(8.949617799199599 4.172071397043142 0.6236001464466882)
(8.616260840772826 4.097629083191789 1.117353515885248)
(8.759191980973432 4.110892118745921 2.840140127346913)
(8.680617466574395 3.953680557572354 3.595220599313111)
(8.257719144096066 4.684473480528228 0.643530762228719)
(8.511057843771688 4.581655095257423 1.227897365311684)
(7.958593818535584 4.9118674710447 1.391218649951695)
(8.835546057605818 5.335654238841598 0.07913798675472518)
(9.454440030406795 5.670435208425602 0.4462137480479408)
(10.31411685112874 6.972433296902029 0.8124683046809608)
(10.38134519640001 5.495668263797078 1.990089522348512)
(9.547457679142717 6.318913995328128 1.592846744650765)
(8.922707460489963 5.390788272849187 0.5871454092917447)
(8.873230228277684 6.117891173000375 0.5450186989314545)
(11.16141689147572 6.6195739539483 0.967395780708086)
(11.22262356675135 7.339567512991076 0.4282247539877341)
(13.51533625311025 8.14997618809611 1.596772864096393)
(19.3521526346724 11.44213590885566 3.585338675894986)
(19.14984620290288 7.182469231257341 4.782330012044632)
(15.47778768563503 10.41546495748525 5.404468221863606)
(15.88913909848234 18.04932357808537 1.468409357965689)
(18.25561838157425 22.44387630271241 0.875166308514004)
(13.99599722148146 13.17338719477647 4.911361874880827)
(12.08237049754842 16.85297332344321 1.325886619188801)
(11.75625753714206 7.793374327844744 3.097247741982197)
(11.63733581549017 6.864281419907351 4.995051950806113)
(14.18784489992387 18.87043078928525 6.223892549694243)
(14.66788022165863 10.89790762844006 13.46582641334687)
(10.4363767461365 6.676236216811742 1.508177489386763)
(9.663790498689984 8.891067480584217 0.8038288146411902)
(12.3607309448153 22.31409047721993 0.8765825461703239)
(8.964615702166144 17.16852686179627 5.363750477106051)
(9.504755126256695 7.120286764740606 1.555629289253564)
(9.502349565700547 7.847487733804996 2.340026112747483)
(10.00072493447506 6.543604618394331 2.284657471819967)
(8.912120831141566 5.712305957513783 0.8833074566303519)
(8.881286503169585 5.457137987273521 1.286505280512606)
(11.21141049378252 5.819918093276148 1.577092355672613)
(11.29572969690796 5.065906020756746 2.318271798306216)
(10.11643521121335 5.547606600900838 2.930501382632246)
(8.701163795544595 5.701162280813895 2.955399124451421)
(8.788115114067597 5.248637870147332 0.3529512472255016)
(9.244859982773397 4.946040666053773 0.4150597693796963)
(12.11526068419519 4.847964454578421 -0.01450843526633116)
(13.63750181733202 4.932266883863328 -0.2237890614943466)
(11.82079164340743 5.554773240150642 -0.3091732016903164)
(12.72514064124835 5.761024822944028 -0.1412371448800339)
(11.29484447873934 6.618245207145324 -0.03770711686152674)
(10.26269789041482 7.095729413762129 0.00239377192234442)
(12.0380200392335 4.804489426709194 0.7914760065371425)
(12.78058095463403 4.43508444646683 0.8612137386553413)
(11.31031024857222 4.839564392789081 1.557943915465048)
(10.29209644698548 4.809872403050838 2.368002769254427)
(9.239249372529706 4.628146593746902 0.5161049845728283)
(9.699024534616415 5.175749363808502 -0.2129801106697395)
(9.421055846377753 5.498670542384736 -0.4375578319133502)
(8.771334342288577 4.98564080120581 -0.1730767801656296)
(8.591598172908528 5.323013064501323 -0.05324180759430872)
(8.569830568833286 5.101760454932072 -0.2457803307275861)
(8.680473482747949 4.861895579102211 -0.4499220625521368)
(8.735218192098207 5.259985861373033 -0.2308589759082522)
(8.918737875884506 5.640534143773679 -0.8138017282539532)
(8.443314534032007 5.604528274986061 -0.1199587873453798)
(9.288341134742483 6.271558756901014 0.08205727107725529)
(9.844949924733664 8.107308994846012 0.001714860282125782)
(8.612895557380542 6.061953204707418 0.1892404661849542)
(8.426603970807321 5.867366886345666 0.5470230418351612)
(8.470525959181284 6.220798636241721 -0.2397274843322027)
(8.669129906538677 7.695950852026313 -1.00963696602932)
(8.58756626740702 7.130063318551503 -1.903614220747006)
(8.837240991976261 6.619842996479859 -2.639984163578846)
(8.435373023488644 5.859280721485368 -0.6907981705427232)
(8.553629271742409 5.242249900672389 0.1843259217565058)
(8.638608144379651 5.351153452382918 0.5054497642700083)
(8.3820544421375 5.497922815472619 0.877339545435065)
(8.602550284296022 5.132533501907629 0.4340090391229189)
(8.498436376275253 5.185775557318797 -0.5038005827547153)
(8.836084170899129 4.71521955554024 0.4180884748010543)
(8.611211765598256 4.746818284865454 0.3534643858888992)
(8.621102190967957 4.938504185962795 0.3588912485087763)
(8.558033085776032 4.891684073235466 0.5747363753501087)
(9.348733968384106 5.025124282330948 0.9394719649940398)
(9.169937249326901 4.915153890573748 1.315985805135455)
(9.38244521502873 4.718932368323911 2.698504320228339)
(8.746140004658873 4.937204291722074 1.211911734128028)
(8.336983879165874 5.32493328169662 1.329405119647999)
(10.21955337100035 5.433065446469322 0.06604889130975386)
(10.14420770842761 5.607228216167315 0.3395654820657291)
(12.13058599317393 5.53142231442805 0.5722071987198475)
(9.846769003658324 5.84330357716492 -0.06186130516994683)
(9.760925018191896 5.442706895936223 0.4471862075335251)
(9.953449382039871 5.492987601944391 -0.2252384752428244)
(9.674326914033987 6.26860674120065 0.5287436573395564)
(9.405525708593846 5.401574574290565 1.135819127592303)
(9.636271875150149 5.122632262969965 0.4645402879001958)
(10.16245772908706 5.082226176188243 -0.4463561348222711)
(10.19512250031953 5.294859019871828 -0.7578048673221446)
(11.9214560929279 5.244810162902933 -1.178466499419502)
(13.05180844622686 5.407727746364738 -1.211858670662877)
(16.57325813623472 5.273238342570593 -2.600414614686855)
(25.97800333657774 3.665805542656011 -1.076811710368098)
(11.14727756068073 3.916997095241842 -1.377238011298207)
(11.05506085466348 3.090163039217694 -1.303389225283527)
(10.28436338127954 3.268646395145974 -1.235913086338056)
(10.51998946074934 4.52723394037928 -2.754961721233686)
(14.46664886654834 5.781951666351339 -3.911402331466008)
(13.84152927315973 8.099240211423112 -1.535277494583666)
(13.59043642813693 7.959456202860412 -3.624287270931288)
(11.12781388340353 7.238424668669558 -0.891159910422379)
(11.70989273609393 9.155375662998214 -3.852625542148837)
(11.14311870161104 6.490771477505192 -1.926207149968132)
(10.14189936204372 7.028351309017187 -1.013619584421847)
(10.5900924680887 7.177382505310764 -1.651473614128537)
(10.30633809708706 6.372608865434765 -1.642973251096144)
(10.55961993742459 5.602062867689776 -2.489189290749417)
(11.38500644384052 4.808688216021629 -2.511757412485577)
(10.66197563150974 4.936378677172785 -3.70140043330499)
(9.589923814796311 4.537528343503237 -0.2411513937058711)
(9.201328037763043 5.271871920426626 -0.2098570868712948)
(9.515625107393205 5.858416922300451 -0.2600924017230098)
(9.344666303347276 5.36396328584299 -0.7391405518913464)
(9.200133463970305 5.157002073254728 0.3626199903069093)
(9.010657257700098 5.557175660988289 -0.07992196883955109)
(9.010182420863924 5.119831953958439 0.4199583192552884)
(9.00929352620139 5.097405064279324 -0.2134368173676529)
(9.44405132069099 4.598590141101854 -0.7676672188598246)
(9.300791961128985 4.238087151547668 -0.6627445035964685)
(9.221513939298118 5.219618873510258 -1.163491957369832)
(9.447377360870798 7.369525864877819 -2.59250129380184)
(10.39496450832654 11.33474163642422 -4.387353829992886)
(10.78560001502032 7.697212048941263 -6.029220559827897)
(8.719521168325743 5.514180858641042 -0.1163452935914896)
(8.785584728616612 5.098880195992916 -0.4096856673361973)
(8.753247201356292 5.779673869655886 0.01792909150658959)
(8.742696621813023 5.876833917301938 -0.2541931444660713)
(8.640346057434389 5.576520997993962 0.2572325973472995)
(8.732054051821356 5.591244319808061 -0.3753566960792276)
(8.706853542965394 5.356908967944492 -0.559082880850548)
(8.83427916952915 5.132375247445104 0.6150726212728272)
(10.05446147983051 5.065691630215701 0.405079733328981)
(10.77676336648407 4.96260033557213 0.4492089605071106)
(10.34205308633844 4.560978844449913 0.4570435659512272)
(10.18289760666888 4.218677175214618 0.5069481794310977)
(10.10791240868448 5.286992665168216 0.8852890386369371)
(10.089859696053 5.003076155318189 1.131587663284153)
(9.602505404859619 4.589963407559847 0.427885079519274)
(9.837874226311806 4.261046473020473 0.5816439792923435)
(9.811285456217501 4.717781386888938 0.9380152053178317)
(9.758896457124536 4.991934221307896 0.7823644580710255)
(9.725424212970081 5.280322369929089 0.8497347029238059)
(9.659931744288045 5.072942894372696 1.281379959274553)
(9.405405339996543 5.157129168521914 0.3568824247856298)
(10.58084709531526 5.29946730424045 0.1383346976691645)
(10.868754235973 4.956763950852361 0.0565725335411685)
(11.35813886926742 5.104385033796638 -0.01577976873936554)
(17.30604971773322 5.400647855408583 0.1281991814503495)
(16.88534211643512 2.53583396694054 -1.245359881154449)
(14.65552678466833 4.17195829370688 2.265826253847107)
(14.52128344504792 4.649614404602157 3.987845739936457)
(12.77187103127583 3.975882876922616 4.273021488878564)
(11.91517744142431 4.080843609393921 -0.1949529232325135)
(10.85657357648616 4.571462204659936 -0.08172029447633539)
(11.7192460827062 3.086572420026628 0.9259527391552559)
(10.91984305179216 4.883704868062461 -0.3749829772883045)
(10.54153309870701 4.665474066715668 -0.03081325917873178)
(10.49594870545147 4.059332321563318 -0.02908139405588627)
(10.64903834344525 5.212733579097768 -0.2339751694056114)
(10.22282210124744 4.164018831910581 0.002865273865414367)
(10.22691111587644 3.842952513672764 -0.03439950528966308)
(10.18807625095415 4.31170558422057 -0.3213762377099896)
(10.11822149726281 4.751883982614448 -0.4707722719233893)
(10.96045673532034 5.342772996845759 0.446063320817304)
(10.24896156456475 6.208069808571942 0.3100281181940229)
(9.904062596448133 5.543552853035006 1.286353992819848)
(9.880845717774536 5.846104765459488 0.3889796843375192)
(9.885315913633603 4.316652138358386 -0.2749875781689416)
(10.08775290903418 5.162588388946366 -0.170511516206152)
(11.91685539916725 6.242044827701794 -0.06918022350335701)
(10.98281273942049 8.099609867631518 -0.2253692018963685)
(14.36711297042404 9.317640131927192 0.04984717339138298)
(10.57584250655433 9.053257300271104 -0.1771733240846476)
(10.33242160227463 5.419529837867112 -0.3490117016701162)
(12.06097825984541 6.385333054986592 -0.9970496329033497)
(10.33884437068705 5.960068619947388 -0.5189013361706907)
(9.861562664190162 5.966580766365881 -0.4397062524959993)
(9.74697740906552 5.482658734931043 0.1032517657465236)
(9.884715162147263 6.273530141505579 -0.08740917810857189)
(9.958140919625363 6.355486776771604 -0.8185274010705866)
(10.29259308022934 7.989898983406917 -1.005497713381283)
(11.00981388680361 6.288081029996407 -3.288990731994049)
(10.40390613292266 7.131030611410491 -2.513791401786058)
(9.193942531808002 8.319018454303439 -2.044116700149405)
(9.640643492146841 5.442183493933075 -0.2782988833985762)
(9.362072338794333 5.540946340749906 -0.103451228184616)
(9.394720257698403 6.423510593758681 -0.4494504935084696)
(9.41166442448468 5.944916452518555 -0.8230418774083886)
(9.400894015692359 5.478700575588207 0.1611848741909546)
(9.481234828506935 5.370702093072064 0.3861066924780834)
(9.445808630212422 5.242237728776266 -0.2289318944053786)
(9.586273536523723 5.169716851044187 -0.4983789526826924)
(9.093285543696618 5.864208650307584 -0.1299907442882762)
(9.135980335471585 5.652343910968594 -0.4065042539817958)
(9.227881477394178 5.373453359026396 0.4605128147861685)
(9.216200286526584 5.252475470064309 -0.4596915305084304)
(9.225712829868456 4.121434089520648 -0.3430909818340989)
(9.107452229591177 5.482030265282036 0.1674617065789163)
(9.006842129500356 5.345710981063346 0.3297769156590536)
(9.238099894644801 5.792963360401573 0.1326003129717931)
(9.221186712998181 5.931059613855943 0.4600300724045722)
(9.332394802772509 5.965505666159017 1.04062631106707)
(9.225629670912568 5.49691276796127 0.7855950649958079)
(9.364200603948051 4.589219177756459 0.9428710393635017)
(9.572066317362529 4.851531386388457 -0.2675780765004639)
(9.848055769766917 4.676563226105786 -0.747423063669895)
(10.68964698667729 4.562530403014591 0.3439177916170931)
(11.94832357173936 3.995264829229991 0.5746111557038036)
(13.78553097894727 2.481898619489827 5.132964472099935)
(11.13601390514683 3.143244763593098 1.940288831755539)
(10.95674343390982 4.036915897317189 1.679284890812276)
(12.25683717076411 5.378890648537127 7.154705876078848)
(10.53201658863666 4.175650775395768 0.4044160649417951)
(10.54573009259239 4.668651118170611 -0.4365884773866275)
(10.4826309961813 4.215916926533096 -0.4891960855846469)
(10.08827073402709 4.513865320329724 0.6900072876578099)
(10.32872599400456 3.86141358899665 2.30891668163702)
(10.22081219572517 4.611286441389326 1.284816571343362)
(10.31656905474939 4.508496202151441 -0.7149883202259082)
(10.1585593035262 4.0899009922226 -0.5908784662208539)
(10.51845795463042 4.401794395549366 0.8125075483034009)
(12.21298158580716 4.759849113100066 1.671532558176458)
(12.05449515818226 5.535592802429306 1.535063577842816)
(10.55011874846352 4.800119654192768 1.127761547446229)
(10.10981712572566 3.834389536472112 0.4656844219629526)
(10.4520625915352 3.777831613805443 0.3599651128124164)
(10.10443785985333 3.651274696470213 0.8356041276346661)
(10.57313914948414 5.0859713984959 0.8629842991242002)
(9.86878292206123 4.968158278724673 -0.2683594040876269)
(9.92479682991689 5.240557797290713 -0.5034302357991188)
(10.1128877618281 4.85976406130418 -0.219372264218945)
(9.857629942652478 4.731257909414698 -0.1913706829944099)
(9.86416076239488 4.936438505665118 -0.5484503034248291)
(10.02265220129921 5.280352782316794 0.1614812343591618)
(9.839272946722527 5.218883816706381 0.3611261921965141)
(10.22464390835305 5.031063752443588 0.1771229987214669)
(10.49023017271971 4.852811137562556 0.2290876456090861)
(11.27936653677474 4.494177045186308 0.3617789120102899)
(12.86913741007045 5.418057460499104 0.8103297000780854)
(11.38997125772232 5.079313823395783 -0.5743631318765976)
(10.7997959364134 4.272905245651704 0.1153601709707148)
(10.42196120941273 3.739847593323638 -0.3348661873564564)
(10.88684285589337 4.391656576047691 -0.8001696715835277)
(11.26661499464696 3.495056226651821 -3.119547227845978)
(11.35429015888901 4.271084462563587 -4.996904940777914)
(13.32631716737833 4.474416099721421 -5.241937489163462)
(12.05524124686469 2.365418496008822 -6.150265250132902)
(11.35120515954003 4.992573764663021 0.5351439827706332)
(11.54848797290468 5.513745462894192 0.4078727570698395)
(25.72823934176352 8.128535337169705 0.8325979012789915)
(23.69403905755792 30.2699583444474 12.33617043648533)
(17.90394825299193 8.29892633804776 0.7422191504604042)
(16.83727143787825 5.790864182166219 2.609803284424619)
(19.467649523589 7.131910956049732 12.51330613637053)
(16.17151837919412 6.179230174143548 4.792735441483331)
(14.29500767024927 9.407640117163069 1.762862719791613)
(14.71378004057082 7.955198090495491 3.298962645056366)
(14.11604208574444 7.943100641719997 5.528061651986442)
(14.42569774123181 6.100854909509587 2.687776854257999)
(14.40866614273983 6.363457640188271 4.410005459546703)
(14.08179900948686 5.393822365892049 5.990569849302149)
(13.54472771045028 11.34842909941721 1.072747405803699)
(13.57707293020608 9.932708048237926 3.222888520253768)
(13.03372347068972 8.173352866515868 3.68467213022006)
(13.31458343120077 5.329591020621157 1.77122898950018)
(14.20605234254924 6.416944404960079 8.524802702167923)
(11.97189908861376 6.374815943577425 0.7957521380395798)
(12.39521095737743 7.626379790942019 0.792688787904153)
(12.36433877842389 6.39817256973278 1.576630452174672)
(12.35387159161495 5.492895438883332 2.709209684001173)
(11.5305316281584 5.167979268241071 1.072347159109009)
(10.96324574941853 5.491097303337034 0.9089129229079252)
(11.69096283208576 9.433844634569468 2.716262964724971)
(11.79302786498925 11.6892669405479 3.217029524576216)
(12.05290121545084 7.31279361840011 7.338480883347824)
(11.19764156474349 5.810982132838423 3.367537066401521)
(11.96956747007073 5.515651738299064 9.313297500606032)
(10.4597400944799 5.380200749516639 1.273957650815577)
(10.22163713440591 4.6439277140247 0.1701116203570627)
(9.839455961435428 4.709804397299788 0.3671030658165465)
(10.05876542234386 4.358938479967864 0.1768776105175419)
(10.4131977600031 3.413616541656264 0.05819123272043705)
(10.05971685278896 3.801595096479028 -0.4251101494508428)
(10.10220536162223 3.63805440873305 -0.712498470739348)
(10.41720210652697 3.150592402424845 -1.834181736360449)
(10.36983609252086 3.038660313369329 -2.505964240159615)
(10.88725893108255 4.155893784304847 0.5072266789762016)
(9.867742032383832 3.816311419297801 0.5623504977386852)
(10.0523896570812 3.291138757855361 0.6526754783801394)
(10.37524760482102 3.496991052691202 0.5906867714108281)
(9.643562265344688 4.418794572331199 0.7681181994087918)
(9.629745531987336 4.14470144037463 1.141034865153941)
(10.04741028925844 4.715957211762577 0.4378382963682882)
(9.247056037493406 4.336770685278928 0.5682885280199448)
(9.27337411186531 3.782369369798029 0.5294840548963285)
(9.378352717455941 3.396487354487336 0.6384866741796371)
(9.259770966387439 4.193194892215524 0.9513314852229078)
(9.048622673889337 4.333029876165971 1.291984068438003)
(10.37426488513829 5.055986241935972 -0.05769274806181984)
(10.41984065440558 4.962230272307554 -0.3285955553290328)
(10.62434873011921 5.220743999446927 -0.6886223333252487)
(10.28202033169562 4.75663551647381 -0.08328258698714359)
(10.25259176910763 4.737146075166434 -0.2973101416310625)
(10.05072141235256 4.566132121865588 -0.2373101093920413)
(10.33671790523007 4.591440909558542 -1.123342379785053)
(10.23219884355491 4.421616915721817 -1.637568867023429)
(10.19570224822285 4.928568998443548 -0.7441436865344773)
(10.28264040787017 5.126522358726084 -1.281695516347169)
(10.27295353117757 4.542136181750033 -0.05906474303203335)
(10.30524003209451 4.517835601444687 -0.3062761360330312)
(10.12138973211205 4.366956219563884 -0.06455791153510278)
(9.800546896927607 3.876450971937497 -0.3879479863625378)
(9.671972228676172 3.337010224060674 -0.4229879028764134)
(9.318864311526456 2.885222031897418 -2.782963542796987)
(9.833866767796557 4.939931293490343 0.4432194426806629)
(10.24726924299899 4.892560642643964 0.4115566691595161)
(10.46690177921654 5.058371091276327 0.4422537617203384)
(10.27045084611311 5.265802023120753 0.3677317781018188)
(11.13279358159248 5.986278576013284 0.6371942737039965)
(11.36974956372958 8.697916168006319 0.6705105585392673)
(11.39434132932024 11.42709197298753 1.38432317691194)
(10.54902191654789 5.71560365609036 0.3380036992184877)
(10.74175087663633 6.42352474335357 0.5051995828273947)
(10.58827447575966 7.988748175125025 0.6976496590756418)
(10.32029058330133 7.505558805839071 1.643714580898642)
(10.26325095376277 5.063448498295771 0.665187813207637)
(9.894352287825532 5.157148670092947 0.6083243371167525)
(10.04657111717009 5.409387630664675 0.5764898252625434)
(10.25873555999851 5.896964365835324 0.7971071439560742)
(10.47263749223444 5.982774414504864 1.441005414485715)
(10.59796588582726 8.583306196638127 1.898463192232806)
(10.81213217268535 7.356757275214086 2.389253795312744)
(10.81484192351755 6.849032696596696 3.287699895379844)
(10.01696181286624 4.892357395589634 0.6856754834493192)
(10.91203841920212 5.085551367609056 1.246067881256025)
(10.19144778221542 4.321162159520292 3.11359806719948)
(11.07173252787122 4.809873061767728 3.191135327104446)
(9.774667497536665 3.987831053758319 3.804594433639267)
(9.986754754973056 4.912835735859464 1.712054820552277)
(9.793554551512225 3.735059502560564 1.051317560729323)
(9.82153212793799 4.537011242668553 -0.1673787073939215)
(9.824635341067378 4.60221554948489 -0.4169399004530767)
(9.802743063070851 4.450124767537589 -1.245160152775095)
(9.124958320702129 3.617012161980012 -0.25261185122681)
(9.817615169521016 3.698445301535177 -0.06972209004715271)
(10.13377097228983 3.369076639220629 -0.3466999047966735)
(9.803083922279667 3.86971395007825 -0.7663606238608788)
(10.10740060848026 4.457488725303986 -0.5002408948398749)
(9.865734205139704 4.450504917937686 0.4051206434613617)
(10.12688667331554 4.48786535356229 0.366758057783263)
(9.639878793650908 4.804791787776039 0.3827005499506564)
(9.392998615852628 4.738241269309352 0.3755173898734899)
(9.800954688049025 4.703303015177859 0.5997961103745095)
(10.13948160192349 4.037015313067439 0.212743617306118)
(10.91545264795802 3.326085510862514 0.4190998490105864)
(10.62243004019437 3.82536917670453 0.9339379922783591)
(10.1754277983332 3.464754620631749 1.271269537360448)
(10.32284153808902 3.014752078788552 2.408021596685045)
(8.972947732905793 3.82987770999875 0.4493647493258073)
(9.363286370647655 3.51785121383142 -0.4676220027980924)
(9.862023181136008 3.834610180886602 0.1492474113833054)
(9.805784933681879 3.600166105684928 0.2727715292814796)
(9.914854771495641 4.084604275694554 0.4211155348505681)
(9.705461356491121 4.199992685740092 0.3847521670461359)
(9.708295185343401 4.090164387173511 -0.2212754529381897)
(10.46463916914276 4.343013712180657 -0.1503359057844852)
(10.87700700352228 4.26690251674007 -0.2967985832362203)
(11.40428562534049 3.980283315341934 -0.5640693600916264)
(12.82672559331321 3.723893226834857 0.1218448158517985)
(13.8281569783895 3.593471098346677 -0.6247366893191709)
(11.96124678374583 3.450250762733565 -0.8751246851333734)
(10.85613374591574 3.849325922583145 -0.4540600241036765)
(10.52049849127223 3.306838716133357 -0.4406047572761891)
(9.969207940777755 4.102919880618738 -0.002720697338945454)
(10.04970776137565 3.225219156456495 -0.7302248245451062)
(9.630751788514274 4.277244155887671 -0.1947894685866997)
(9.931625284393061 3.915843797829267 -0.1880918786921145)
(9.95413411355017 4.311150517028104 -0.7252756791302655)
(8.905265263167699 4.171317164624826 -0.6377480026010479)
(9.411460778965452 4.305620385562882 -0.1950168372090793)
(9.584925680575132 4.288224195341448 -0.4758117180726217)
(10.76096525473591 3.816976961770224 0.075037568315401)
(10.88206515893024 3.466479685943743 -0.1248451380108478)
(9.858319981989462 4.074575540443306 -0.4765042749804906)
(10.36702751402292 4.356527445440509 0.1730807685191309)
(8.945793747220753 3.378012977982939 0.4776307024267574)
(9.001502583087323 3.745743181060403 0.8948164859871309)
(9.392879539578047 3.414025310093614 1.164700034778031)
(9.440960294692777 3.771152612921973 0.8804733311288712)
(9.656652024797371 3.876034128656183 0.3932745128080702)
(8.856244330202276 3.32304415660176 -0.38785960126743)
(9.018581228935734 3.368766185138461 -0.8704149805866205)
(9.391824655287447 3.295856831043384 -0.8567789670917738)
(9.802312143835325 3.273754961653943 1.365796139786114)
(9.596217253529668 3.628279464631017 0.3391925563703788)
(9.414728102494083 3.806970944651251 -0.2596079985570167)
(9.299601992785512 3.815723728637551 -0.7008218152882346)
(9.460868885892062 4.070651305250466 -0.2232606135214778)
(9.666963624819576 3.846716788413087 -0.2222871652025772)
(8.898796370271915 3.683113467449606 -0.664345085870197)
(9.600865754271375 3.423199109850067 -0.1811214898015085)
(9.63316848579483 3.628343924433647 -0.2447534140733636)
(9.555023833173083 3.94047461281758 -0.5088970425841878)
(9.858899724070499 3.688181933484669 -1.329365453566019)
(9.200539853200505 3.998025784293245 -1.174719255392164)
(9.417499337787675 3.885488998339223 0.3558528282472682)
(9.663691328795519 4.033523358075652 0.6570547456790325)
(9.745630306576139 3.726461135548543 1.589708849242762)
(9.440162979632468 3.856834003964854 3.030951402944653)
(9.971614121769605 3.214787774898873 3.172723247710397)
(9.643820979373029 4.443495423550136 4.775019958355474)
(10.07538193780398 4.414239049162442 7.833374183929319)
(9.496335948771309 4.100404959320562 0.4071633766360513)
(9.252345077629363 4.053517404997483 0.4261741509755996)
(9.542074055195378 4.343824707428198 0.4683420438638646)
(9.347757512870938 4.065482473097051 0.6940709136011869)
(9.448437329778283 4.261346184673394 1.694407485709738)
(9.951952210899007 4.07487441286669 0.7574072085181013)
(10.12028451874475 4.305943562118943 1.698115279205457)
(10.96549709941418 4.13592325311093 2.655042924593741)
(11.03141006567114 3.835644012719582 3.977794967732366)
(9.87774826639545 3.309582118818386 4.388577722915904)
(10.08364185114303 3.633933031511535 -0.1297173444159772)
(11.13739639868702 3.394202627801045 -0.6031685286429056)
(13.34277544379671 3.38910897180328 -2.176297872833131)
(13.33578672534824 2.359193928146142 -3.72624079170632)
(12.14902971659942 3.167154397044745 -2.17042000870265)
(11.13225728025273 3.025887313586472 -2.145362132671222)
(10.57557664453344 3.637554167450422 -0.8255057582944508)
(9.810483605705695 3.495428446049966 -0.02795304355206282)
(9.880270458870298 3.571325263825936 -0.3216547280853758)
(9.373111837195601 3.334725029392116 -0.2143206359356728)
(9.446462481425126 3.59362274165144 -0.1773076464080065)
(9.698197102999503 3.691535902626206 -0.4814312723040811)
(8.405796255240407 3.331127357556587 -0.3032702996368286)
(9.369253550769502 3.44224195568661 0.3721330023528654)
(9.427057576740582 3.67547071571436 0.398372056242659)
(9.380621445625312 3.51556984320094 -1.149084778746323)
(9.292873904732202 3.286143003193754 -1.788087429856433)
(10.05384753650784 3.574207919264663 0.1559958939525246)
(9.55676124153263 3.434652147390734 0.3937834646032105)
(9.673550637971118 3.613236727414803 0.6080820037228721)
(8.903075851959464 3.193648926687667 3.073963225090724)
(9.673095251334422 3.481820638411506 -0.7411524449564204)
(8.895908854840178 3.251913832870279 0.8085839297582358)
(8.908950249245091 3.33165291289864 1.253982511809361)
(9.195215573784807 3.508323343449266 0.4189036442560841)
(10.03727206530527 3.341112760450311 -0.0569068983819894)
(10.07475363569177 3.532622568524431 0.4483288166410714)
(9.840560678283687 3.372180771305914 0.3816399303388432)
(9.101409688724482 3.343035885164312 1.758133752913081)
(8.019516480702565 3.212409950829534 3.129952469120451)
(8.966904251358168 3.245439916236646 3.919078359525107)
(3.896269604097878 5.54094124583464 1.258627037541274)
(3.89973530440477 4.967127433791243 2.169962940598045)
(4.096042516922829 4.212742843973761 0.9620137983886662)
(3.905577910660303 3.524870078038705 1.194183292115488)
(3.829179193527444 4.253414887397037 0.4283535775290276)
(4.331232511711046 3.536338649574056 1.779354528155474)
(5.793269050599849 3.974855997690322 0.7312826505752217)
(5.934534539405256 3.665327258104002 0.7967997406543037)
(6.331030000605704 3.698378122725106 0.5698826731028174)
(6.224185177051244 4.261869317142394 0.2175269357890103)
(6.660173950624587 3.652724068332148 0.3785141803442051)
(6.589784814179755 3.656531935354257 0.5833829703402895)
(6.888194395965487 3.948046962188845 0.3731183187271073)
(6.741329403816192 3.845053296729529 0.5992386733561792)
(6.649261328050845 3.92517274003123 0.9389643685084583)
(6.986777258039266 3.944534412788704 0.5840444160367206)
(7.013566395254395 3.74956895946554 0.7572231681676155)
(6.828370415541673 3.421871956181242 0.5388869269027777)
(6.696799659902218 3.613606881868937 0.8373567004042434)
(6.921262712100408 4.055349088567691 0.831904737305169)
(7.312661863587591 4.312989056071387 0.5823657488169305)
(7.031413718660201 5.066018771063947 0.9275770957214607)
(7.369194482479935 4.38332851498672 0.8398646354081927)
(7.065509994127665 4.3656015815472 0.5217344516794908)
(7.067718535218361 4.361667595185317 0.8438198230762902)
(7.257021894810874 4.705807397429637 0.4199544881397756)
(7.383892715164978 4.759267748900703 0.6817377189563513)
(7.925738674821957 5.201371942670426 0.1657919874568764)
(7.969318753792265 4.916295669656873 0.3073443419645934)
(7.728289847333965 4.904832069977838 0.3956993308769388)
(8.035123113434674 4.372779850005619 0.6018038162603792)
(8.252293078820077 3.600449183395547 0.9650113190961901)
(8.36726067073959 3.584998147781739 1.527244845835481)
(7.838059706777559 4.01890900300438 2.847096073638601)
(7.84133632962629 5.087821429537891 0.356405565811961)
(7.394622967510309 6.07386447804684 0.9642404905993573)
(8.270447747481603 4.949304239895963 0.5608527390576189)
(8.243568232788588 5.34518599418324 0.2130213839393)
(8.117602303337954 5.17185877041208 0.3936938024238298)
(8.403845043591405 5.329691432421909 0.4014413402971663)
(8.335014600063747 5.212561219140218 0.6338420664665333)
(8.422143925940622 6.299650078508685 0.6040428005989082)
(8.531848861312534 5.895710537291741 0.9598323219568496)
(8.653677682843558 5.248956280456306 0.8150528631609466)
(9.157136407007465 5.137622075881636 0.6373812262747437)
(9.032365721310954 4.877429381789762 0.387141312057155)
(8.941444974474775 5.806916274964313 0.2024280070062183)
(9.032553673635768 5.644190715628696 0.455927989269025)
(9.066244080846159 4.876003722844052 0.6391112435814745)
(8.986390648886196 5.203684299243352 0.9097564224917676)
(9.453939196602967 4.936377778855637 0.3697600612164456)
(9.407501630789728 5.144520081527617 0.5915802958956078)
(9.555890595743966 5.881585850882777 0.1487774703963568)
(9.510792935554017 5.407596581351424 0.6769345533763598)
(10.21562948491269 4.77424611404248 0.6135845120032556)
(11.00008082219809 4.244463637716902 0.9254098920152101)
(11.81293195791181 3.992524921682449 1.50445107588547)
(11.93141392063989 3.262346575745156 1.896232941683105)
(10.71077291440104 4.439233601314945 1.293694022270474)
(10.2390557365138 4.747493380459049 0.9001698799683882)
(11.07235633744432 3.398576541271214 1.143676081912888)
(10.86632735111431 3.273050782664299 2.953824966085981)
(10.60962813387007 3.346555708076336 1.421399923834378)
(10.17411804134576 3.334636947983003 1.830231930041096)
(10.00796870165047 3.262259471289234 1.02325243071261)
(5.640613830048587 3.849959487096397 -0.3894089510510503)
(5.737446551694622 3.551272695866803 -0.4133072408668831)
(21.25420210878794 29.40494538409787 20.56919856467036)
(21.76408908778687 38.45651817822363 19.60138415507916)
(22.97058521207769 20.07772165353809 20.4611398510556)
)


// ************************************************************************* //
